code,date,open,high,low,close,change,volume,money,traded_market_value,market_value,turnover,adjust_price,report_type,report_date,PE_TTM,PS_TTM,PC_TTM,PB
sh600236,2000-03-23,17.0,18.8,16.88,18.25,1.847114,35841138.0,646633634.0,930750000.0,12325375350.0,0.702767411765,18.25,,,,,,
sh600236,2000-03-24,18.18,19.97,17.9,18.0,-0.013699,16427028.0,307672811.0,918000000.0,12156534590.0,0.322098588235,17.99999325,,,,,,
sh600236,2000-03-27,17.9,18.45,17.52,17.96,-0.002222,7141986.0,128124158.0,915960000.0,12129520070.0,0.140038941176,17.959997265,,,,,,
sh600236,2000-03-28,18.21,18.78,17.95,18.43,0.026169,5590867.0,102711883.0,939930000.0,12446940700.0,0.109624843137,18.4299924334,,,,,,
sh600236,2000-03-29,18.5,18.6,17.9,18.09,-0.018448,4492016.0,81229897.0,922590000.0,12217317270.0,0.088078745098,18.089995933,,,,,,
sh600236,2000-03-30,18.01,18.33,17.96,18.12,0.001658,2297496.0,41516467.0,924120000.0,12237578160.0,0.0450489411765,18.1199891463,,,,,,
sh600236,2000-03-31,18.15,18.89,18.12,18.18,0.003311,3559541.0,65810709.0,927180000.0,12278099940.0,0.0697949215686,18.1799844303,,,,,,
sh600236,2000-04-03,18.31,18.5,18.0,18.31,0.007151,2117081.0,38530696.0,933810000.0,12365897130.0,0.0415113921569,18.309989499,,,,,,
sh600236,2000-04-04,18.48,19.8,18.08,18.79,0.026215,7669817.0,145751296.0,958290000.0,12690071390.0,0.150388568627,18.7899858737,,,,,,
sh600236,2000-04-05,18.82,19.88,18.6,19.66,0.046301,7117616.0,137745573.0,1002660000.0,13277637230.0,0.139561098039,19.6599810097,,,,,,
sh600236,2000-04-06,19.6,19.9,19.36,19.6,-0.003052,3793194.0,74453206.0,999600000.0,13237115450.0,0.0743763529412,19.5999787476,,,,,,
sh600236,2000-04-07,19.63,19.79,19.01,19.18,-0.021429,3394462.0,65415480.0,978180000.0,12953462970.0,0.0665580784314,19.179970803,,,,,,
sh600236,2000-04-10,19.18,19.4,18.8,19.05,-0.006778,2021743.0,38347380.0,971550000.0,12865665780.0,0.0396420196078,19.0499689609,,,,,,
sh600236,2000-04-11,19.05,19.38,18.8,18.8,-0.013123,1996587.0,38007405.0,958800000.0,12696825020.0,0.0391487647059,18.7999762182,,,,,,
sh600236,2000-04-12,18.8,18.98,18.45,18.6,-0.010638,2215673.0,41350086.0,948600000.0,12561752410.0,0.0434445686275,18.5999820712,,,,,,
sh600236,2000-04-13,18.51,18.8,18.45,18.7,0.005376,1587925.0,29512442.0,953700000.0,12629288720.0,0.0311357843137,18.6999755749,,,,,,
sh600236,2000-04-14,18.6,18.97,18.35,18.44,-0.013904,1513449.0,28023845.0,940440000.0,12453694330.0,0.0296754705882,18.4399711145,,,,,,
sh600236,2000-04-17,18.4,18.44,18.0,18.25,-0.010304,1940681.0,35187775.0,930750000.0,12325375350.0,0.0380525686275,18.2499656521,,,,,,
sh600236,2000-04-18,18.25,18.45,18.0,18.35,0.005479,871793.0,15849684.0,935850000.0,12392911660.0,0.0170939803922,18.3499572139,,,,,,
sh600236,2000-04-19,18.35,18.69,18.3,18.35,0.0,717320.0,13236384.0,935850000.0,12392911660.0,0.0140650980392,18.3499572139,,,,,,
sh600236,2000-04-20,18.35,18.44,18.19,18.24,-0.005995,787880.0,14398967.0,930240000.0,12318621720.0,0.015448627451,18.2399492204,,,,,,
sh600236,2000-04-21,18.4,18.4,18.06,18.11,-0.007127,1160454.0,21020383.0,923610000.0,12230824530.0,0.022754,18.1099531023,,,,,,
sh600236,2000-04-24,18.09,18.2,17.8,17.97,-0.007731,1351357.0,24301187.0,916470000.0,12136273700.0,0.0264971960784,17.9699450549,,,,,,
sh600236,2000-04-25,17.9,18.3,17.68,18.11,0.007791,857805.0,15384122.0,923610000.0,12230824530.0,0.0168197058824,18.1099488968,,,,,,
sh600236,2000-04-26,18.11,18.47,18.0,18.3,0.010491,642085.0,11720804.0,933300000.0,12359143500.0,0.0125899019608,18.2999403707,,,,,,
sh600236,2000-04-27,18.3,18.3,17.8,17.85,-0.02459,761066.0,13690201.0,910350000.0,12055230140.0,0.0149228627451,17.849944837,,,,,,
sh600236,2000-04-28,17.85,18.2,17.7,17.99,0.007843,889745.0,15932184.0,917490000.0,12149780960.0,0.0174459803922,17.9899419543,,,,,,
sh600236,2000-05-08,18.0,18.19,17.8,17.88,-0.006115,586202.0,10489750.0,911880000.0,12075491030.0,0.0114941568627,17.8799334593,,,,,,
sh600236,2000-05-09,17.88,18.4,17.8,18.08,0.011186,741131.0,13416192.0,922080000.0,12210563640.0,0.0145319803922,18.0799383949,,,,,,
sh600236,2000-05-10,18.0,18.0,17.46,17.46,-0.034292,603600.0,10692039.0,890460000.0,11791838560.0,0.0118352941176,17.4599411475,,,,,,
sh600236,2000-05-11,17.41,17.5,16.99,17.0,-0.026346,807670.0,13838086.0,867000000.0,11481171560.0,0.0158366666667,16.999941538,,,,,,
sh600236,2000-05-12,17.0,17.2,16.9,17.1,0.005882,695760.0,11873138.0,872100000.0,11548707860.0,0.0136423529412,17.0999351942,,,,,,
sh600236,2000-05-15,17.06,17.1,16.35,16.38,-0.042105,864400.0,14326343.0,835380000.0,11062446480.0,0.0169490196078,16.3799424228,,,,,,
sh600236,2000-05-16,16.4,16.58,16.22,16.5,0.007326,507393.0,8332672.0,841500000.0,11143490040.0,0.00994888235294,16.499941881,,,,,,
sh600236,2000-05-17,16.56,17.3,16.45,16.8,0.018182,728390.0,12334412.0,856800000.0,11346098950.0,0.0142821568627,16.7999438243,,,,,,
sh600236,2000-05-18,16.81,17.1,16.68,16.96,0.009524,398530.0,6744315.0,864960000.0,11454157040.0,0.00781431372549,16.9599464893,,,,,,
sh600236,2000-05-19,16.99,17.3,16.91,16.98,0.001179,597158.0,10203214.0,865980000.0,11467664300.0,0.0117089803922,16.9799422662,,,,,,
sh600236,2000-05-22,17.05,17.49,16.95,17.35,0.02179,760837.0,13068528.0,884850000.0,11717548620.0,0.014918372549,17.3499352082,,,,,,
sh600236,2000-05-23,17.35,17.49,17.18,17.35,0.0,653247.0,11294369.0,884850000.0,11717548620.0,0.0128087647059,17.3499352082,,,,,,
sh600236,2000-05-24,17.48,17.48,17.15,17.23,-0.006916,904707.0,15601715.0,878730000.0,11636505060.0,0.0177393529412,17.2299430563,,,,,,
sh600236,2000-05-25,17.3,17.53,17.2,17.4,0.009867,711220.0,12348828.0,887400000.0,11751316770.0,0.0139454901961,17.3999509044,,,,,,
sh600236,2000-05-26,17.5,17.58,17.24,17.26,-0.008046,747713.0,12977636.0,880260000.0,11656765950.0,0.0146610392157,17.2599508994,,,,,,
sh600236,2000-05-29,17.26,17.4,17.09,17.25,-0.000579,892743.0,15358701.0,879750000.0,11650012320.0,0.0175047647059,17.2499573878,,,,,,
sh600236,2000-05-30,17.25,17.25,17.0,17.01,-0.013913,885656.0,15100115.0,867510000.0,11487925190.0,0.0173658039216,17.0099587307,,,,,,
sh600236,2000-05-31,17.01,17.45,16.86,17.19,0.010582,627752.0,10700331.0,876690000.0,11609490540.0,0.0123088627451,17.189958114,,,,,,
sh600236,2000-06-01,17.2,17.4,17.0,17.14,-0.002909,402100.0,6878080.0,874140000.0,11575722390.0,0.00788431372549,17.1399525258,,,,,,
sh600236,2000-06-02,17.1,17.2,16.9,17.05,-0.005251,712667.0,12130225.0,869550000.0,11514939710.0,0.0139738627451,17.0499506351,,,,,,
sh600236,2000-06-05,17.05,17.1,16.9,16.95,-0.005865,751586.0,12744206.0,864450000.0,11447403410.0,0.0147369803922,16.9499526747,,,,,,
sh600236,2000-06-06,17.0,17.87,16.95,17.7,0.044248,1212773.0,21109179.0,902700000.0,11953925680.0,0.0237798627451,17.6999541806,,,,,,
sh600236,2000-06-07,17.95,17.97,17.57,17.66,-0.00226,673274.0,11907394.0,900660000.0,11926911160.0,0.0132014509804,17.6599522842,,,,,,
sh600236,2000-06-08,17.65,17.65,17.35,17.4,-0.014723,418750.0,7292244.0,887400000.0,11751316770.0,0.00821078431373,17.3999448067,,,,,,
sh600236,2000-06-09,17.34,17.56,17.1,17.15,-0.014368,410100.0,7090529.0,874650000.0,11582476020.0,0.00804117647059,17.1499423997,,,,,,
sh600236,2000-06-12,17.2,17.39,17.1,17.3,0.008746,328267.0,5655170.0,882300000.0,11683780470.0,0.00643660784314,17.2999357959,,,,,,
sh600236,2000-06-13,17.35,17.7,17.35,17.58,0.016185,477796.0,8384144.0,896580000.0,11872882120.0,0.00936854901961,17.5799352568,,,,,,
sh600236,2000-06-14,17.6,17.7,17.35,17.35,-0.013083,425638.0,7441143.0,884850000.0,11717548620.0,0.00834584313725,17.3499369638,,,,,,
sh600236,2000-06-16,17.5,17.68,16.96,17.0,-0.020173,866399.0,14814109.0,867000000.0,11481171560.0,0.0169882156863,16.9999366854,,,,,,
sh600236,2000-06-19,17.0,17.15,16.9,16.92,-0.004706,725090.0,12336699.0,862920000.0,11427142520.0,0.0142174509804,16.9199349834,,,,,,
sh600236,2000-06-20,17.0,17.2,16.7,17.18,0.015366,637076.0,10708022.0,876180000.0,11602736910.0,0.0124916862745,17.1799267044,,,,,,
sh600236,2000-06-21,17.18,17.25,16.9,17.17,-0.000582,228054.0,3893709.0,875670000.0,11595983280.0,0.00447164705882,17.169927987,,,,,,
sh600236,2000-06-22,17.2,17.2,16.95,17.03,-0.008154,288342.0,4904977.0,868530000.0,11501432450.0,0.00565376470588,17.0299243942,,,,,,
sh600236,2000-06-23,17.03,17.15,16.96,17.08,0.002936,411797.0,7006427.0,871080000.0,11535200600.0,0.00807445098039,17.0799242522,,,,,,
sh600236,2000-06-26,17.13,17.4,16.9,17.33,0.014637,696615.0,11911914.0,883830000.0,11704041360.0,0.0136591176471,17.3299231035,,,,,,
sh600236,2000-06-27,17.33,17.58,17.17,17.41,0.004616,595415.0,10383408.0,887910000.0,11758070400.0,0.0116748039216,17.4099180286,,,,,,
sh600236,2000-06-28,17.4,17.54,17.3,17.51,0.005744,457417.0,7990762.0,893010000.0,11825606710.0,0.00896896078431,17.5099205977,,,,,,
sh600236,2000-06-29,17.53,17.8,17.3,17.65,0.007995,859306.0,15140730.0,900150000.0,11920157530.0,0.0168491372549,17.6499124129,,,,,,
sh600236,2000-06-30,17.65,19.35,17.38,17.51,-0.007932,807523.0,14347663.0,893010000.0,11825606710.0,0.0158337843137,17.5099133076,,,,,,
sh600236,2000-07-03,17.51,18.48,17.51,18.17,0.037693,2146979.0,39064231.0,926670000.0,12271346310.0,0.042097627451,18.1699144699,,,,,,
sh600236,2000-07-04,18.17,18.3,17.83,18.0,-0.009356,638610.0,11505122.0,918000000.0,12156534590.0,0.0125217647059,17.9999167502,,,,,,
sh600236,2000-07-05,18.1,18.3,18.0,18.08,0.004444,530543.0,9629353.0,922080000.0,12210563640.0,0.0104028039216,18.0799083802,,,,,,
sh600236,2000-07-06,18.08,18.2,17.93,18.0,-0.004425,502527.0,9059215.0,918000000.0,12156534590.0,0.00985347058824,17.9999047856,,,,,,
sh600236,2000-07-07,18.02,18.2,17.98,18.09,0.005,513684.0,9279292.0,922590000.0,12217317270.0,0.0100722352941,18.0899043095,,,,,,
sh600236,2000-07-10,18.11,18.49,18.11,18.45,0.0199,959222.0,17618482.0,940950000.0,12460447960.0,0.0188082745098,18.4498934053,,,,,,
sh600236,2000-07-11,18.5,18.53,18.22,18.38,-0.003794,560533.0,10282581.0,937380000.0,12413172550.0,0.0109908431373,18.3798945097,,,,,,
sh600236,2000-07-12,18.38,18.48,18.06,18.11,-0.01469,685649.0,12472586.0,923610000.0,12230824530.0,0.0134440980392,18.1098938594,,,,,,
sh600236,2000-07-13,18.1,18.26,17.8,18.22,0.006074,847438.0,15287694.0,929220000.0,12305114460.0,0.0166164313725,18.2198933547,,,,,,
sh600236,2000-07-14,18.25,18.25,18.01,18.02,-0.010977,489440.0,8848425.0,919020000.0,12170041850.0,0.0095968627451,18.0198935853,,,,,,
sh600236,2000-07-17,18.08,18.15,17.83,17.85,-0.009434,538800.0,9648106.0,910350000.0,12055230140.0,0.0105647058824,17.8498939092,,,,,,
sh600236,2000-07-18,17.84,18.05,17.7,18.0,0.008403,299074.0,5351625.0,918000000.0,12156534590.0,0.00586419607843,17.9998865678,,,,,,
sh600236,2000-07-19,18.0,18.09,17.8,17.86,-0.007778,289850.0,5180517.0,910860000.0,12061983770.0,0.00568333333333,17.85988345,,,,,,
sh600236,2000-07-20,17.86,17.87,17.6,17.6,-0.014558,474480.0,8389579.0,897600000.0,11886389380.0,0.00930352941176,17.5998792668,,,,,,
sh600236,2000-07-21,17.61,18.0,17.61,17.75,0.008523,279700.0,4980788.0,905250000.0,11987693840.0,0.00548431372549,17.7498830378,,,,,,
sh600236,2000-07-24,17.85,17.99,17.75,17.94,0.010704,360985.0,6461814.0,914940000.0,12116012810.0,0.0070781372549,17.9398777858,,,,,,
sh600236,2000-07-25,17.94,17.98,17.8,17.9,-0.00223,311265.0,5567588.0,912900000.0,12088998290.0,0.00610323529412,17.8998718583,,,,,,
sh600236,2000-07-26,17.9,18.18,17.85,18.1,0.011173,397196.0,7150788.0,923100000.0,12224070900.0,0.00778815686275,18.0998671266,,,,,,
sh600236,2000-07-27,18.18,18.25,17.9,17.98,-0.00663,347410.0,6248217.0,916980000.0,12143027330.0,0.00681196078431,17.9798650075,,,,,,
sh600236,2000-07-28,18.0,18.05,17.7,17.78,-0.011123,345110.0,6157621.0,906780000.0,12007954730.0,0.0067668627451,17.7798749691,,,,,,
sh600236,2000-07-31,17.71,17.73,17.48,17.52,-0.014623,515686.0,9045203.0,893520000.0,11832360340.0,0.0101114901961,17.5198798574,,,,,,
sh600236,2000-08-01,17.99,18.01,17.8,17.86,0.019406,190740.0,3411656.0,910860000.0,12061983770.0,0.00374,17.8598706459,2000-06-30,2000-08-01,82.5968524402,33.9116928884,580.548693278,4.84170787043
sh600236,2000-08-02,17.91,17.99,17.65,17.7,-0.008959,284200.0,5043604.0,902700000.0,11953925680.0,0.00557254901961,17.6998640648,2000-06-30,2000-08-01,81.8568672392,33.6078780318,575.347557535,4.79833100962
sh600236,2000-08-03,17.7,17.7,17.49,17.56,-0.00791,447892.0,7866937.0,895560000.0,11859374860.0,0.00878219607843,17.55985814,2000-06-30,2000-08-01,81.2093794193,33.3420397166,570.796558355,4.76037621133
sh600236,2000-08-04,17.52,17.82,17.5,17.6,0.002278,267353.0,4705247.0,897600000.0,11886389380.0,0.00524221568627,17.5998594969,2000-06-30,2000-08-01,81.3943743857,33.4179928831,572.096832915,4.77122034834
sh600236,2000-08-07,17.66,17.78,17.6,17.71,0.00625,345822.0,6118831.0,903210000.0,11960679310.0,0.00678082352941,17.7098586187,2000-06-30,2000-08-01,81.9030892256,33.6268553386,575.67243812,4.80104047552
sh600236,2000-08-08,17.74,17.98,17.72,17.9,0.010728,333655.0,5952521.0,912900000.0,12088998290.0,0.00654225490196,17.899849982,2000-06-30,2000-08-01,82.7817455668,33.9876042427,581.848252036,4.85254603774
sh600236,2000-08-09,17.7,17.8,17.2,17.53,-0.00352,530680.0,9316917.0,894030000.0,11839113970.0,0.0104054901961,17.8368425101,2000-06-30,2000-08-01,82.4903538224,33.8679678757,579.800146189,4.83546507569
sh600236,2000-08-10,17.58,17.64,17.3,17.39,-0.007986,840737.0,14609703.0,886890000.0,11744563140.0,0.0164850392157,17.6943974858,2000-06-30,2000-08-01,81.8315858568,33.5974982843,575.169862222,4.7968490516
sh600236,2000-08-11,17.36,17.66,17.35,17.49,0.00575,418044.0,7312835.0,891990000.0,11812099450.0,0.00819694117647,17.7961402713,2000-06-30,2000-08-01,82.3021174754,33.7906838994,578.47708893,4.82443093364
sh600236,2000-08-14,17.5,17.5,17.0,17.4,-0.005146,584830.0,10086122.0,887400000.0,11751316770.0,0.011467254902,17.7045613335,2000-06-30,2000-08-01,81.8785907789,33.6167970401,575.50024583,4.79960441206
sh600236,2000-08-15,17.8,17.8,17.2,17.52,0.006897,287100.0,5015403.0,893520000.0,11832360340.0,0.00562941176471,17.826669693,2000-06-30,2000-08-01,82.4433074195,33.8486520892,579.469471025,4.83270728369
sh600236,2000-08-16,17.5,17.5,17.29,17.35,-0.009703,378646.0,6567466.0,884850000.0,11717548620.0,0.00742443137255,17.653697517,2000-06-30,2000-08-01,81.6433600076,33.520218618,573.846878748,4.78581552491
sh600236,2000-08-17,17.35,17.5,17.2,17.3,-0.002882,521414.0,9020314.0,882300000.0,11683780470.0,0.0102238039216,17.6028195607,2000-06-30,2000-08-01,81.4080638441,33.423613348,572.193052044,4.77202280457
sh600236,2000-08-18,17.31,17.39,17.2,17.29,-0.000578,548937.0,9478911.0,881790000.0,11677026840.0,0.0107634705882,17.592645131,2000-06-30,2000-08-01,81.3610099832,33.4042944995,571.862324459,4.76926457539
sh600236,2000-08-21,17.25,17.45,17.15,17.36,0.004049,380338.0,6577296.0,885360000.0,11724302250.0,0.00745760784314,17.6638777512,2000-06-30,2000-08-01,81.6904407126,33.5395484879,574.177795011,4.78857532766
sh600236,2000-08-22,17.36,17.87,17.36,17.55,0.010945,745255.0,13229859.0,895050000.0,11852621230.0,0.0146128431373,17.8572088931,2000-06-30,2000-08-01,82.5845425862,33.9066388461,580.462170978,4.84098628462
sh600236,2000-08-23,17.53,17.7,17.0,17.45,-0.005698,628110.0,10892493.0,889950000.0,11785084930.0,0.0123158823529,17.7554585169,2000-06-30,2000-08-01,82.1139758625,33.7134388179,577.154697527,4.81340234477
sh600236,2000-08-24,17.55,18.48,17.5,18.19,0.042407,2579292.0,46757791.0,927690000.0,12284853570.0,0.0505743529412,18.5084142462,2000-06-30,2000-08-01,85.5961832369,35.1431246179,601.630096785,5.017524298
sh600236,2000-08-25,18.28,18.33,18.05,18.29,0.005498,1238111.0,22532790.0,932790000.0,12352389870.0,0.0242766862745,18.6101735077,2000-06-30,2000-08-01,86.0667910524,35.336341517,604.937859058,5.04511064659
sh600236,2000-08-28,18.36,18.45,18.25,18.3,0.000547,987360.0,18106912.0,933300000.0,12359143500.0,0.01936,18.6203532726,2000-06-30,2000-08-01,86.1138695871,35.3556704958,605.268760066,5.04787032212
sh600236,2000-08-29,18.35,18.45,18.12,18.14,-0.008743,626986.0,11455167.0,925140000.0,12251085420.0,0.0122938431373,18.457555524,2000-06-30,2000-08-01,85.3609760253,35.0465558687,599.976895297,5.00373679189
sh600236,2000-08-30,18.14,18.25,17.89,17.93,-0.011577,562190.0,10114816.0,914430000.0,12109259180.0,0.0110233333333,18.2438724037,2000-06-30,2000-08-01,84.3727520058,34.6408218914,593.03096278,4.94580853105
sh600236,2000-08-31,17.85,17.85,17.5,17.52,-0.022867,505460.0,8912822.0,893520000.0,11832360340.0,0.00991098039216,17.8266897734,2000-06-30,2000-08-01,82.4434002857,33.8486902172,579.470123754,4.83271272737
sh600236,2000-09-01,17.46,17.57,17.38,17.48,-0.002283,292950.0,5121637.0,891480000.0,11805345820.0,0.00574411764706,17.7859914407,2000-06-30,2000-08-01,82.2551820029,33.7714136575,578.147193462,4.82167964421
sh600236,2000-09-04,17.4,17.56,17.3,17.48,0.0,236005.0,4105372.0,891480000.0,11805345820.0,0.00462754901961,17.7859914407,2000-06-30,2000-08-01,82.2551820029,33.7714136575,578.147193462,4.82167964421
sh600236,2000-09-05,17.5,17.68,17.4,17.49,0.000572,299210.0,5236437.0,891990000.0,11812099450.0,0.0058668627451,17.7961650278,2000-06-30,2000-08-01,82.302231967,33.7907309061,578.477893657,4.82443764497
sh600236,2000-09-06,17.4,17.5,17.28,17.34,-0.008576,223569.0,3888280.0,884340000.0,11710794990.0,0.00438370588235,17.6435451165,2000-06-30,2000-08-01,81.5964080256,33.5009415978,573.516867241,4.78306326773
sh600236,2000-09-07,17.4,17.6,17.25,17.3,-0.002307,219074.0,3804192.0,882300000.0,11683780470.0,0.00429556862745,17.6028414579,2000-06-30,2000-08-01,81.4081651123,33.4236549256,572.193763828,4.77202874077
sh600236,2000-09-08,17.35,17.45,17.33,17.39,0.005202,148130.0,2573275.0,886890000.0,11744563140.0,0.00290450980392,17.6944114392,2000-06-30,2000-08-01,81.8316503872,33.5975247785,575.170315787,4.79685283428
sh600236,2000-09-11,17.45,17.5,17.3,17.4,0.000575,152708.0,2654976.0,887400000.0,11751316770.0,0.0029942745098,17.7045857257,2000-06-30,2000-08-01,81.8787035862,33.6168433552,575.501038719,4.79961102466
sh600236,2000-09-12,17.5,17.5,17.35,17.36,-0.002299,124180.0,2157478.0,885360000.0,11724302250.0,0.00243490196078,17.6638828832,2000-06-30,2000-08-01,81.6904644467,33.5395582323,574.177961831,4.78857671891
sh600236,2000-09-13,17.36,17.5,17.33,17.4,0.002304,228960.0,3985675.0,887400000.0,11751316770.0,0.00448941176471,17.7045804693,2000-06-30,2000-08-01,81.8786792767,33.6168333745,575.500867855,4.79960959967
sh600236,2000-09-14,17.4,17.81,17.4,17.64,0.013793,291170.0,5136049.0,899640000.0,11913403900.0,0.00570921568627,17.9487797477,2000-06-30,2000-08-01,83.0080319,34.0805103572,583.438751325,4.86581061488
sh600236,2000-09-15,17.64,17.7,17.38,17.49,-0.008503,180700.0,3167315.0,891990000.0,11812099450.0,0.0035431372549,17.7961612735,2000-06-30,2000-08-01,82.3022146048,33.7907237777,578.477771623,4.82443662722
sh600236,2000-09-18,17.47,17.65,17.17,17.17,-0.018296,192900.0,3348212.0,875670000.0,11595983280.0,0.00378235294118,17.4705627069,2000-06-30,2000-08-01,80.7964132863,33.1724886954,567.893942313,4.73616873469
sh600236,2000-09-19,17.05,17.25,16.79,16.83,-0.019802,288470.0,4897984.0,858330000.0,11366359850.0,0.0056562745098,17.1246106242,2000-06-30,2000-08-01,79.1964827105,32.5156070743,556.648506467,4.64238312141
sh600236,2000-09-20,16.83,16.93,16.67,16.85,0.001188,206209.0,3461865.0,859350000.0,11379867110.0,0.00404331372549,17.1449546616,2000-06-30,2000-08-01,79.2905681319,32.5542356155,557.309804893,4.64789827255
sh600236,2000-09-21,17.0,17.0,16.73,16.75,-0.005935,176595.0,2963021.0,854250000.0,11312330800.0,0.00346264705882,17.0431993557,2000-06-30,2000-08-01,78.81997861,32.3610262271,554.002171201,4.62031299631
sh600236,2000-09-22,16.72,16.75,16.49,16.49,-0.015522,293100.0,4846430.0,840990000.0,11136736410.0,0.00574705882353,16.7786548153,2000-06-30,2000-08-01,77.5965349021,31.858718378,545.4029495,4.54859649798
sh600236,2000-09-25,16.46,16.48,15.49,15.53,-0.058217,1459650.0,23046562.0,962860000.0,10488387900.0,0.0235427419355,15.8018518679,2000-06-30,2000-08-01,73.0790974297,30.0039993702,513.651225989,4.28379085566
sh600236,2000-09-26,15.5,15.7,14.96,15.15,-0.024469,1549818.0,23465662.0,939300000.0,10231749950.0,0.0249970645161,15.4151963545,2000-06-30,2000-08-01,71.2909249947,29.2698315096,501.08269414,4.17897077721
sh600236,2000-09-27,15.26,15.8,14.99,15.73,0.038284,2207485.0,33553254.0,975260000.0,10623460510.0,0.0356045967742,16.0053517318,2000-06-30,2000-08-01,74.0202267672,30.3903977391,520.266144002,4.33895849444
sh600236,2000-09-28,15.68,15.68,15.2,15.25,-0.030515,976400.0,15020468.0,945500000.0,10299286250.0,0.0157483870968,15.5169484237,2000-06-30,2000-08-01,71.7614995474,29.4630347521,504.390222618,4.20655517599
sh600236,2000-09-29,15.24,15.54,15.2,15.43,0.011803,310000.0,4785588.0,956660000.0,10420851600.0,0.005,15.7000949659,2000-06-30,2000-08-01,72.6085005265,29.8107869513,510.343540416,4.25620514673
sh600236,2000-10-09,15.5,15.5,15.0,15.25,-0.011666,863544.0,13071431.0,945500000.0,10299286250.0,0.0139281290323,15.516937658,2000-06-30,2000-08-01,71.7614497594,29.4630143107,504.389872673,4.20655225749
sh600236,2000-10-10,15.31,15.45,15.2,15.4,0.009836,603314.0,9259970.0,954800000.0,10400590710.0,0.00973087096774,15.6695622568,2000-06-30,2000-08-01,72.4672953792,29.7528125195,509.351051461,4.24792790549
sh600236,2000-10-11,15.42,15.69,15.35,15.58,0.011688,1302648.0,20182147.0,965960000.0,10522156050.0,0.0210104516129,15.8527081005,2000-06-30,2000-08-01,73.3142931276,30.1005633922,515.30434655,4.29757768685
sh600236,2000-10-12,15.6,15.65,15.3,15.34,-0.015404,864590.0,13325202.0,951080000.0,10360068930.0,0.013945,15.6085129849,2000-06-30,2000-08-01,72.1849597563,29.6368943137,507.366598396,4.23137780016
sh600236,2000-10-13,15.38,15.55,15.3,15.4,0.003911,493800.0,7604230.0,954800000.0,10400590710.0,0.00796451612903,15.6695578792,2000-06-30,2000-08-01,72.4672751339,29.7528042074,509.350909162,4.24792671874
sh600236,2000-10-16,15.4,15.68,15.32,15.59,0.012338,531577.0,8280467.0,966580000.0,10528909680.0,0.00857382258065,15.8628888843,2000-06-30,2000-08-01,73.3613763745,30.1198943057,515.63528068,4.30033763859
sh600236,2000-10-17,15.59,15.99,15.58,15.89,0.019243,872447.0,13811857.0,985180000.0,10731518590.0,0.0140717258065,16.1681384551,2000-06-30,2000-08-01,74.77306934,30.6994914318,525.557650386,4.38308903577
sh600236,2000-10-18,15.9,15.99,15.63,15.92,0.001888,609648.0,9669683.0,987040000.0,10751779490.0,0.00983303225806,16.1986639005,2000-06-30,2000-08-01,74.914240895,30.7574520716,526.54990323,4.39136430787
sh600236,2000-10-19,15.95,15.99,15.65,15.66,-0.016332,450700.0,7112050.0,970920000.0,10576185100.0,0.00726935483871,15.9341073217,2000-06-30,2000-08-01,73.6907415127,30.2551213644,517.95029021,4.319644546
sh600236,2000-10-20,15.6,15.84,15.44,15.79,0.008301,542702.0,8475090.0,978980000.0,10663982290.0,0.00875325806452,16.0663763466,2000-06-30,2000-08-01,74.302448358,30.5062691269,522.249795569,4.35550191537
sh600236,2000-10-23,15.8,16.21,15.8,16.09,0.018999,759435.0,12202478.0,997580000.0,10866591200.0,0.0122489516129,16.3716214308,2000-06-30,2000-08-01,75.7141205743,31.085857734,532.172019435,4.43825209626
sh600236,2000-10-24,16.1,16.2,15.79,15.9,-0.011809,593490.0,9471146.0,985800000.0,10738272220.0,0.00957241935484,16.1782889533,2000-06-30,2000-08-01,74.8200125245,30.71876484,525.887600058,4.38584077726
sh600236,2000-10-25,15.96,16.57,15.89,16.4,0.031447,1215878.0,19872092.0,1016800000.0,11075953740.0,0.0196109354839,16.687047606,2000-06-30,2000-08-01,77.1728774583,31.6847778379,542.425187417,4.52376231218
sh600236,2000-10-26,16.45,16.48,16.3,16.38,-0.00122,463962.0,7587618.0,1015560000.0,11062446480.0,0.00748325806452,16.6666894079,2000-06-30,2000-08-01,77.0787265478,31.646122409,541.763428688,4.51824332216
sh600236,2000-10-27,16.39,16.45,16.16,16.22,-0.009768,366300.0,5946853.0,1005640000.0,10954388400.0,0.00590806451613,16.5038891858,2000-06-30,2000-08-01,76.3258215469,31.3370030853,536.471483517,4.47410912139
sh600236,2000-10-30,16.19,16.39,15.95,16.33,0.006782,461191.0,7442646.0,1012460000.0,11028678330.0,0.00743856451613,16.6158185623,2000-06-30,2000-08-01,76.8434632686,31.5495306402,540.109833118,4.50445252945
sh600236,2000-10-31,16.33,16.5,16.02,16.08,-0.015309,317400.0,5140838.0,996960000.0,10859837570.0,0.00511935483871,16.3614469959,2000-06-30,2000-08-01,75.6670666894,31.0665388756,531.841291683,4.43549386568
sh600236,2000-11-01,16.08,16.12,15.96,16.05,-0.001866,326330.0,5225013.0,995100000.0,10839576680.0,0.00526338709677,16.3309165358,2000-06-30,2000-08-01,75.525871943,31.0085687141,530.848875832,4.42721723412
sh600236,2000-11-02,16.19,16.31,16.1,16.12,0.004361,248950.0,4024534.0,999440000.0,10886852090.0,0.00401532258065,16.4021356628,2000-06-30,2000-08-01,75.8552402705,31.1437970823,533.16390778,4.44652432848
sh600236,2000-11-03,16.13,16.15,15.91,15.93,-0.011787,319300.0,5104729.0,987660000.0,10758533120.0,0.00515,16.2088036898,2000-06-30,2000-08-01,74.9611345535,30.7767051461,526.879504799,4.39411314622
sh600236,2000-11-06,16.16,16.8,16.16,16.6,0.042059,970253.0,16108929.0,1029200000.0,11211026350.0,0.0156492419355,16.8905297641,2000-06-30,2000-08-01,78.1139249117,32.0711425878,549.039529891,4.57892515104
sh600236,2000-11-07,16.7,16.75,16.5,16.56,-0.00241,425250.0,7055194.0,1026720000.0,11184011830.0,0.00685887096774,16.8498235874,2000-06-30,2000-08-01,77.9256703526,31.9938511342,547.716344624,4.56788994142
sh600236,2000-11-08,16.6,16.7,16.51,16.65,0.005435,340070.0,5656718.0,1032300000.0,11244794500.0,0.005485,16.9414023786,2000-06-30,2000-08-01,78.349196371,32.1677377151,550.693182957,4.59271642326
sh600236,2000-11-09,16.65,16.75,16.6,16.71,0.003604,569455.0,9485493.0,1036020000.0,11285316280.0,0.00918475806452,17.0024591928,2000-06-30,2000-08-01,78.6315668747,32.2836702418,552.677881189,4.60926857325
sh600236,2000-11-10,16.8,16.8,16.61,16.7,-0.000598,582245.0,9723113.0,1035400000.0,11278562650.0,0.0093910483871,16.9922917222,2000-06-30,2000-08-01,78.5845451977,32.264364607,552.347379816,4.60651223064
sh600236,2000-11-13,16.7,16.98,16.65,16.8,0.005988,752261.0,12643762.0,1041600000.0,11346098950.0,0.0121332419355,17.094041565,2000-06-30,2000-08-01,79.0551094544,32.4575636223,555.654835926,4.63409602588
sh600236,2000-11-14,16.8,17.18,16.71,17.05,0.014881,747965.0,12707760.0,1057100000.0,11514939710.0,0.0120639516129,17.3484179976,2000-06-30,2000-08-01,80.2315285382,32.9405646265,563.923535539,4.70305600884
sh600236,2000-11-15,17.1,17.11,16.6,16.66,-0.022874,1032956.0,17403212.0,1032920000.0,11251548130.0,0.0166605806452,16.9515902843,2000-06-30,2000-08-01,78.3963125544,32.1870821513,551.024348587,4.59547830569
sh600236,2000-11-16,16.66,16.95,16.6,16.6,-0.003601,698000.0,11678469.0,1029200000.0,11211026350.0,0.0112580645161,16.8905476077,2000-06-30,2000-08-01,78.1140074329,32.0711764684,549.040109908,4.57892998831
sh600236,2000-11-17,16.72,16.8,16.5,16.7,0.006024,589296.0,9794377.0,1035400000.0,11278562650.0,0.00950477419355,16.9922962665,2000-06-30,2000-08-01,78.5845662136,32.2643732355,552.34752753,4.60651346256
sh600236,2000-11-20,16.63,16.7,16.43,16.65,-0.002994,469509.0,7759689.0,1032300000.0,11244794500.0,0.00757272580645,16.9414213314,2000-06-30,2000-08-01,78.3492840224,32.167773702,550.693799033,4.59272156125
sh600236,2000-11-21,16.65,16.8,16.5,16.56,-0.005405,484032.0,8009197.0,1026720000.0,11184011830.0,0.00780696774194,16.8498529491,2000-06-30,2000-08-01,77.9258061423,31.9939068851,547.717299049,4.56789790122
sh600236,2000-11-22,16.5,16.77,16.46,16.75,0.011473,405209.0,6702581.0,1038500000.0,11312330800.0,0.00653562903226,17.043171312,2000-06-30,2000-08-01,78.8198489161,32.3609729788,554.001259621,4.62030539384
sh600236,2000-11-23,16.75,17.05,16.75,16.84,0.005373,568935.0,9611491.0,1044080000.0,11373113480.0,0.00917637096774,17.1347442715,2000-06-30,2000-08-01,79.2433479643,32.5348484867,556.977908389,4.64513029472
sh600236,2000-11-24,16.95,17.0,16.3,16.39,-0.026722,601900.0,10011601.0,1016180000.0,11069200110.0,0.00970806451613,16.6768696351,2000-06-30,2000-08-01,77.12580722,31.6654522654,542.094344721,4.52100312298
sh600236,2000-11-27,16.3,16.37,16.1,16.22,-0.010372,427200.0,6947493.0,1005640000.0,10954388400.0,0.00689032258065,16.5038971432,2000-06-30,2000-08-01,76.3258583476,31.3370181945,536.471742178,4.47411127859
sh600236,2000-11-28,16.32,16.68,16.32,16.6,0.023428,266745.0,4408056.0,1029200000.0,11211026350.0,0.00430233870968,16.8905504455,2000-06-30,2000-08-01,78.1140205569,32.0711818568,549.040202153,4.57893075763
sh600236,2000-11-29,16.71,16.72,16.38,16.44,-0.009639,361533.0,5983850.0,1019280000.0,11102968260.0,0.00583117741935,16.7277424297,2000-06-30,2000-08-01,77.3610795128,31.7620477348,543.748003645,4.53479444405
sh600236,2000-11-30,16.44,16.5,16.25,16.5,0.00365,305801.0,4994399.0,1023000000.0,11143490040.0,0.00493227419355,16.7887986896,2000-06-30,2000-08-01,77.643447453,31.8779792091,545.732683858,4.55134644377
sh600236,2000-12-01,16.5,16.6,16.35,16.46,-0.002424,232300.0,3812950.0,1020520000.0,11116475520.0,0.00374677419355,16.7481026416,2000-06-30,2000-08-01,77.4552397364,31.8007069875,544.409827832,4.54031397999
sh600236,2000-12-04,16.42,16.65,16.35,16.63,0.010328,349481.0,5777084.0,1031060000.0,11231287240.0,0.00563679032258,16.9210770457,2000-06-30,2000-08-01,78.2551974524,32.1291446892,550.032492534,4.58720634278
sh600236,2000-12-05,16.75,16.85,16.63,16.73,0.006013,356320.0,5959553.0,1037260000.0,11298823540.0,0.00574709677419,17.0228234819,2000-06-30,2000-08-01,78.7257459547,32.3223372363,553.339837912,4.61478921452
sh600236,2000-12-06,16.71,16.73,16.4,16.41,-0.019127,321600.0,5346061.0,1017420000.0,11082707370.0,0.00518709677419,16.6972279372,2000-06-30,2000-08-01,77.2199586118,31.7041078919,542.756106832,4.52652214121
sh600236,2000-12-07,16.32,16.39,16.15,16.28,-0.007922,487534.0,7911178.0,1009360000.0,10994910180.0,0.0078634516129,16.5649524975,2000-06-30,2000-08-01,76.6082220997,31.4529479492,538.456392954,4.49066303281
sh600236,2000-12-08,16.2,16.28,16.12,16.18,-0.006143,409869.0,6628208.0,1003160000.0,10927373870.0,0.00661079032258,16.4631939943,2000-06-30,2000-08-01,76.1376177913,31.25973249,535.148655332,4.4630768898
sh600236,2000-12-11,16.16,16.25,16.0,16.2,0.001236,344032.0,5530028.0,1004400000.0,10940881130.0,0.00554890322581,16.4835425021,2000-06-30,2000-08-01,76.2317238869,31.2983695193,535.81009907,4.46859325283
sh600236,2000-12-12,16.28,16.48,16.18,16.42,0.01358,170810.0,2784713.0,1018040000.0,11089461000.0,0.002755,16.7073890092,2000-06-30,2000-08-01,77.2669506973,31.7234013774,543.086400215,4.52927674921
sh600236,2000-12-13,16.1,16.48,16.1,16.28,-0.008526,148900.0,2431092.0,1009360000.0,10994910180.0,0.00240161290323,16.5649418105,2000-06-30,2000-08-01,76.6081726756,31.4529276573,538.456045567,4.49066013564
sh600236,2000-12-14,16.26,16.75,16.25,16.6,0.019656,485441.0,8076702.0,1029200000.0,11211026350.0,0.00782969354839,16.8905423068,2000-06-30,2000-08-01,78.1139829177,32.0711664033,549.039937599,4.57892855127
sh600236,2000-12-15,16.69,16.7,16.46,16.51,-0.005422,220280.0,3649599.0,1023620000.0,11150243670.0,0.00355290322581,16.7989617864,2000-06-30,2000-08-01,77.6904489024,31.897276539,546.063043057,4.55410160067
sh600236,2000-12-19,16.6,16.85,16.52,16.67,0.009691,197595.0,3303360.0,1033540000.0,11258301760.0,0.00318701612903,16.9617605251,2000-06-30,2000-08-01,78.4433470427,32.206393046,551.354940007,4.59823539928
sh600236,2000-12-20,16.72,16.79,16.6,16.7,0.0018,363100.0,6067026.0,1035400000.0,11278562650.0,0.0058564516129,16.992291694,2000-06-30,2000-08-01,78.5845450673,32.2643645535,552.347378899,4.606512223
sh600236,2000-12-21,16.8,16.95,16.66,16.86,0.009581,495134.0,8318794.0,1045320000.0,11386620740.0,0.00798603225806,17.1550948407,2000-06-30,2000-08-01,79.3374635936,32.5734894303,557.639419137,4.65064721661
sh600236,2000-12-22,16.86,17.0,16.78,17.0,0.008304,546412.0,9209126.0,1054000000.0,11481171560.0,0.00881309677419,17.2975507483,2000-06-30,2000-08-01,79.9962818913,32.8439796865,562.270056873,4.68926619109
sh600236,2000-12-25,17.0,17.06,16.64,16.75,-0.014706,361769.0,6098991.0,1038500000.0,11312330800.0,0.00583498387097,17.043172967,2000-06-30,2000-08-01,78.8198565698,32.3609761212,554.001313417,4.62030584249
sh600236,2000-12-26,16.85,16.9,16.7,16.81,0.003582,223995.0,3763177.0,1042220000.0,11352852580.0,0.00361282258065,17.1042216125,2000-06-30,2000-08-01,79.1021892961,32.4768931377,555.985746121,4.63685577801
sh600236,2000-12-27,16.85,16.86,16.0,16.58,-0.013682,449050.0,7463383.0,1027960000.0,11197519090.0,0.00724274193548,16.8702016524,2000-06-30,2000-08-01,78.0199131421,32.0325442858,548.378749143,4.57341431726
sh600236,2000-12-28,16.55,16.64,16.48,16.58,0.0,340071.0,5622663.0,1027960000.0,11197519090.0,0.00548501612903,16.8702016524,2000-06-30,2000-08-01,78.0199131421,32.0325442858,548.378749143,4.57341431726
sh600236,2000-12-29,16.6,16.72,16.58,16.68,0.006031,281551.0,4686394.0,1034160000.0,11265055390.0,0.00454114516129,16.9719458386,2000-06-30,2000-08-01,78.4904512383,32.2257325604,551.686021379,4.60099657901
sh600236,2001-01-02,16.72,17.05,16.72,16.99,0.018585,569427.0,9653604.0,1053380000.0,11474417930.0,0.00918430645161,17.287369452,2000-06-30,2000-08-01,79.9491962745,32.8246478,561.939106086,4.68650610043
sh600236,2001-01-03,17.08,17.44,16.99,17.43,0.025898,1081637.0,18686217.0,1080660000.0,11771577670.0,0.0174457580645,17.7350777461,2000-06-30,2000-08-01,82.0197205596,33.6747405287,576.492205056,4.80787723542
sh600236,2001-01-04,17.45,17.5,17.27,17.39,-0.002295,629034.0,10918468.0,1078180000.0,11744563140.0,0.0101457096774,17.6943757427,2000-06-30,2000-08-01,81.831485301,33.5974569992,575.169155445,4.79684315716
sh600236,2001-01-05,17.38,17.39,17.25,17.39,0.0,519473.0,8989627.0,1078180000.0,11744563140.0,0.00837859677419,17.6943757427,2000-06-30,2000-08-01,81.831485301,33.5974569992,575.169155445,4.79684315716
sh600236,2001-01-08,17.35,17.55,17.25,17.38,-0.000575,669402.0,11674049.0,1077560000.0,11737809510.0,0.0107968064516,17.6842014766,2000-06-30,2000-08-01,81.7844321969,33.5781384614,574.838433181,4.79408497234
sh600236,2001-01-09,17.37,17.5,17.1,17.25,-0.00748,391278.0,6767022.0,1069500000.0,11650012320.0,0.00631093548387,17.5519236496,2000-06-30,2000-08-01,81.1726846441,33.3269739857,570.538641701,4.75822521675
sh600236,2001-01-10,17.25,17.4,17.15,17.35,0.005797,424492.0,7322872.0,1075700000.0,11717548620.0,0.00684664516129,17.653672151,2000-06-30,2000-08-01,81.643242697,33.5201704539,573.846054206,4.78580864833
sh600236,2001-01-11,17.36,17.71,17.36,17.5,0.008646,532374.0,9363242.0,1085000000.0,11818853080.0,0.00858667741935,17.8063058004,2000-06-30,2000-08-01,82.3491301733,33.8099858477,578.807527191,4.82718674991
sh600236,2001-01-12,17.58,17.65,17.25,17.35,-0.008571,273555.0,4755012.0,1075700000.0,11717548620.0,0.00441217741935,17.6536879534,2000-06-30,2000-08-01,81.6433157786,33.520200459,573.846567876,4.78581293227
sh600236,2001-01-15,17.2,17.2,16.8,16.83,-0.029971,434495.0,7375743.0,1043460000.0,11366359850.0,0.00700798387097,17.1245892717,2000-06-30,2000-08-01,79.1963839614,32.515566531,556.64781239,4.64237733288
sh600236,2001-01-16,16.75,16.83,16.5,16.69,-0.008318,532740.0,8896731.0,1034780000.0,11271809020.0,0.00859258064516,16.9821469381,2000-06-30,2000-08-01,78.5376284396,32.2451020486,552.017615886,4.60376203823
sh600236,2001-01-17,16.69,16.88,16.6,16.76,0.004194,227481.0,3819159.0,1039120000.0,11319084430.0,0.0036690483871,17.0533700624,2000-06-30,2000-08-01,78.8670152533,32.3803380066,554.332777767,4.62307021621
sh600236,2001-01-18,16.99,16.99,16.72,16.85,0.00537,327435.0,5514793.0,1044700000.0,11379867110.0,0.00528120967742,17.1449466596,2000-06-30,2000-08-01,79.2905311252,32.5542204217,557.309544784,4.64789610327
sh600236,2001-01-19,16.9,17.06,16.9,16.94,0.005341,251600.0,4268500.0,1050280000.0,11440649780.0,0.00405806451613,17.2365178197,2000-06-30,2000-08-01,79.7140218519,32.728092513,560.286135063,4.67272051636
sh600236,2001-02-05,16.94,16.94,16.31,16.49,-0.026564,228300.0,3801053.0,1022380000.0,11136736410.0,0.00368225806452,16.7786469604,2000-06-30,2000-08-01,77.5964985755,31.8587034635,545.402694171,4.54859436857
sh600236,2001-02-06,16.26,16.41,16.1,16.34,-0.009096,251025.0,4082254.0,1013080000.0,11035431960.0,0.00404879032258,16.6260283876,2000-06-30,2000-08-01,76.8906808244,31.5689166968,540.441711265,4.50722035419
sh600236,2001-02-07,16.36,16.5,16.3,16.44,0.00612,107100.0,1759089.0,1019280000.0,11102968260.0,0.00172741935484,16.7277796814,2000-06-30,2000-08-01,77.3612517911,31.7621184669,543.749214538,4.53480454276
sh600236,2001-02-08,16.46,16.5,16.01,16.01,-0.026156,164950.0,2679298.0,992620000.0,10812562160.0,0.00266048387097,16.290247876,2000-06-30,2000-08-01,75.3377908892,30.9313484963,529.526910082,4.41619219514
sh600236,2001-02-09,16.01,16.45,16.0,16.16,0.009369,255197.0,4120926.0,1001920000.0,10913866610.0,0.00411608064516,16.4428712084,2000-06-30,2000-08-01,76.0436306521,31.2211443004,534.488047703,4.45756749981
sh600236,2001-02-12,16.18,16.35,16.05,16.3,0.008663,132810.0,2150246.0,1010600000.0,11008417440.0,0.00214209677419,16.5853158016,2000-06-30,2000-08-01,76.7023966244,31.4916130735,539.11831766,4.49618340706
sh600236,2001-02-13,16.3,16.39,16.2,16.24,-0.003681,159600.0,2595497.0,1006880000.0,10967895660.0,0.00257419354839,16.5242652542,2000-06-30,2000-08-01,76.4200551024,31.3756924457,537.133823133,4.47963295594
sh600236,2001-02-14,16.2,16.38,16.0,16.3,0.003695,237681.0,3832030.0,1010600000.0,11008417440.0,0.00383356451613,16.5853224143,2000-06-30,2000-08-01,76.702427206,31.4916256293,539.118532609,4.49618519971
sh600236,2001-02-15,16.3,16.36,16.15,16.2,-0.006135,96200.0,1559646.0,1004400000.0,10940881130.0,0.00155161290323,16.4835714613,2000-06-30,2000-08-01,76.2318578151,31.2984245061,535.811040412,4.46860110351
sh600236,2001-02-16,16.1,16.24,16.0,16.24,0.002469,218260.0,3505006.0,1006880000.0,10967895660.0,0.00352032258065,16.5242693992,2000-06-30,2000-08-01,76.4200742721,31.3757003162,537.13395787,4.47963407964
sh600236,2001-02-19,16.22,16.37,16.2,16.37,0.008005,99511.0,1621599.0,1014940000.0,11055692850.0,0.00160501612903,16.6565461758,2000-06-30,2000-08-01,77.0318169666,31.6268627972,541.433715203,4.51549355045
sh600236,2001-02-20,16.43,16.43,16.25,16.25,-0.00733,131355.0,2147506.0,1007500000.0,10974649290.0,0.00211862903226,16.5344536923,2000-06-30,2000-08-01,76.4671737483,31.3950378929,537.465006071,4.48239498272
sh600236,2001-02-21,16.2,16.2,15.9,16.0,-0.015385,335075.0,5360774.0,992000000.0,10805808530.0,0.00540443548387,16.2800711222,2000-06-30,2000-08-01,75.2907262801,30.9120252349,529.196106952,4.41343333591
sh600236,2001-02-22,16.0,16.0,15.7,15.72,-0.0175,257400.0,4074229.0,974640000.0,10616706880.0,0.00415161290323,15.9951698776,2000-06-30,2000-08-01,73.9731385702,30.3710647933,519.935175081,4.33619825253
sh600236,2001-02-23,15.72,16.0,15.7,15.97,0.015903,123839.0,1968661.0,990140000.0,10785547640.0,0.00199740322581,16.2495410642,2000-06-30,2000-08-01,75.1495333929,30.8540558367,528.20370417,4.40515681334
sh600236,2001-02-26,16.06,16.23,16.05,16.23,0.016281,113050.0,1826367.0,1006260000.0,10961142030.0,0.00182338709677,16.5140998422,2000-06-30,2000-08-01,76.3730429461,31.3563907198,536.803388678,4.47687717142
sh600236,2001-02-27,16.25,16.41,16.25,16.3,0.004313,109330.0,1785868.0,1010600000.0,11008417440.0,0.00176338709677,16.5853251548,2000-06-30,2000-08-01,76.7024398803,31.491630833,539.118621693,4.49618594266
sh600236,2001-02-28,16.32,16.41,15.8,16.12,-0.011043,174904.0,2829513.0,999440000.0,10886852090.0,0.00282103225806,16.4021734092,2000-06-30,2000-08-01,75.8554148367,31.1438687537,533.165134754,4.4465345613
sh600236,2001-03-01,16.13,16.28,15.99,16.21,0.005583,145530.0,2344279.0,1005020000.0,10947634760.0,0.00234725806452,16.4937467433,2000-06-30,2000-08-01,76.2789156177,31.3177449729,536.141795701,4.47135956375
sh600236,2001-03-02,16.2,16.35,16.0,16.28,0.004318,213200.0,3454564.0,1009360000.0,10994910180.0,0.00343870967742,16.5649667417,2000-06-30,2000-08-01,76.6082879754,31.4529749957,538.456855975,4.49066689435
sh600236,2001-03-05,16.29,16.29,16.1,16.2,-0.004914,126186.0,2046704.0,1004400000.0,10940881130.0,0.00203525806452,16.4835664952,2000-06-30,2000-08-01,76.2318348483,31.2984150766,535.810878984,4.46859975723
sh600236,2001-03-06,16.15,16.38,16.13,16.38,0.011111,126436.0,2051371.0,1015560000.0,11062446480.0,0.00203929032258,16.6667154025,2000-06-30,2000-08-01,77.0788467653,31.6461717665,541.764273661,4.51825036913
sh600236,2001-03-07,16.36,16.38,16.26,16.27,-0.006716,107420.0,1751470.0,1008740000.0,10988156550.0,0.00173258064516,16.5547817419,2000-06-30,2000-08-01,76.5611852304,31.4336360769,538.125784799,4.48790579965
sh600236,2001-03-08,16.27,16.45,16.27,16.44,0.010449,121580.0,1986532.0,1019280000.0,11102968260.0,0.00196096774194,16.7277626563,2000-06-30,2000-08-01,77.3611730549,31.7620861403,543.748661124,4.53479992735
sh600236,2001-03-09,16.44,16.55,16.36,16.46,0.001217,151274.0,2488196.0,1020520000.0,11116475520.0,0.00243990322581,16.7481203434,2000-06-30,2000-08-01,77.4553216025,31.8007405991,544.410403245,4.54031877887
sh600236,2001-03-12,16.44,16.44,16.27,16.35,-0.006683,118984.0,1943070.0,1013700000.0,11042185590.0,0.00191909677419,16.6361926552,2000-06-30,2000-08-01,76.9376876882,31.5882162497,540.77210852,4.50997582847
sh600236,2001-03-13,16.4,16.41,16.15,16.2,-0.009174,177700.0,2892571.0,1004400000.0,10940881130.0,0.00286612903226,16.4835722238,2000-06-30,2000-08-01,76.2318613414,31.2984259538,535.811065196,4.46860131022
sh600236,2001-03-14,16.2,16.32,16.15,16.26,0.003704,135550.0,2200105.0,1008120000.0,10981402920.0,0.00218629032258,16.5446273753,2000-06-30,2000-08-01,76.5142241558,31.4143553236,537.795709382,4.48515300947
sh600236,2001-03-15,16.2,16.36,16.18,16.19,-0.004305,246990.0,4006639.0,1003780000.0,10934127500.0,0.00398370967742,16.4734027544,2000-06-30,2000-08-01,76.1848304208,31.2791165239,535.480498853,4.46584442576
sh600236,2001-03-16,16.2,16.25,16.15,16.18,-0.000618,181940.0,2943340.0,1003160000.0,10927373870.0,0.00293451612903,16.4632221915,2000-06-30,2000-08-01,76.1377481956,31.2597860299,535.149571905,4.46308453391
sh600236,2001-03-19,16.21,16.3,16.14,16.24,0.003708,234509.0,3801942.0,1006880000.0,10967895660.0,0.00378240322581,16.5242678194,2000-06-30,2000-08-01,76.4200669659,31.3756973165,537.133906517,4.47963365136
sh600236,2001-03-20,16.25,16.47,16.16,16.41,0.010468,314770.0,5114868.0,1017420000.0,11082707370.0,0.00507693548387,16.6972438549,2000-06-30,2000-08-01,77.2200322269,31.704138116,542.756624251,4.52652645642
sh600236,2001-03-21,16.42,16.49,16.21,16.47,0.003656,189593.0,3111389.0,1021140000.0,11123229150.0,0.0030579516129,16.7582889785,2000-06-30,2000-08-01,77.5023486647,31.820048445,544.740942469,4.54307543715
sh600236,2001-03-22,16.5,16.64,16.5,16.6,0.007893,318438.0,5276473.0,1029200000.0,11211026350.0,0.00513609677419,16.8905621534,2000-06-30,2000-08-01,78.1140747027,32.0712040873,549.040582728,4.57893393157
sh600236,2001-03-23,16.63,16.68,16.33,16.36,-0.014458,340800.0,5609445.0,1014320000.0,11048939220.0,0.00549677419355,16.6463584058,2000-06-30,2000-08-01,76.9847014107,31.6075186186,541.102553983,4.51273170479
sh600236,2001-03-26,16.35,16.65,16.3,16.6,0.01467,586901.0,9609852.0,1029200000.0,11211026350.0,0.00946614516129,16.8905604836,2000-06-30,2000-08-01,78.1140669804,32.0712009168,549.04052845,4.5789334789
sh600236,2001-03-27,16.65,16.71,16.48,16.58,-0.001205,375667.0,6235903.0,1027960000.0,11197519090.0,0.00605914516129,16.8702073582,2000-06-30,2000-08-01,78.0199395296,32.0325551197,548.378934613,4.57341586406
sh600236,2001-03-28,16.58,16.7,16.4,16.66,0.004825,261136.0,4325946.0,1032920000.0,11251548130.0,0.00421187096774,16.9516061087,2000-06-30,2000-08-01,78.3963857379,32.1871121981,551.024862973,4.5954825956
sh600236,2001-03-29,16.66,16.78,16.5,16.72,0.003601,311423.0,5203343.0,1036640000.0,11292069910.0,0.0050229516129,17.0126488423,2000-12-31,2001-03-29,47.9235516167,17.448018575,31.8647956899,4.7884367272
sh600236,2001-03-30,16.72,16.82,16.6,16.82,0.005981,467495.0,7791013.0,1042840000.0,11359606220.0,0.00754024193548,17.114401495,2000-12-31,2001-03-29,48.2101823789,17.5523751741,32.0553790329,4.81707636726
sh600236,2001-04-02,16.85,17.2,16.85,17.1,0.016647,893736.0,15259343.0,1060200000.0,11548707860.0,0.0144150967742,17.3993049367,2000-12-31,2001-03-29,49.012737285,17.8445695637,32.5890049276,4.89726623755
sh600236,2001-04-03,17.1,17.24,16.88,17.2,0.005848,1106884.0,18889811.0,1066400000.0,11616244170.0,0.0178529677419,17.501056072,2000-12-31,2001-03-29,49.2993637726,17.9489246065,32.7795854285,4.9259054505
sh600236,2001-04-04,17.22,17.33,16.87,17.0,-0.011628,681160.0,11658058.0,1054000000.0,11481171560.0,0.0109864516129,17.297553792,2000-12-31,2001-03-29,48.7261107707,17.7402145111,32.3984244091,4.86862702192
sh600236,2001-04-05,16.8,17.3,16.78,17.3,0.017647,395713.0,6719870.0,1072600000.0,11683780470.0,0.00638246774194,17.6028037237,2000-12-31,2001-03-29,49.5859804474,18.0532760766,32.9701594047,4.95454368298
sh600236,2001-04-06,17.3,17.35,16.98,17.02,-0.016185,326550.0,5593489.0,1055240000.0,11494678820.0,0.00526693548387,17.3179023455,2000-12-31,2001-03-29,48.7834313539,17.7610838033,32.4365373747,4.87435439347
sh600236,2001-04-09,17.0,17.0,16.88,16.96,-0.003525,217109.0,3674678.0,1051520000.0,11454157040.0,0.00350175806452,17.2568567397,2000-12-31,2001-03-29,48.6114697584,17.6984759829,32.3221985804,4.85717229423
sh600236,2001-04-10,16.93,17.05,16.9,16.98,0.001179,216370.0,3673775.0,1052760000.0,11467664300.0,0.00348983870968,17.2772025738,2000-12-31,2001-03-29,48.6687826812,17.7193424861,32.3603064526,4.86289890037
sh600236,2001-04-11,17.0,17.0,16.8,16.89,-0.0053,270840.0,4569063.0,1047180000.0,11406881630.0,0.00436838709677,17.1856334002,2000-12-31,2001-03-29,48.410838133,17.6254299709,32.1887968284,4.8371255362
sh600236,2001-04-12,16.9,16.99,16.85,16.9,0.000592,252100.0,4258235.0,1047800000.0,11413635260.0,0.00406612903226,17.1958072951,2000-12-31,2001-03-29,48.4394973492,17.6358642255,32.2078525961,4.83998911452
sh600236,2001-04-13,16.86,17.0,16.78,17.0,0.005917,328600.0,5530649.0,1054000000.0,11481171560.0,0.0053,17.2975548869,2000-12-31,2001-03-29,48.726113855,17.7402156341,32.3984264599,4.86862733011
sh600236,2001-04-16,17.0,17.05,16.91,16.97,-0.001765,511491.0,8677034.0,1052140000.0,11460910670.0,0.00824985483871,17.2670247025,2000-12-31,2001-03-29,48.6401122641,17.7089041535,32.3412432372,4.86003420287
sh600236,2001-04-17,16.98,17.26,16.98,17.19,0.012964,609568.0,10443835.0,1065780000.0,11609490540.0,0.00983174193548,17.4908744108,2000-12-31,2001-03-29,49.2706826794,17.9384823869,32.7605151145,4.92303968627
sh600236,2001-04-18,17.2,17.35,17.01,17.19,0.0,550370.0,9485944.0,1065780000.0,11609490540.0,0.00887693548387,17.4908744108,2000-12-31,2001-03-29,49.2706826794,17.9384823869,32.7605151145,4.92303968627
sh600236,2001-04-19,17.3,17.3,16.9,16.94,-0.014543,368621.0,6285198.0,1050280000.0,11440649780.0,0.0059455,17.2365046242,2000-12-31,2001-03-29,48.5541391412,17.6776030376,32.2840789432,4.85144392012
sh600236,2001-04-20,16.91,17.19,16.91,16.96,0.001181,530922.0,9061857.0,1051520000.0,11454157040.0,0.00856325806452,17.2568609362,2000-12-31,2001-03-29,48.6114815796,17.6984802868,32.3222064404,4.85717347539
sh600236,2001-04-23,16.9,16.98,16.73,16.84,-0.007075,361850.0,6086575.0,1044080000.0,11373113480.0,0.00583629032258,17.1347686451,2000-12-31,2001-03-29,48.2675553474,17.5732635387,32.0935268299,4.82280897305
sh600236,2001-04-24,16.85,16.95,16.75,16.8,-0.002375,211060.0,3548765.0,1041600000.0,11346098950.0,0.00340419354839,17.0940735695,2000-12-31,2001-03-29,48.1529199034,17.5315270378,32.0173047037,4.81135480174
sh600236,2001-04-25,16.8,16.85,16.57,16.8,0.0,477056.0,7966742.0,1041600000.0,11346098950.0,0.0076944516129,17.0940735695,2000-12-31,2001-03-29,48.1529199034,17.5315270378,32.0173047037,4.81135480174
sh600236,2001-04-26,16.7,16.8,16.6,16.77,-0.001786,349199.0,5825314.0,1039740000.0,11325838060.0,0.00563224193548,17.0635435541,2000-12-31,2001-03-29,48.0669187885,17.5002157306,31.9601217975,4.80276172206
sh600236,2001-04-27,16.75,17.18,16.63,16.96,0.01133,412876.0,6989941.0,1051520000.0,11454157040.0,0.00665929032258,17.2568735026,2000-12-31,2001-03-29,48.6115169784,17.6984931748,32.3222299774,4.85717701237
sh600236,2001-05-08,17.12,17.26,17.0,17.05,0.005307,172327.0,2942896.0,1057100000.0,11514939710.0,0.00277946774194,17.3484557303,2000-12-31,2001-03-29,48.869498299,17.7924190781,32.4937640519,4.88295405078
sh600236,2001-05-09,17.05,17.05,16.9,16.9,-0.008798,192138.0,3258929.0,1047800000.0,11413635260.0,0.003099,17.1958240168,2000-12-31,2001-03-29,48.4395444529,17.635881375,32.2078839158,4.83999382104
sh600236,2001-05-10,16.9,16.98,16.72,16.9,0.0,193350.0,3253711.0,1047800000.0,11413635260.0,0.0031185483871,17.1958240168,2000-12-31,2001-03-29,48.4395444529,17.635881375,32.2078839158,4.83999382104
sh600236,2001-05-11,16.9,17.0,16.78,16.85,-0.002959,151225.0,2546688.0,1044700000.0,11379867110.0,0.00243911290323,17.1449415735,2000-12-31,2001-03-29,48.2962118409,17.583696802,32.1125807873,4.82567227932
sh600236,2001-05-14,16.85,17.0,16.75,17.0,0.008902,242242.0,4091513.0,1054000000.0,11481171560.0,0.00390712903226,17.2975658434,2000-12-31,2001-03-29,48.7261447187,17.740226871,32.3984469814,4.86863041395
sh600236,2001-05-15,17.1,17.12,16.96,16.96,-0.002353,337450.0,5743639.0,1051520000.0,11454157040.0,0.00544274193548,17.256864671,2000-12-31,2001-03-29,48.6114921002,17.6984841171,32.3222134357,4.85717452659
sh600236,2001-05-16,17.01,17.02,16.9,17.0,0.002358,309821.0,5255003.0,1054000000.0,11481171560.0,0.00499711290323,17.2975563578,2000-12-31,2001-03-29,48.7261179986,17.7402171427,32.398429215,4.86862774412
sh600236,2001-05-17,17.0,17.3,17.0,17.16,0.009412,692615.0,11907631.0,1063920000.0,11589229650.0,0.0111712096774,17.4603609583,2000-12-31,2001-03-29,49.1847282212,17.9071880664,32.7033632308,4.91445126845
sh600236,2001-05-18,17.2,17.33,17.1,17.3,0.008159,774740.0,13348299.0,1072600000.0,11683780470.0,0.0124958064516,17.6028200433,2000-12-31,2001-03-29,49.5860264187,18.0532928139,32.9701899714,4.95454827635
sh600236,2001-05-21,17.4,17.66,17.4,17.46,0.009249,1037230.0,18205907.0,1082520000.0,11791838560.0,0.016729516129,17.7656285259,2000-12-31,2001-03-29,50.0446475771,18.2202677191,33.2751312584,5.00037289336
sh600236,2001-05-22,17.55,17.55,17.22,17.28,-0.010309,525896.0,9107110.0,1071360000.0,11670273210.0,0.00848219354839,17.5824826615,2000-12-31,2001-03-29,49.5287373052,18.0324349792,32.9320979303,4.9488240492
sh600236,2001-05-23,17.15,17.28,17.06,17.09,-0.010995,330051.0,5656730.0,1059580000.0,11541954230.0,0.00532340322581,17.3891632646,2000-12-31,2001-03-29,48.9841688385,17.8341683566,32.5700095135,4.89441172878
sh600236,2001-05-24,17.1,17.2,17.09,17.1,0.000585,278889.0,4776993.0,1060200000.0,11548707860.0,0.00449820967742,17.3993359251,2000-12-31,2001-03-29,49.0128245773,17.8446013451,32.5890629691,4.89727495964
sh600236,2001-05-25,17.1,17.11,16.9,16.91,-0.011111,201670.0,3423352.0,1048420000.0,11420388890.0,0.00325274193548,17.2060119036,2000-12-31,2001-03-29,48.4682430834,17.6463299795,32.2269658904,4.84286133756
sh600236,2001-05-28,16.9,16.9,16.75,16.78,-0.007688,210500.0,3536658.0,1040360000.0,11332591690.0,0.00339516129032,17.0737320841,2000-12-31,2001-03-29,48.0956192306,17.5106649946,31.9792049767,4.8056294196
sh600236,2001-05-29,16.8,16.89,16.78,16.85,0.004172,150560.0,2534450.0,1044700000.0,11379867110.0,0.00242838709677,17.1449636944,2000-12-31,2001-03-29,48.296274154,17.583719489,32.1126222198,4.82567850554
sh600236,2001-05-30,16.85,17.07,16.79,17.0,0.008902,188429.0,3196157.0,1054000000.0,11481171560.0,0.00303917741935,17.2975881612,2000-12-31,2001-03-29,48.7262075865,17.7402497599,32.3984887828,4.86863669559
sh600236,2001-05-31,17.01,17.1,16.9,16.91,-0.005294,235698.0,4003085.0,1048420000.0,11420388890.0,0.00380158064516,17.2060147295,2000-12-31,2001-03-29,48.4682510436,17.6463328777,32.2269711832,4.84286213293
sh600236,2001-06-01,16.9,16.98,16.88,16.91,0.0,249497.0,4223001.0,1048420000.0,11420388890.0,0.00402414516129,17.2060147295,2000-12-31,2001-03-29,48.4682510436,17.6463328777,32.2269711832,4.84286213293
sh600236,2001-06-04,16.95,17.3,16.95,17.21,0.017741,515704.0,8855694.0,1067020000.0,11622997800.0,0.00831780645161,17.5112666368,2000-12-31,2001-03-29,49.3281262853,17.9593964692,32.798709879,4.92877935003
sh600236,2001-06-05,17.25,17.38,17.18,17.34,0.007554,568737.0,9837271.0,1075080000.0,11710794990.0,0.00917317741935,17.6435467449,2000-12-31,2001-03-29,49.7007509513,18.0950617502,33.0464713334,4.96601134924
sh600236,2001-06-06,17.36,18.12,17.36,17.98,0.036909,3922258.0,69811236.0,1114760000.0,12143027330.0,0.0632622258065,18.2947524118,2000-12-31,2001-03-29,51.5351559682,18.7629323843,34.2661835438,5.14930186213
sh600236,2001-06-07,18.1,18.15,17.65,17.81,-0.009455,1585261.0,28306752.0,1104220000.0,12028215620.0,0.0255687258065,18.1217755277,2000-12-31,2001-03-29,51.0478910685,18.5855288586,33.9421967784,5.10061521302
sh600236,2001-06-08,17.71,18.0,17.7,17.85,0.002246,1280542.0,22842067.0,1106700000.0,12055230140.0,0.0206539032258,18.1624770355,2000-12-31,2001-03-29,51.1625446318,18.6272719564,34.0184309524,5.11207119479
sh600236,2001-06-11,17.88,18.3,17.88,18.14,0.016246,1722085.0,31236959.0,1124680000.0,12251085420.0,0.0277755645161,18.4575446375,2000-12-31,2001-03-29,51.9937313319,18.9298906166,34.5710943817,5.19512190342
sh600236,2001-06-12,18.18,18.29,17.86,18.02,-0.006615,1109051.0,19981989.0,1117240000.0,12170041850.0,0.0178879193548,18.3354479797,2000-12-31,2001-03-29,51.6497927991,18.8046693902,34.3424065923,5.16075617203
sh600236,2001-06-13,18.05,19.82,17.94,19.82,0.099889,6637247.0,128446552.0,1228840000.0,13385695310.0,0.107052370968,20.1669575429,2000-12-31,2001-03-29,56.8090389521,20.6830490109,37.7728352444,5.6762589453
sh600236,2001-06-14,19.85,20.68,19.25,19.28,-0.027245,9508352.0,190914092.0,1195360000.0,13020999280.0,0.153360516129,19.6175087847,2000-12-31,2001-03-29,55.2612766858,20.1195393406,36.7437143482,5.52160927033
sh600236,2001-06-15,19.0,19.7,18.81,19.48,0.010373,3191867.0,61415171.0,1207760000.0,13156071880.0,0.0514817258065,19.8210012033,2000-12-31,2001-03-29,55.8345019089,20.3282393222,37.1248568971,5.57888492329
sh600236,2001-06-18,19.47,19.5,18.52,18.7,-0.040041,1699083.0,32243455.0,1159400000.0,12629288720.0,0.0274045645161,19.0273484941,2000-12-31,2001-03-29,53.5988326179,19.5142762915,35.6383405021,5.35550079208
sh600236,2001-06-19,18.4,18.75,18.31,18.45,5.3e-05,925287.0,17094043.0,1143900000.0,12460447960.0,0.014923983871,19.0283569436,2000-12-31,2001-03-29,53.6016733561,19.5153105481,35.6402293341,5.35578463362
sh600236,2001-06-20,18.4,18.4,17.8,17.92,-0.028726,1028361.0,18617738.0,1111040000.0,12102505550.0,0.0165864677419,18.481748362,2000-12-31,2001-03-29,52.0619116872,18.9547137373,34.6164281063,5.20193436424
sh600236,2001-06-21,17.9,19.3,17.85,18.92,0.055804,2165283.0,40610047.0,1173040000.0,12777868580.0,0.0349239193548,19.5131038476,2000-12-31,2001-03-29,54.967174607,20.0124625827,36.5481632603,5.4922231095
sh600236,2001-06-22,19.0,19.2,18.7,18.8,-0.006342,1625418.0,30745346.0,1165600000.0,12696825020.0,0.0262164193548,19.389351743,2000-12-31,2001-03-29,54.6185727857,19.885543545,36.3163748089,5.45739143054
sh600236,2001-06-25,18.85,19.08,18.6,18.94,0.007447,1023613.0,19290321.0,1174280000.0,12791375850.0,0.0165098870968,19.5337442454,2000-12-31,2001-03-29,55.0253172972,20.0336311878,36.5868228521,5.49803262452
sh600236,2001-06-26,18.96,19.13,18.71,18.88,-0.003168,919639.0,17381108.0,1170560000.0,12750854060.0,0.0148328870968,19.4718613437,2000-12-31,2001-03-29,54.850997092,19.9701646442,36.4709157973,5.48061485717
sh600236,2001-06-27,19.0,19.7,18.95,19.28,0.021186,1760983.0,34177807.0,1195360000.0,13020999280.0,0.0284029516129,19.8843921981,2000-12-31,2001-03-29,56.0130703164,20.3932525524,37.2435886194,5.59672716353
sh600236,2001-06-28,19.28,19.35,18.9,19.1,-0.009336,689114.0,13144559.0,1184200000.0,12899433930.0,0.0111147419355,19.6987515125,2000-12-31,2001-03-29,55.4901322919,20.2028611465,36.8958824761,5.54447611873
sh600236,2001-06-29,19.1,19.1,18.8,18.93,-0.008901,463116.0,8765915.0,1173660000.0,12784622210.0,0.00746961290323,19.5234129253,2000-12-31,2001-03-29,54.9962146244,20.0230354795,36.5674722262,5.4951247368
sh600236,2001-07-02,18.93,18.95,18.6,18.62,-0.016376,468744.0,8767357.0,1154440000.0,12575259670.0,0.00756038709677,19.2036975153,2000-12-31,2001-03-29,54.0955966137,19.6951382505,35.968643301,5.40513657411
sh600236,2001-07-03,18.61,18.95,18.26,18.86,0.012889,533862.0,9934071.0,1169320000.0,12737346800.0,0.00861067741935,19.4512139725,2000-12-31,2001-03-29,54.7928347585,19.9489888874,36.4322431445,5.47480337941
sh600236,2001-07-04,18.9,18.95,18.5,18.63,-0.012195,279117.0,5214158.0,1155060000.0,12582013300.0,0.00450188709677,19.2140064181,2000-12-31,2001-03-29,54.1246361386,19.7057109679,35.9879519393,5.4080381522
sh600236,2001-07-05,18.3,19.06,18.3,18.38,-0.013419,599250.0,11146689.0,1139560000.0,12413172550.0,0.00966532258065,18.956173666,2000-12-31,2001-03-29,53.3983376462,19.4412800324,35.5050296123,5.33546768824
sh600236,2001-07-06,18.38,18.5,18.2,18.23,-0.008161,524200.0,9595365.0,1130260000.0,12311868090.0,0.00845483870968,18.8014723327,2000-12-31,2001-03-29,52.9625538127,19.2826197461,35.2152730656,5.29192493643
sh600236,2001-07-09,18.23,18.49,18.1,18.27,0.002194,315282.0,5763365.0,1132740000.0,12338882610.0,0.00508519354839,18.842722763,2000-12-31,2001-03-29,53.0787536558,19.3249258138,35.2925353747,5.30353541974
sh600236,2001-07-10,18.2,18.5,18.2,18.5,0.012589,287420.0,5263245.0,1147000000.0,12494216110.0,0.00463580645161,19.0799337999,2000-12-31,2001-03-29,53.7469620856,19.5682073049,35.7368331025,5.37030162714
sh600236,2001-07-11,18.68,18.69,18.11,18.13,-0.02,306832.0,5601436.0,1124060000.0,12244331790.0,0.00494890322581,18.6983351239,2000-12-31,2001-03-29,52.6720228438,19.1768431588,35.0220964405,5.2628955946
sh600236,2001-07-12,18.11,18.3,17.8,17.98,-0.008274,458210.0,8234581.0,1114760000.0,12143027330.0,0.00739048387097,18.5436250991,2000-12-31,2001-03-29,52.2362145268,19.0181739585,34.7323236145,5.21935039645
sh600236,2001-07-13,18.0,18.2,17.98,18.01,0.001669,269800.0,4876336.0,1116620000.0,12163288220.0,0.00435161290323,18.5745744094,2000-12-31,2001-03-29,52.3233967689,19.0499152908,34.7902918627,5.22806149226
sh600236,2001-07-16,18.16,18.3,17.3,17.48,-0.029428,738178.0,13114107.0,1083760000.0,11805345820.0,0.0119060967742,18.0279618336,2000-12-31,2001-03-29,50.7836238488,18.4893143836,33.7664831537,5.07421009867
sh600236,2001-07-17,17.51,17.7,17.3,17.58,0.005721,484420.0,8440228.0,1089960000.0,11872882120.0,0.00781322580645,18.1310998033,2000-12-31,2001-03-29,51.0741569608,18.5950917512,33.9596612038,5.10323965464
sh600236,2001-07-18,17.7,17.79,17.5,17.59,0.000569,157539.0,2774681.0,1090580000.0,11879635750.0,0.0025409516129,18.1414163991,2000-12-31,2001-03-29,51.1032181561,18.6056723584,33.9789842511,5.10614339801
sh600236,2001-07-19,17.58,17.78,17.45,17.77,0.010233,175150.0,3075882.0,1101740000.0,12001201100.0,0.002825,18.3270575131,2000-12-31,2001-03-29,51.6261573875,18.7960642037,34.3266911969,5.1583945634
sh600236,2001-07-20,17.83,18.02,17.68,18.0,0.012943,290390.0,5193070.0,1116000000.0,12156534590.0,0.00468370967742,18.5642646185,2000-12-31,2001-03-29,52.2943547426,19.0393416627,34.7709815611,5.22515966423
sh600236,2001-07-23,17.96,18.2,17.65,17.65,-0.019444,292800.0,5254219.0,1094300000.0,11920157530.0,0.00472258064516,18.2033010572,2000-12-31,2001-03-29,51.277543309,18.6691407034,34.0948945956,5.12356165972
sh600236,2001-07-24,17.6,17.65,17.32,17.43,-0.012465,358484.0,6264289.0,1080660000.0,11771577670.0,0.005782,17.9763969096,2000-12-31,2001-03-29,50.6383687316,18.4364298645,33.6699017345,5.05969646363
sh600236,2001-07-25,17.28,17.48,17.15,17.22,-0.012048,284297.0,4911971.0,1067640000.0,11629751430.0,0.00458543548387,17.7598172796,2000-12-31,2001-03-29,50.0282776651,18.2143077575,33.2642467584,4.99873724064
sh600236,2001-07-26,17.21,17.3,16.85,16.89,-0.019164,379514.0,6462809.0,1047180000.0,11406881630.0,0.00612119354839,17.4194681413,2000-12-31,2001-03-29,49.069535752,17.8652487636,32.6267707335,4.90294144016
sh600236,2001-07-27,16.91,17.1,16.7,16.89,0.0,250420.0,4231384.0,1047180000.0,11406881630.0,0.00403903225806,17.4194681413,2000-12-31,2001-03-29,49.069535752,17.8652487636,32.6267707335,4.90294144016
sh600236,2001-07-30,16.9,16.91,15.98,15.98,-0.053878,494685.0,8060138.0,990760000.0,10792301270.0,0.00797879032258,16.4809420367,2000-12-31,2001-03-29,46.4257673047,16.9027048907,30.8689055799,4.63878076125
sh600236,2001-07-31,15.98,15.98,14.91,15.13,-0.053191,651985.0,9994522.0,938060000.0,10218242690.0,0.0105158870968,15.6043042489,2001-06-30,2001-07-31,63.5231189725,18.5020097854,25.4932686313,4.20809166242
sh600236,2001-08-01,15.13,16.04,15.13,16.04,0.060145,650473.0,10237497.0,994480000.0,10832823050.0,0.0104915,16.5428251279,2001-06-30,2001-07-31,67.3437169631,19.6148131639,27.0265612731,4.46118733545
sh600236,2001-08-02,16.1,16.17,15.48,16.04,0.0,425580.0,6716697.0,994480000.0,10832823050.0,0.00686419354839,16.5428251279,2001-06-30,2001-07-31,67.3437169631,19.6148131639,27.0265612731,4.46118733545
sh600236,2001-08-03,16.01,16.29,15.94,16.1,0.003741,215150.0,3456396.0,998200000.0,10873344830.0,0.00347016129032,16.6047118367,2001-06-30,2001-07-31,67.5956498083,19.68819218,27.1276676389,4.47787663727
sh600236,2001-08-06,16.08,16.08,15.51,15.62,-0.029814,301800.0,4720430.0,968440000.0,10549170580.0,0.00486774193548,16.109658958,2001-06-30,2001-07-31,65.5803531049,19.1012084183,26.3188833559,4.34437322321
sh600236,2001-08-07,15.6,15.9,15.55,15.78,0.010243,234999.0,3709119.0,978360000.0,10657228660.0,0.00379030645161,16.2746701947,2001-06-30,2001-07-31,66.2520926618,19.2968620962,26.5884676781,4.38887263814
sh600236,2001-08-08,16.0,16.0,15.7,15.8,0.001267,160901.0,2547359.0,979600000.0,10670735920.0,0.00259517741935,16.2952902019,2001-06-30,2001-07-31,66.3360340632,19.3213112204,26.6221552666,4.39443333977
sh600236,2001-08-09,15.98,16.1,15.8,16.1,0.018987,183194.0,2926450.0,998200000.0,10873344830.0,0.00295474193548,16.6046888769,2001-06-30,2001-07-31,67.5955563419,19.6881649566,27.1276301287,4.47787044559
sh600236,2001-08-10,16.28,16.45,16.12,16.3,0.012422,362151.0,5903923.0,1010600000.0,11008417440.0,0.00584114516129,16.8109523221,2001-06-30,2001-07-31,68.4352283428,19.9327313417,27.4646095502,4.53349455227
sh600236,2001-08-13,16.3,16.35,15.91,16.1,-0.01227,311027.0,5008575.0,998200000.0,10873344830.0,0.00501656451613,16.6046819372,2001-06-30,2001-07-31,67.5955280911,19.6881567281,27.127618791,4.47786857411
sh600236,2001-08-14,16.02,16.09,15.8,15.84,-0.016149,271265.0,4316870.0,982080000.0,10697750440.0,0.00437524193548,16.3365329286,2001-06-30,2001-07-31,66.5039279079,19.3702126851,26.6895348751,4.40555547451
sh600236,2001-08-15,15.8,16.0,15.74,15.87,0.001894,106741.0,1693427.0,983940000.0,10718011330.0,0.00172162903226,16.3674743219,2001-06-30,2001-07-31,66.6298863474,19.4068998679,26.7400848542,4.41389959657
sh600236,2001-08-16,15.9,16.3,15.82,15.84,-0.00189,128951.0,2053312.0,982080000.0,10697750440.0,0.00207985483871,16.3365397955,2001-06-30,2001-07-31,66.5039558622,19.3702208272,26.6895460938,4.40555732634
sh600236,2001-08-17,15.8,15.98,15.68,15.76,-0.005051,99854.0,1574729.0,977120000.0,10643721400.0,0.0016105483871,16.2540239329,2001-06-30,2001-07-31,66.1680443811,19.2723818418,26.5547371965,4.38330485628
sh600236,2001-08-20,15.76,15.89,15.6,15.75,-0.000635,181448.0,2847119.0,976500000.0,10636967770.0,0.00292658064516,16.2437026277,2001-06-30,2001-07-31,66.1260276729,19.2601438793,26.5378749384,4.3805214577
sh600236,2001-08-21,15.76,16.0,15.75,15.88,0.008254,67051.0,1065113.0,984560000.0,10724764960.0,0.00108146774194,16.3777781492,2001-06-30,2001-07-31,66.6718319053,19.4191171069,26.7569185581,4.41667828181
sh600236,2001-08-22,15.8,15.8,15.4,15.53,-0.02204,317960.0,4949020.0,962860000.0,10488387900.0,0.00512838709677,16.0168119188,2001-06-30,2001-07-31,65.2023847301,18.9911197659,26.1671960731,4.31933469248
sh600236,2001-08-23,15.5,15.66,15.3,15.66,0.008371,141843.0,2193225.0,970920000.0,10576185100.0,0.00228779032258,16.1508886514,2001-06-30,2001-07-31,65.7481938927,19.1500944294,26.3862416714,4.35549184319
sh600236,2001-08-24,15.66,15.81,15.4,15.47,-0.012133,103449.0,1609615.0,959140000.0,10447866120.0,0.00166853225806,15.9549299194,2001-06-30,2001-07-31,64.9504710562,18.9177463337,26.0660974012,4.30264666066
sh600236,2001-08-27,15.0,15.25,14.9,14.94,-0.03426,434100.0,6512361.0,926280000.0,10089923710.0,0.00700161290323,15.4083140204,2001-06-30,2001-07-31,62.7252679178,18.2696243443,25.1730729042,4.15523798606
sh600236,2001-08-28,14.8,14.92,13.9,14.59,-0.023427,393103.0,5659859.0,904580000.0,9853546650.0,0.00634037096774,15.0473434478,2001-06-30,2001-07-31,61.2558030663,17.8416218548,24.5833433253,4.05789322576
sh600236,2001-08-29,14.65,14.7,14.4,14.4,-0.013023,195600.0,2860157.0,892800000.0,9725227680.0,0.00315483870968,14.8513818941,2001-06-30,2001-07-31,60.458068743,17.6092704134,24.2631944452,4.00504728228
sh600236,2001-08-30,14.4,14.4,13.99,14.13,-0.01875,225440.0,3203809.0,876060000.0,9542879660.0,0.00363612903226,14.5729184836,2001-06-30,2001-07-31,59.3244799541,17.2790965931,23.8082595493,3.92995264574
sh600236,2001-08-31,14.1,14.22,14.0,14.11,-0.001415,138370.0,1957931.0,874820000.0,9529372400.0,0.00223177419355,14.5522978039,2001-06-30,2001-07-31,59.2405358149,17.2546466715,23.7745708621,3.92439176275
sh600236,2001-09-03,14.12,14.38,14.1,14.2,0.006378,77582.0,1098315.0,880400000.0,9590155070.0,0.00125132258065,14.6451123593,2001-06-30,2001-07-31,59.6183719524,17.3646968079,23.926205075,3.94942153341
sh600236,2001-09-04,14.1,14.45,13.95,14.45,0.017606,199980.0,2848808.0,895900000.0,9758995830.0,0.00322548387097,14.9029542075,2001-06-30,2001-07-31,60.6680130089,17.6704196599,24.3474498416,4.01895504893
sh600236,2001-09-05,14.5,15.0,14.48,14.82,0.025606,323612.0,4771992.0,918840000.0,10008880150.0,0.0052195483871,15.2845592529,2001-06-30,2001-07-31,62.2214781501,18.1228884257,24.9708906422,4.12186441191
sh600236,2001-09-06,14.79,14.82,14.35,14.5,-0.021592,127885.0,1863016.0,899000000.0,9792763980.0,0.00206266129032,14.9545350495,2001-06-30,2001-07-31,60.8779919938,17.7315790188,24.4317191715,4.03286511553
sh600236,2001-09-07,14.5,14.51,14.15,14.15,-0.024138,189900.0,2715035.0,877300000.0,9556386920.0,0.00306290322581,14.5935624825,2001-06-30,2001-07-31,59.4085190231,17.3035741645,23.8419863341,3.93551981737
sh600236,2001-09-10,14.05,14.52,13.8,14.43,0.019788,167121.0,2379927.0,894660000.0,9745488570.0,0.0026955,14.8823398969,2001-06-30,2001-07-31,60.5840947975,17.6459772901,24.3137715597,4.01339588352
sh600236,2001-09-11,14.4,14.51,14.3,14.37,-0.004158,136790.0,1967777.0,890940000.0,9704966780.0,0.00220629032258,14.8204591276,2001-06-30,2001-07-31,60.3321861314,17.5726053165,24.2126748976,3.99670818343
sh600236,2001-09-12,14.08,14.25,13.85,14.13,-0.016701,292679.0,4121168.0,876060000.0,9542879660.0,0.00472062903226,14.5729426397,2001-06-30,2001-07-31,59.3245782908,17.2791252351,23.8082990141,3.92995916006
sh600236,2001-09-13,14.13,14.25,14.05,14.11,-0.001415,110386.0,1560304.0,874820000.0,9529372400.0,0.00178041935484,14.5523219259,2001-06-30,2001-07-31,59.2406340125,17.2546752729,23.774610271,3.92439826785
sh600236,2001-09-14,14.1,14.16,13.94,13.94,-0.012048,213800.0,2993833.0,864280000.0,9414560680.0,0.00344838709677,14.3769955513,2001-06-30,2001-07-31,58.5269028539,17.0467909452,23.4881737664,3.87711711752
sh600236,2001-09-17,13.85,13.86,13.38,13.38,-0.040172,304118.0,4139370.0,829560000.0,9036357380.0,0.00490512903226,13.7994428861,2001-06-30,2001-07-31,56.1757601125,16.3619872593,22.5446068499,3.72136556867
sh600236,2001-09-18,13.3,13.75,13.3,13.4,0.001495,195210.0,2619008.0,830800000.0,9049864640.0,0.0031485483871,13.8200730532,2001-06-30,2001-07-31,56.2597428738,16.3864484303,22.5783110371,3.7269290102
sh600236,2001-09-19,13.35,13.65,13.3,13.56,0.01194,170890.0,2304955.0,840720000.0,9157922730.0,0.00275629032258,13.9850847254,2001-06-30,2001-07-31,56.9314842037,16.5821026246,22.8478960709,3.77142854258
sh600236,2001-09-20,13.6,13.65,13.41,13.43,-0.009587,247588.0,3347813.0,832660000.0,9070125530.0,0.00399335483871,13.8510097182,2001-06-30,2001-07-31,56.3856820647,16.4231300067,22.6288532913,3.73527185714
sh600236,2001-09-21,13.43,13.95,13.4,13.78,0.026061,994201.0,13700266.0,854360000.0,9306502590.0,0.0160355,14.2119808824,2001-06-30,2001-07-31,57.855149325,16.8511331978,23.2185838369,3.83261677701
sh600236,2001-09-24,13.78,13.78,13.55,13.57,-0.015239,240500.0,3279841.0,841340000.0,9164676360.0,0.00387903225806,13.9954045058,2001-06-30,2001-07-31,56.9734947044,16.594338779,22.8647558378,3.77421152995
sh600236,2001-09-26,13.46,13.46,12.21,12.5,-0.07885,1739051.0,21732839.0,775000000.0,8442037910.0,0.0280492096774,12.8918668605,2001-06-30,2001-07-31,52.481134647,15.2858751663,21.06186984,3.47661495081
sh600236,2001-09-27,12.5,12.59,12.28,12.4,-0.008,346170.0,4292805.0,768800000.0,8374501610.0,0.00558338709677,12.7887319256,2001-06-30,2001-07-31,52.0612855698,15.1635881649,20.8933748813,3.4488020312
sh600236,2001-09-28,12.49,12.57,12.25,12.4,0.0,218379.0,2695860.0,768800000.0,8374501610.0,0.00352224193548,12.7887319256,2001-06-30,2001-07-31,52.0612855698,15.1635881649,20.8933748813,3.4488020312
sh600236,2001-10-08,12.4,12.55,11.97,12.0,-0.032258,171200.0,2094374.0,744000000.0,8104356400.0,0.00276129032258,12.3761930111,2001-06-30,2001-07-31,50.3818926199,14.6744411379,20.2193963944,3.33755057528
sh600236,2001-10-09,11.91,12.34,11.91,12.25,0.020833,126611.0,1540849.0,759500000.0,8273197150.0,0.00204211290323,12.6340262401,2001-06-30,2001-07-31,51.4314985888,14.9801537701,20.6406270795,3.40708176642
sh600236,2001-10-10,12.2,12.2,11.56,11.6,-0.053061,262700.0,3117788.0,719200000.0,7834211180.0,0.00423709677419,11.9636521738,2001-06-30,2001-07-31,48.7024918422,14.185291831,19.545414766,3.22629860081
sh600236,2001-10-11,11.9,11.9,11.3,11.45,-0.012931,277950.0,3198771.0,709900000.0,7732906730.0,0.00448306451613,11.8089501876,2001-06-30,2001-07-31,48.0727199202,14.0018618223,19.2926730077,3.1845793336
sh600236,2001-10-12,11.7,12.3,11.7,11.99,0.047162,538426.0,6438219.0,743380000.0,8097602770.0,0.00868429032258,12.3658838963,2001-06-30,2001-07-31,50.3399255371,14.6622176295,20.202554052,3.33477046413
sh600236,2001-10-15,11.89,12.18,11.75,11.93,-0.005004,225400.0,2695717.0,739660000.0,8057080980.0,0.00363548387097,12.3040050133,2001-06-30,2001-07-31,50.0880245497,14.5888478925,20.1014604716,3.31808327273
sh600236,2001-10-16,11.98,12.09,11.72,11.75,-0.015088,136950.0,1626434.0,728500000.0,7935515640.0,0.00220887096774,12.1183621856,2001-06-30,2001-07-31,49.3322964353,14.3687313555,19.798169636,3.26802003231
sh600236,2001-10-17,11.7,11.9,11.6,11.72,-0.002553,78550.0,922468.0,726640000.0,7915254750.0,0.00126693548387,12.087424007,2001-06-30,2001-07-31,49.2063510825,14.3320479844,19.7476249089,3.25967677717
sh600236,2001-10-18,11.72,11.8,11.56,11.57,-0.012799,106553.0,1239549.0,717340000.0,7813950290.0,0.00171859677419,11.9327170671,2001-06-30,2001-07-31,48.576558995,14.1486121022,19.4948750577,3.2179561741
sh600236,2001-10-19,11.5,11.5,11.1,11.2,-0.031979,249990.0,2813822.0,694400000.0,7564065970.0,0.00403209677419,11.551120708,2001-06-30,2001-07-31,47.0231292149,13.6961536358,18.8714484482,3.11504915361
sh600236,2001-10-22,11.18,11.18,10.7,10.7,-0.044643,233150.0,2534716.0,663400000.0,7226384450.0,0.00376048387097,11.0354440263,2001-06-30,2001-07-31,44.9238756573,13.084716249,18.0289703751,2.97598401424
sh600236,2001-10-23,11.77,11.77,11.5,11.77,0.1,556765.0,6536130.0,729740000.0,7949022900.0,0.00898008064516,12.1389884289,2001-06-30,2001-07-31,49.4162632231,14.3931878739,19.8318674126,3.27358241567
sh600236,2001-10-24,12.58,12.95,12.2,12.92,0.097706,2025832.0,25705225.0,801040000.0,8725690390.0,0.0326747096774,13.3250404323,2001-06-30,2001-07-31,54.2445286375,15.7994886884,21.7695598501,3.59343105917
sh600236,2001-10-25,12.76,12.81,12.3,12.41,-0.039474,726596.0,9135425.0,769420000.0,8381255240.0,0.0117192903226,12.7990477863,2001-06-30,2001-07-31,52.1032801141,15.1758196719,20.9102282445,3.45158396154
sh600236,2001-10-26,12.2,12.47,12.0,12.27,-0.011281,401313.0,4885353.0,760740000.0,8286704410.0,0.00647279032258,12.6546617282,2001-06-30,2001-07-31,51.5155030111,15.0046212502,20.6743399597,3.41264664287
sh600236,2001-10-29,12.31,12.81,12.27,12.81,0.04401,519780.0,6558591.0,794220000.0,8651400450.0,0.0083835483871,13.2115933909,2001-06-30,2001-07-31,53.7827002987,15.6649746314,21.5842176613,3.56283722162
sh600236,2001-10-30,12.84,12.95,12.6,12.8,-0.000781,786402.0,10066084.0,793600000.0,8644646820.0,0.0126839032258,13.2012751364,2001-06-30,2001-07-31,53.7406960097,15.6527402862,21.5673603874,3.56005464575
sh600236,2001-10-31,12.8,12.8,12.6,12.79,-0.000781,270259.0,3430682.0,792980000.0,8637893190.0,0.00435901612903,13.1909649406,2001-06-30,2001-07-31,53.6987245261,15.640515496,21.5505162789,3.55727424307
sh600236,2001-11-01,12.83,12.97,12.75,12.86,0.005473,381843.0,4921845.0,797320000.0,8685168600.0,0.00615875806452,13.2631590917,2001-06-30,2001-07-31,53.9926176455,15.7261160373,21.6684622545,3.57674320501
sh600236,2001-11-02,12.88,13.2,12.8,13.04,0.013997,832501.0,10925809.0,808480000.0,8806733950.0,0.0134274354839,13.4488035295,2001-06-30,2001-07-31,54.7483523147,15.9462344835,21.9717557207,3.62680687965
sh600236,2001-11-05,12.95,13.14,12.87,13.01,-0.002301,284370.0,3692625.0,806620000.0,8786473060.0,0.00458661290323,13.4178578326,2001-06-30,2001-07-31,54.622376356,15.909542198,21.9211987107,3.61846159702
sh600236,2001-11-06,13.0,13.05,12.73,12.73,-0.021522,151900.0,1956128.0,789260000.0,8597371410.0,0.00245,13.1290786963,2001-06-30,2001-07-31,53.446793572,15.5671370308,21.4494106721,3.54058506653
sh600236,2001-11-07,12.69,12.69,12.0,12.0,-0.057345,517400.0,6337548.0,744000000.0,8104356400.0,0.00834516129032,12.3761916784,2001-06-30,2001-07-31,50.3818871947,14.6744395577,20.2193942171,3.33755021589
sh600236,2001-11-08,11.8,12.14,11.3,12.07,0.005833,425627.0,4989589.0,748340000.0,8151631810.0,0.0068649516129,12.4483820045,2001-06-30,2001-07-31,50.6757647427,14.7600355637,20.3373339436,3.3570181463
sh600236,2001-11-09,12.1,12.49,11.7,12.45,0.031483,405990.0,4935147.0,771900000.0,8408269760.0,0.00654822580645,12.8402944152,2001-06-30,2001-07-31,52.2711898441,15.2247257633,20.9776142281,3.4627071486
sh600236,2001-11-12,12.59,12.68,12.28,12.3,-0.012048,187905.0,2347325.0,762600000.0,8306965310.0,0.00303072580645,12.685594548,2001-06-30,2001-07-31,51.6414265488,15.0412982673,20.7248759319,3.42098845287
sh600236,2001-11-13,12.1,12.3,12.0,12.1,-0.01626,171499.0,2084593.0,750200000.0,8171892700.0,0.00276611290323,12.4793267807,2001-06-30,2001-07-31,50.8017369531,14.7967267575,20.3878894492,3.36536318063
sh600236,2001-11-14,12.5,12.5,12.15,12.19,0.007438,71900.0,878003.0,755780000.0,8232675370.0,0.00115967741935,12.5721480133,2001-06-30,2001-07-31,51.1796002726,14.9067848111,20.539534571,3.39039475196
sh600236,2001-11-15,12.27,12.41,12.15,12.33,0.011485,165240.0,2039506.0,764460000.0,8327226200.0,0.00266516129032,12.7165391332,2001-06-30,2001-07-31,51.7673979817,15.0779892347,20.7754311255,3.42933343569
sh600236,2001-11-16,13.5,13.54,12.68,12.92,0.047851,1163641.0,15058279.0,801040000.0,8725690390.0,0.0187684032258,13.3250382473,2001-06-30,2001-07-31,54.2445197425,15.7994860976,21.7695562803,3.59343046992
sh600236,2001-11-19,12.92,13.32,12.92,13.28,0.027864,757379.0,9953780.0,823360000.0,8968821080.0,0.0122157903226,13.696327113,2001-06-30,2001-07-31,55.7559890406,16.2397229782,22.3761431965,3.69355781653
sh600236,2001-11-20,13.58,14.1,13.4,13.48,0.01506,991011.0,13480178.0,835760000.0,9103893680.0,0.0159840483871,13.9025937993,2001-06-30,2001-07-31,56.5956742356,16.4842932062,22.713127913,3.74918279725
sh600236,2001-11-21,13.5,13.58,13.37,13.58,0.007418,668248.0,9011402.0,841960000.0,9171429990.0,0.0107781935484,14.0057232401,2001-06-30,2001-07-31,57.0155009471,16.6065736932,22.8816138959,3.77699423524
sh600236,2001-11-22,13.65,13.75,13.57,13.62,0.002946,529564.0,7208275.0,844440000.0,9198444510.0,0.00854135483871,14.0469841008,2001-06-30,2001-07-31,57.1834686129,16.6554966593,22.9490231304,3.78812126026
sh600236,2001-11-23,13.53,13.53,13.38,13.45,-0.012482,337617.0,4540678.0,833900000.0,9083632790.0,0.00544543548387,13.8716496453,2001-06-30,2001-07-31,56.4697045576,16.44760275,22.6625734237,3.74083793069
sh600236,2001-11-26,13.4,13.4,13.18,13.24,-0.015613,247800.0,3281498.0,820880000.0,8941806560.0,0.00399677419355,13.6550715793,2001-06-30,2001-07-31,55.5880430604,16.1908063283,22.3087426649,3.68243222808
sh600236,2001-11-27,13.24,13.5,13.2,13.49,0.018882,197400.0,2632525.0,836380000.0,9110647320.0,0.00318387096774,13.9129066409,2001-06-30,2001-07-31,56.6376564895,16.4965211334,22.7299763439,3.75196391341
sh600236,2001-11-28,13.56,13.65,13.45,13.48,-0.000741,383237.0,5192373.0,835760000.0,9103893680.0,0.00618124193548,13.9025971771,2001-06-30,2001-07-31,56.595687986,16.4842972112,22.7131334314,3.74918370815
sh600236,2001-11-29,13.55,13.55,13.39,13.5,0.001484,228978.0,3082952.0,837000000.0,9117400950.0,0.00369319354839,13.9232286313,2001-06-30,2001-07-31,56.679675987,16.5087599083,22.7468397214,3.75474749677
sh600236,2001-11-30,13.5,13.8,13.5,13.74,0.017778,332720.0,4561609.0,851880000.0,9279488070.0,0.0053664516129,14.1707557899,2001-06-30,2001-07-31,57.6873272667,16.8022526419,23.151233038,3.82149939777
sh600236,2001-12-03,13.8,14.0,13.75,13.99,0.018195,491500.0,6823081.0,867380000.0,9448328830.0,0.00792741935484,14.4285926915,2001-06-30,2001-07-31,58.7369481863,17.1079696288,23.5724697231,3.89103157931
sh600236,2001-12-04,13.99,13.99,13.8,13.9,-0.006433,255308.0,3535925.0,861800000.0,9387546160.0,0.00411787096774,14.3357735547,2001-06-30,2001-07-31,58.3590933986,16.9979140601,23.4208280254,3.86600057316
sh600236,2001-12-05,13.8,13.99,13.63,13.64,-0.018705,519800.0,7182314.0,845680000.0,9211951770.0,0.00838387096774,14.0676229104,2001-06-30,2001-07-31,57.2674865566,16.6799680777,22.9827414371,3.79368703244
sh600236,2001-12-06,13.64,13.65,13.41,13.6,-0.002933,292479.0,3963169.0,843200000.0,9184937250.0,0.00471740322581,14.0263625724,2001-06-30,2001-07-31,57.0995210185,16.6310457313,22.9153330565,3.78256014837
sh600236,2001-12-07,13.7,13.7,13.48,13.48,-0.008824,130370.0,1767084.0,835760000.0,9103893680.0,0.00210274193548,13.902593949,2001-06-30,2001-07-31,56.595674845,16.4842933837,22.7131281576,3.74918283762
sh600236,2001-12-10,13.48,13.5,13.3,13.48,0.0,128570.0,1721388.0,835760000.0,9103893680.0,0.00207370967742,13.902593949,2001-06-30,2001-07-31,56.595674845,16.4842933837,22.7131281576,3.74918283762
sh600236,2001-12-11,13.5,13.5,13.1,13.13,-0.025964,296542.0,3936658.0,814060000.0,8867516620.0,0.00478293548387,13.5416269997,2001-06-30,2001-07-31,55.1262247434,16.0562951903,22.1234044981,3.65183905443
sh600236,2001-12-12,13.12,13.2,12.98,13.0,-0.009901,297500.0,3890026.0,806000000.0,8779719430.0,0.00479838709677,13.4075513508,2001-06-30,2001-07-31,54.5804199922,15.8973218117,21.9043606702,3.61568219595
sh600236,2001-12-13,13.0,13.1,12.84,12.86,-0.010769,195160.0,2528502.0,797320000.0,8685168600.0,0.00314774193548,13.2631654303,2001-06-30,2001-07-31,53.9926434493,15.7261235531,21.6684726101,3.57674491438
sh600236,2001-12-14,12.9,12.95,12.6,12.79,-0.005443,159702.0,2038921.0,792980000.0,8637893190.0,0.00257583870968,13.1909740209,2001-06-30,2001-07-31,53.698761491,15.6405262626,21.5505311137,3.55727669181
sh600236,2001-12-17,12.72,12.78,12.6,12.65,-0.010946,108850.0,1379780.0,784300000.0,8543342370.0,0.00175564516129,13.0465856193,2001-06-30,2001-07-31,53.1109748477,15.4693250621,21.3146390002,3.51833874114
sh600236,2001-12-18,12.68,13.0,12.68,12.98,0.026087,119880.0,1534233.0,804760000.0,8766212170.0,0.0019335483871,13.3869318983,2001-06-30,2001-07-31,54.4964808486,15.872873345,21.8706739878,3.61012164388
sh600236,2001-12-19,13.05,13.13,12.7,12.7,-0.021572,156250.0,2021770.0,787400000.0,8577110520.0,0.00252016129032,13.0981490034,2001-06-30,2001-07-31,53.3208827637,15.5304637212,21.3988798085,3.53224409978
sh600236,2001-12-20,12.9,12.9,12.45,12.47,-0.01811,181035.0,2272866.0,773140000.0,8421777020.0,0.00291991935484,12.8609415249,2001-06-30,2001-07-31,52.3552415768,15.2492070232,21.0113460952,3.46827515914
sh600236,2001-12-21,12.5,12.65,12.45,12.64,0.013633,106200.0,1331054.0,783680000.0,8536588740.0,0.00171290322581,13.0362747407,2001-06-30,2001-07-31,53.0690005853,15.4570994625,21.2977937765,3.51555815438
sh600236,2001-12-24,12.66,12.66,12.38,12.43,-0.016614,159877.0,1990969.0,770660000.0,8394762500.0,0.00257866129032,12.8196900722,2001-06-30,2001-07-31,52.1873122095,15.2002952121,20.9439522307,3.4571506712
sh600236,2001-12-25,12.35,12.5,12.31,12.47,0.003218,99744.0,1236704.0,773140000.0,8421777020.0,0.00160877419355,12.8609438349,2001-06-30,2001-07-31,52.3552509802,15.2492097621,21.0113498689,3.46827578206
sh600236,2001-12-26,12.45,12.54,12.2,12.54,0.005613,144415.0,1776593.0,777480000.0,8469052430.0,0.00232927419355,12.9331323126,2001-06-30,2001-07-31,52.649121004,15.3348035765,21.1292865758,3.48774321403
sh600236,2001-12-27,12.6,12.6,12.19,12.23,-0.024721,194900.0,2421347.0,758260000.0,8259689890.0,0.0031435483871,12.6134123487,2001-06-30,2001-07-31,51.3475820836,14.9557118972,20.6069494823,3.40152271403
sh600236,2001-12-28,12.15,12.42,12.15,12.32,0.007359,108095.0,1326686.0,763840000.0,8320472570.0,0.00174346774194,12.7062344502,2001-06-30,2001-07-31,51.7254489402,15.0657709811,20.7585960236,3.42655451969
sh600236,2001-12-31,12.32,12.56,12.32,12.45,0.010552,68360.0,852301.0,771900000.0,8408269760.0,0.00110258064516,12.8403106361,2001-06-30,2001-07-31,52.2712558774,15.2247449965,20.9776407288,3.46271152298
sh600236,2002-01-04,12.33,12.55,12.3,12.3,-0.012048,55915.0,691588.0,762600000.0,8306965310.0,0.00090185483871,12.6856105736,2001-06-30,2001-07-31,51.6414917866,15.0413172688,20.7249021133,3.42099277455
sh600236,2002-01-07,12.02,12.18,12.01,12.08,-0.017886,87170.0,1051770.0,748960000.0,8158385440.0,0.00140596774194,12.4587157428,2001-06-30,2001-07-31,50.7178320645,14.7722882681,20.3542165141,3.35980489778
sh600236,2002-01-08,12.1,12.37,12.01,12.08,0.0,152301.0,1841994.0,748960000.0,8158385440.0,0.00245646774194,12.4587157428,2001-06-30,2001-07-31,50.7178320645,14.7722882681,20.3542165141,3.35980489778
sh600236,2002-01-09,12.06,12.08,11.76,11.82,-0.021523,186955.0,2228971.0,732840000.0,7982791050.0,0.00301540322581,12.1905668039,2001-06-30,2001-07-31,49.626232165,14.4543443077,19.9161327121,3.28749181697
sh600236,2002-01-10,11.7,12.05,11.62,11.98,0.013536,270705.0,3174122.0,742760000.0,8090849140.0,0.00436620967742,12.3555783162,2001-06-30,2001-07-31,50.2979728436,14.6499983123,20.1857174845,3.3319913062
sh600236,2002-01-11,11.96,11.96,11.58,11.6,-0.03172,222820.0,2602869.0,719200000.0,7834211180.0,0.00359387096774,11.963659372,2001-06-30,2001-07-31,48.702521145,14.1853003658,19.5454265259,3.22630054197
sh600236,2002-01-14,11.5,11.5,11.07,11.07,-0.04569,715970.0,8058960.0,686340000.0,7476268780.0,0.0115479032258,11.4170397753,2001-06-30,2001-07-31,46.4773029539,13.5371739921,18.6523959879,3.07889087021
sh600236,2002-01-15,11.1,11.32,10.97,10.97,-0.009033,373800.0,4137910.0,680140000.0,7408732470.0,0.00602903225806,11.313909655,2001-06-30,2001-07-31,46.0574734763,13.4148926994,18.4839088949,3.05107924898
sh600236,2002-01-16,11.01,11.3,10.91,11.11,0.012762,270994.0,2987677.0,688820000.0,7503283300.0,0.00437087096774,11.45829777,2001-06-30,2001-07-31,46.6452589528,13.58609356,18.7198005402,3.09001712235
sh600236,2002-01-17,11.02,11.11,10.94,10.97,-0.012601,323817.0,3562846.0,680140000.0,7408732470.0,0.00522285483871,11.3139117598,2001-06-30,2001-07-31,46.0574820447,13.4148951951,18.4839123336,3.05107981659
sh600236,2002-01-18,10.96,10.96,10.58,10.68,-0.026436,764123.0,8208366.0,662160000.0,7212877190.0,0.0123245645161,11.0148171885,2001-06-30,2001-07-31,44.8399064494,13.0602590257,17.9952716272,2.97042147056
sh600236,2002-01-21,10.58,10.7,10.55,10.6,-0.007491,378590.0,4008562.0,657200000.0,7158848150.0,0.00610629032258,10.932305193,2001-06-30,2001-07-31,44.5040107102,12.9624246254,17.8604690474,2.94817004333
sh600236,2002-01-22,10.58,10.9,10.57,10.65,0.004717,225684.0,2411165.0,660300000.0,7192616300.0,0.00364006451613,10.9838728765,2001-06-30,2001-07-31,44.7139361287,13.0235683823,17.9447168799,2.96207656142
sh600236,2002-01-23,10.65,11.4,10.57,11.37,0.067606,346334.0,3809465.0,704940000.0,7678877690.0,0.00558603225806,11.7264485862,2001-06-30,2001-07-31,47.7368664946,13.9040397464,19.1578874093,3.16233070943
sh600236,2002-01-24,11.37,11.56,10.9,11.35,-0.001759,367043.0,4163169.0,703700000.0,7665370420.0,0.0059200483871,11.7058217632,2001-06-30,2001-07-31,47.6528973464,13.8795825405,19.1241886854,3.15676816971
sh600236,2002-01-25,11.34,11.41,11.2,11.33,-0.001762,240239.0,2712066.0,702460000.0,7651863160.0,0.00387482258065,11.6851961052,2001-06-30,2001-07-31,47.5689329413,13.855126716,19.0904918649,3.1512059442
sh600236,2002-01-28,11.49,11.49,10.57,10.6,-0.064431,294874.0,3188223.0,657200000.0,7158848150.0,0.00475603225806,10.932307235,2001-06-30,2001-07-31,44.504019023,12.9624270466,17.8604723835,2.94817059401
sh600236,2002-01-29,10.54,10.89,10.52,10.8,0.018868,193154.0,2072155.0,669600000.0,7293920760.0,0.00311538709677,11.1385780079,2001-06-30,2001-07-31,45.3437208539,13.2070021201,18.1974637765,3.00379667678
sh600236,2002-01-30,10.76,10.88,10.6,10.7,-0.009259,131901.0,1409133.0,663400000.0,7226384450.0,0.00212743548387,11.0354459141,2001-06-30,2001-07-31,44.9238833425,13.0847184875,18.0289734594,2.97598452335
sh600236,2002-01-31,10.8,11.55,10.8,11.44,0.069159,595370.0,6731024.0,709280000.0,7726153100.0,0.00960274193548,11.7986463181,2001-06-30,2001-07-31,48.0307741906,13.9896445333,19.2758392348,3.181800637
sh600236,2002-02-01,11.42,11.88,11.4,11.55,0.009615,520732.0,6068597.0,716100000.0,7800443030.0,0.00839890322581,11.9120903024,2001-06-30,2001-07-31,48.4925900844,14.1241549655,19.4611764291,3.21239365012
sh600236,2002-02-04,11.8,12.26,11.8,12.01,0.039827,696384.0,8372862.0,744620000.0,8111110030.0,0.011232,12.3865131229,2001-06-30,2001-07-31,50.4239044697,14.6866776853,20.2362567027,3.34033365202
sh600236,2002-02-05,12.08,12.08,11.8,11.9,-0.009159,328136.0,3907756.0,737800000.0,8036820090.0,0.00529251612903,12.2730650492,2001-06-30,2001-07-31,49.9620719287,14.5521624044,20.0509128276,3.30973953611
sh600236,2002-02-06,11.82,11.9,11.6,11.61,-0.02437,237299.0,2774971.0,719820000.0,7840964810.0,0.00382740322581,11.973970454,2001-06-30,2001-07-31,48.7444962358,14.1975262066,19.562272082,3.22908118361
sh600236,2002-02-07,11.6,11.97,11.6,11.9,0.024978,262745.0,3112092.0,737800000.0,8036820090.0,0.00423782258065,12.273056288,2001-06-30,2001-07-31,49.9620362628,14.5521520162,20.050898514,3.30973717341
sh600236,2002-02-08,12.1,12.1,11.88,11.89,-0.00084,307661.0,3682827.0,737180000.0,8030066460.0,0.00496227419355,12.2627469207,2001-06-30,2001-07-31,49.9200681523,14.5399282085,20.0340557593,3.30695699419
sh600236,2002-02-25,12.29,12.32,11.9,11.97,0.006728,444535.0,5372264.0,742140000.0,8084095510.0,0.00716991935484,12.345250682,2001-06-30,2001-07-31,50.2559303708,14.6377528455,20.1688448864,3.32920620085
sh600236,2002-02-26,11.94,11.95,11.8,11.92,-0.004177,227630.0,2702375.0,739040000.0,8050327350.0,0.0036714516129,12.2936845699,2001-06-30,2001-07-31,50.0460113497,14.5766109519,20.0845996214,3.31530010654
sh600236,2002-02-27,12.0,12.0,11.8,11.89,-0.002517,248028.0,2949587.0,737180000.0,8030066460.0,0.0040004516129,12.2627413658,2001-06-30,2001-07-31,49.9200455391,14.5399216221,20.0340466841,3.30695549618
sh600236,2002-02-28,12.0,12.0,11.86,11.88,-0.000841,157900.0,1879320.0,736560000.0,8023312830.0,0.00254677419355,12.2524284003,2001-06-30,2001-07-31,49.8780627808,14.527693548,20.0171980508,3.3041743466
sh600236,2002-03-01,11.8,11.85,11.65,11.67,-0.017677,159700.0,1874985.0,723540000.0,7881486600.0,0.00257580645161,12.0358422235,2001-06-30,2001-07-31,48.996368265,14.2708875092,19.6633540409,3.24576645668
sh600236,2002-03-04,11.64,11.76,11.51,11.73,0.005141,200672.0,2350579.0,727260000.0,7922008380.0,0.00323664516129,12.0977184883,2001-06-30,2001-07-31,49.2482585943,14.3442541419,19.764443344,3.26245294203
sh600236,2002-03-05,11.75,12.18,11.73,12.08,0.029838,454038.0,5476772.0,748960000.0,8158385440.0,0.00732319354839,12.4586902126,2001-06-30,2001-07-31,50.7177281342,14.7722579969,20.3541748045,3.35979801292
sh600236,2002-03-06,12.1,12.35,12.09,12.1,0.001656,490975.0,5997000.0,750200000.0,8171892700.0,0.0079189516129,12.4793218036,2001-06-30,2001-07-31,50.801716692,14.7967208562,20.387881318,3.36536183843
sh600236,2002-03-07,12.1,12.46,12.1,12.46,0.029752,524672.0,6483171.0,772520000.0,8415023390.0,0.0084624516129,12.8506065859,2001-06-30,2001-07-31,52.313169367,15.2369528951,20.994461563,3.46548808384
sh600236,2002-03-08,12.46,13.2,12.46,12.89,0.03451,1546559.0,19953309.0,799180000.0,8705429500.0,0.0249445,13.2940810192,2001-06-30,2001-07-31,54.1184968419,15.7627801395,21.7189804315,3.58508207762
sh600236,2002-03-11,12.78,13.05,12.78,12.98,0.006982,1009518.0,13061852.0,804760000.0,8766212170.0,0.0162825483871,13.3869002929,2001-06-30,2001-07-31,54.4963521868,15.8728358704,21.8706223529,3.61011312068
sh600236,2002-03-12,13.0,13.01,12.85,12.88,-0.007704,842000.0,10905163.0,798560000.0,8698675870.0,0.0135806451613,13.283767613,2001-06-30,2001-07-31,54.0765122896,15.7505515429,21.7021310783,3.5823008092
sh600236,2002-03-13,12.7,12.99,12.51,12.54,-0.026398,381970.0,4861735.0,777480000.0,8469052430.0,0.00616080645161,12.9331027155,2001-06-30,2001-07-31,52.6490005182,15.3347684833,21.1292382221,3.48773523244
sh600236,2002-03-14,12.44,13.24,12.44,13.18,0.051037,1218634.0,15747371.0,817160000.0,8901284770.0,0.0196553870968,13.5931694788,2001-06-30,2001-07-31,55.3360475576,16.1174090623,22.2076111532,3.6657387755
sh600236,2002-03-15,13.2,13.9,13.2,13.31,0.009863,2544521.0,34516582.0,825220000.0,8989081970.0,0.0410406612903,13.7272389094,2001-06-30,2001-07-31,55.8818269947,16.2763750679,22.426644822,3.70189395704
sh600236,2002-03-18,13.7,13.74,13.0,13.13,-0.013524,785178.0,10392096.0,814060000.0,8867516620.0,0.0126641612903,13.5415917304,2001-06-30,2001-07-31,55.1260811664,16.0562533715,22.1233468774,3.65182954317
sh600236,2002-03-19,13.1,13.86,13.1,13.8,0.051028,1134299.0,15375890.0,855600000.0,9320009860.0,0.0182951451613,14.2325920732,2001-06-30,2001-07-31,57.9390548362,16.8755718685,23.2522570219,3.83817510109
sh600236,2002-03-20,13.75,13.9,13.4,13.64,-0.011594,1608168.0,21878041.0,845680000.0,9211951770.0,0.0259381935484,14.0675794007,2001-06-30,2001-07-31,57.2673094344,16.6799164883,22.982670354,3.79367529897
sh600236,2002-03-21,13.79,13.79,13.16,13.34,-0.021994,1261586.0,16853176.0,827080000.0,9009342860.0,0.0203481612903,13.7581770594,2001-06-30,2001-07-31,56.0077722307,16.3130584051,22.4771895022,3.71023720445
sh600236,2002-03-22,13.32,13.32,13.1,13.14,-0.014993,764262.0,10054657.0,814680000.0,8874270250.0,0.0123268064516,13.5519007107,2001-06-30,2001-07-31,55.1680477016,16.0684767204,22.140189,3.65460961804
sh600236,2002-03-25,12.77,13.14,12.41,13.05,-0.006849,10310183.0,132522843.0,1435500000.0,8813487580.0,0.0937289363636,13.4590837428,2001-06-30,2001-07-31,54.7902017429,15.9584237233,21.9885508456,3.62957919677
sh600236,2002-03-26,13.0,13.0,12.7,12.73,-0.024521,2530862.0,32428597.0,1400300000.0,8597371410.0,0.0230078363636,13.1290535503,2001-06-30,2001-07-31,53.446691206,15.5671072152,21.4493695903,3.54057828528
sh600236,2002-03-27,12.67,13.15,12.62,13.15,0.032993,2619075.0,34038584.0,1446500000.0,8881023880.0,0.0238097727273,13.5622204141,2001-06-30,2001-07-31,55.2100578889,16.0807127836,22.1570486412,3.65739258465
sh600236,2002-03-28,13.15,13.18,12.92,12.99,-0.012167,856797.0,11173280.0,1428900000.0,8772965800.0,0.00778906363636,13.3972088783,2001-06-30,2001-07-31,54.5383171146,15.8850587511,21.8874638304,3.61289308907
sh600236,2002-03-29,12.96,12.98,12.52,12.56,-0.033102,775709.0,9860265.0,1381600000.0,8482559690.0,0.0070519,12.95373447,2001-06-30,2001-07-31,52.7329897415,15.3592315363,21.1629450026,3.49329910204
sh600236,2002-04-01,12.46,12.89,11.98,12.7,0.011146,3458603.0,42632577.0,1397000000.0,8577110520.0,0.0314418454545,13.0981167944,2001-06-30,2001-07-31,53.3207516451,15.5304255311,21.3988271876,3.53223541383
sh600236,2002-04-02,12.2,12.75,12.2,12.7,0.0,948691.0,11917258.0,1397000000.0,8577110520.0,0.00862446363636,13.0981167944,2001-12-31,2002-04-02,34.1527299326,13.4091000277,18.7740126274,3.42909138529
sh600236,2002-04-03,12.8,12.96,12.65,12.72,0.001575,378075.0,4845191.0,1399200000.0,8590617780.0,0.00343704545455,13.1187463284,2001-12-31,2002-04-02,34.2065204822,13.4302193602,18.8035816973,3.43449220422
sh600236,2002-04-04,12.8,13.33,12.62,13.27,0.043239,3867664.0,50205441.0,1459700000.0,8962067450.0,0.0351605818182,13.6859878009,2001-12-31,2002-04-02,35.6855762214,14.0109286151,19.6166297663,3.58299621264
sh600236,2002-04-05,13.28,13.39,13.09,13.16,-0.008289,1680454.0,22194436.0,1447600000.0,8887777510.0,0.0152768545455,13.572544648,2001-12-31,2002-04-02,35.3897784801,13.8947920278,19.4540275221,3.55329675703
sh600236,2002-04-08,13.05,13.43,13.05,13.28,0.009119,818271.0,10896330.0,1460800000.0,8968821080.0,0.00743882727273,13.6963126826,2001-12-31,2002-04-02,35.71249787,14.0214986363,19.6314287991,3.58569927016
sh600236,2002-04-09,13.28,13.75,13.28,13.61,0.024849,1486933.0,20210287.0,1497100000.0,9191690880.0,0.0135175727273,14.0366523565,2001-12-31,2002-04-02,36.5999177296,14.3699188559,20.1192501733,3.67480031132
sh600236,2002-04-10,13.65,13.78,13.4,13.65,0.002939,735370.0,9986836.0,1501500000.0,9218705400.0,0.00668518181818,14.0779060778,2001-12-31,2002-04-02,36.7074848878,14.4121520475,20.1783806496,3.68560054944
sh600236,2002-04-11,13.65,13.68,13.3,13.31,-0.024908,647900.0,8720183.0,1464100000.0,8989081970.0,0.00589,13.7272535932,2001-12-31,2002-04-02,35.7931748542,14.0531741643,19.6757775444,3.59379961095
sh600236,2002-04-12,13.62,14.5,13.5,13.6,0.021788,3324090.0,45768161.0,1496000000.0,9184937250.0,0.030219,14.0263429945,2001-12-31,2002-04-02,36.5730365479,14.359364723,20.1044733855,3.67210131687
sh600236,2002-04-15,13.68,13.8,13.4,13.46,-0.010294,782195.0,10604556.0,1480600000.0,9090386420.0,0.00711086363636,13.8819558197,2001-12-31,2002-04-02,36.1965537097,14.2115494225,19.8975179365,3.63430070592
sh600236,2002-04-16,13.5,13.52,13.2,13.2,-0.019316,696437.0,9278938.0,1452000000.0,8914792040.0,0.00633124545455,13.6138119611,2001-12-31,2002-04-02,35.4973810783,13.9370391339,19.51317748,3.56410055348
sh600236,2002-04-17,13.32,13.32,13.08,13.22,0.001515,661672.0,8719374.0,1454200000.0,8928299300.0,0.0060152,13.6344368862,2001-12-31,2002-04-02,35.5511596106,13.9581537481,19.5427399439,3.56950016582
sh600236,2002-04-18,13.25,13.32,13.06,13.09,-0.009834,690881.0,9104437.0,1439900000.0,8840502100.0,0.00628073636364,13.5003558338,2001-12-31,2002-04-02,35.201549507,13.8208892642,19.3505566393,3.53439770119
sh600236,2002-04-19,13.0,13.34,12.95,13.26,0.012987,585060.0,7654809.0,1458600000.0,8955313820.0,0.00531872727273,13.6756849551,2001-12-31,2002-04-02,35.6587120304,14.0003811531,19.6018623184,3.58029892414
sh600236,2002-04-22,13.23,13.37,13.05,13.29,0.002262,338794.0,4487689.0,1461900000.0,8975574710.0,0.00307994545455,13.7066193544,2001-12-31,2002-04-02,35.739372037,14.0320500152,19.6462017309,3.5883975603
sh600236,2002-04-23,13.3,13.32,13.19,13.2,-0.006772,233693.0,3098814.0,1452000000.0,8914792040.0,0.00212448181818,13.6137981282,2001-12-31,2002-04-02,35.4973450096,13.9370249725,19.5131576528,3.56409693202
sh600236,2002-04-24,13.21,13.22,13.0,13.03,-0.012879,375140.0,4896660.0,1433300000.0,8799980320.0,0.00341036363636,13.4384660221,2001-12-31,2002-04-02,35.0401747032,13.7575300279,19.2618476954,3.51819492764
sh600236,2002-04-25,13.0,13.1,13.0,13.09,0.004605,289269.0,3769460.0,1439900000.0,8840502100.0,0.00262971818182,13.5003501581,2001-12-31,2002-04-02,35.2015347077,13.8208834537,19.350548504,3.53439621528
sh600236,2002-04-26,13.02,13.28,13.02,13.13,0.003056,287500.0,3788424.0,1444300000.0,8867516620.0,0.00261363636364,13.5416072282,2001-12-31,2002-04-02,35.3091105978,13.8631200735,19.4096837803,3.54519733011
sh600236,2002-04-29,13.16,13.36,13.13,13.3,0.012947,441209.0,5847091.0,1463000000.0,8982328340.0,0.00401099090909,13.716930417,2001-12-31,2002-04-02,35.7662576527,14.0426058891,19.6609809562,3.59109699994
sh600236,2002-04-30,13.54,13.54,13.14,13.3,0.0,532300.0,7031909.0,1463000000.0,8982328340.0,0.00483909090909,13.716930417,2001-12-31,2002-04-02,35.7662576527,14.0426058891,19.6609809562,3.59109699994
sh600236,2002-05-08,13.29,13.29,13.1,13.12,-0.013534,134060.0,1765060.0,1443200000.0,8860762990.0,0.00121872727273,13.5312854807,2001-12-31,2002-04-02,35.2821971216,13.852553261,19.3948892399,3.54249509315
sh600236,2002-05-09,13.1,13.35,13.1,13.25,0.009909,142413.0,1884629.0,1457500000.0,8948560190.0,0.00129466363636,13.6653669885,2001-12-31,2002-04-02,35.6318084129,13.9898182113,19.5870731974,3.57759767702
sh600236,2002-05-10,13.28,13.39,13.08,13.1,-0.011321,210700.0,2771026.0,1441000000.0,8847255730.0,0.00191545454545,13.5106613689,2001-12-31,2002-04-02,35.2284207099,13.8314394793,19.3653279417,3.53709569372
sh600236,2002-05-13,13.08,13.08,12.97,12.98,-0.00916,364360.0,4735645.0,1427800000.0,8766212170.0,0.00331236363636,13.3869037107,2001-12-31,2002-04-02,34.9057283762,13.7047434937,19.1879415378,3.50469589717
sh600236,2002-05-14,12.96,13.0,12.88,12.91,-0.005393,380181.0,4918284.0,1420100000.0,8718936760.0,0.00345619090909,13.314708139,2001-12-31,2002-04-02,34.717481783,13.630833812,19.0844609691,3.4857950722
sh600236,2002-05-15,12.8,12.9,12.76,12.76,-0.011619,278800.0,3571809.0,1403600000.0,8617632300.0,0.00253454545455,13.1600045451,2001-12-31,2002-04-02,34.3140993622,13.4724571539,18.8627186171,3.44529361925
sh600236,2002-05-16,12.72,12.76,12.42,12.43,-0.025862,1033300.0,12950573.0,1367300000.0,8394762500.0,0.00939363636364,12.8196605076,2001-12-31,2002-04-02,33.4266681245,13.124032467,18.3748909882,3.35619143567
sh600236,2002-05-17,12.5,12.6,12.33,12.55,0.009654,493640.0,6149232.0,1380500000.0,8475806060.0,0.00448763636364,12.9434215101,2001-12-31,2002-04-02,33.7493691786,13.2507318765,18.5522821858,3.38859210779
sh600236,2002-05-20,12.53,12.53,12.23,12.29,-0.020717,250700.0,3083969.0,1351900000.0,8300211680.0,0.00227909090909,12.6752726467,2001-12-31,2002-04-02,33.0501834973,12.9762164642,18.1679345557,3.31839064509
sh600236,2002-05-21,12.45,12.9,12.45,12.6,0.025224,493403.0,6227523.0,1386000000.0,8509574220.0,0.00448548181818,12.9949937239,2001-12-31,2002-04-02,33.8838413258,13.3035285483,18.626202537,3.40209373073
sh600236,2002-05-22,12.68,12.68,12.3,12.31,-0.023016,274700.0,3400500.0,1354100000.0,8313718940.0,0.00249727272727,12.6959009484,2001-12-31,2002-04-02,33.1039708339,12.9973345352,18.1975018594,3.32379114142
sh600236,2002-05-23,12.5,12.6,12.4,12.5,0.015435,240190.0,2994878.0,1375000000.0,8442037910.0,0.00218354545455,12.8918621795,2001-12-31,2002-04-02,33.6149306237,13.1979483938,18.4783803006,3.37509385769
sh600236,2002-05-24,12.5,12.5,12.41,12.47,-0.0024,220788.0,2751228.0,1371700000.0,8421777020.0,0.00200716363636,12.8609217103,2001-12-31,2002-04-02,33.5342547902,13.1662733176,18.4340321879,3.36699363243
sh600236,2002-05-27,12.67,12.68,12.4,12.49,0.001604,147004.0,1831632.0,1373900000.0,8435284280.0,0.0013364,12.8815506287,2001-12-31,2002-04-02,33.5880437349,13.18739202,18.4636003755,3.37239429021
sh600236,2002-05-28,12.49,12.6,12.4,12.45,-0.003203,183232.0,2283338.0,1369500000.0,8408269760.0,0.00166574545455,12.8402910221,2001-12-31,2002-04-02,33.4804612308,13.1451528034,18.4044614635,3.3615925113
sh600236,2002-05-29,12.41,12.43,12.18,12.21,-0.019277,360300.0,4428266.0,1343100000.0,8246182630.0,0.00327545454545,12.592768732,2001-12-31,2002-04-02,32.8350583797,12.8917536928,18.0496786599,3.29679109246
sh600236,2002-05-30,12.19,12.28,12.12,12.19,-0.001638,244400.0,2973257.0,1340900000.0,8232675370.0,0.00222181818182,12.5721417768,2001-12-31,2002-04-02,32.781274554,12.8706370002,18.0201132862,3.29139094865
sh600236,2002-05-31,12.2,12.3,12.14,12.19,0.0,307239.0,3745042.0,1340900000.0,8232675370.0,0.00279308181818,12.5721417768,2001-12-31,2002-04-02,32.781274554,12.8706370002,18.0201132862,3.29139094865
sh600236,2002-06-03,12.19,12.19,11.7,11.88,-0.025431,616191.0,7348233.0,1306800000.0,8023312830.0,0.00560173636364,12.2524196393,2001-12-31,2002-04-02,31.9476139608,12.5433238307,17.5618437852,3.20768758544
sh600236,2002-06-04,11.92,12.1,10.71,12.07,0.015993,1289396.0,14610380.0,1327700000.0,8151631810.0,0.0117217818182,12.4483725866,2001-12-31,2002-04-02,32.4585521509,12.7439292087,17.8427103529,3.25898813299
sh600236,2002-06-05,11.95,11.95,11.54,11.56,-0.042254,871583.0,10130452.0,1271600000.0,7807196660.0,0.00792348181818,11.9223790513,2001-12-31,2002-04-02,31.0870484883,12.2054472239,17.0887844696,3.12128284842
sh600236,2002-06-06,11.54,12.36,11.53,12.04,0.041522,505174.0,5969024.0,1324400000.0,8131370920.0,0.00459249090909,12.4174200743,2001-12-31,2002-04-02,32.3778449157,12.7122418036,17.7983449784,3.25088475485
sh600236,2002-06-07,12.29,12.29,12.0,12.15,0.009136,460939.0,5607816.0,1336500000.0,8205660850.0,0.00419035454545,12.5308656241,2001-12-31,2002-04-02,32.6736489068,12.8283808447,17.9609506581,3.28058483797
sh600236,2002-06-10,12.15,12.15,12.0,12.0,-0.012346,94600.0,1136776.0,1320000000.0,8104356400.0,0.00086,12.3761595571,2001-12-31,2002-04-02,32.2702600374,12.6700016548,17.7392047613,3.24008273756
sh600236,2002-06-11,12.01,12.2,12.01,12.11,0.009167,167500.0,2024210.0,1332100000.0,8178646330.0,0.00152272727273,12.4896118118,2001-12-31,2002-04-02,32.5660815112,12.7861475599,17.9018200513,3.26978457602
sh600236,2002-06-12,12.17,12.17,12.01,12.07,-0.003303,105610.0,1274570.0,1327700000.0,8151631810.0,0.000960090909091,12.448358624,2001-12-31,2002-04-02,32.4585157439,12.7439149145,17.8426903397,3.25898447756
sh600236,2002-06-13,12.0,12.2,12.0,12.1,0.002486,86960.0,1053358.0,1331000000.0,8171892700.0,0.000790545454545,12.4793052435,2001-12-31,2002-04-02,32.5392076141,12.775596287,17.8870472679,3.26708631298
sh600236,2002-06-14,12.1,12.1,11.93,11.95,-0.012397,112100.0,1344062.0,1314500000.0,8070588240.0,0.00101909090909,12.3245992964,2001-12-31,2002-04-02,32.1358190573,12.6172172198,17.6653015429,3.22658424395
sh600236,2002-06-17,11.86,12.02,11.8,12.0,0.004184,104922.0,1256028.0,1320000000.0,8104356400.0,0.000953836363636,12.3761654199,2001-12-31,2002-04-02,32.2702753242,12.6700076567,17.7392131646,3.24008427243
sh600236,2002-06-18,12.0,12.45,12.0,12.38,0.031667,340910.0,4191306.0,1361800000.0,8360994350.0,0.00309918181818,12.7680814502,2001-12-31,2002-04-02,33.2921781329,13.0712287892,18.3009608278,3.34268802108
sh600236,2002-06-19,12.35,12.35,12.18,12.18,-0.016155,19800.0,241811.0,1339800000.0,8225921740.0,0.00018,12.5618130944,2001-12-31,2002-04-02,32.7543429952,12.8600630881,18.0053088057,3.2886868961
sh600236,2002-06-20,12.22,12.28,12.1,12.18,0.0,75701.0,921969.0,1339800000.0,8225921740.0,0.000688190909091,12.5618130944,2001-12-31,2002-04-02,32.7543429952,12.8600630881,18.0053088057,3.2886868961
sh600236,2002-06-24,13.4,13.4,13.0,13.4,0.100164,4606741.0,61612649.0,1474000000.0,9049864640.0,0.0418794636364,13.8200545412,2001-12-31,2002-04-02,36.035149007,14.1481784472,19.8087925569,3.61809493037
sh600236,2002-06-25,13.71,13.98,13.35,13.38,-0.001493,2829912.0,38814581.0,1471800000.0,9036357380.0,0.0257264727273,13.7994211997,2001-12-31,2002-04-02,35.9813485295,14.1270552168,19.7792180296,3.61269311463
sh600236,2002-06-26,13.43,13.54,13.3,13.5,0.008969,1002481.0,13442112.0,1485000000.0,9117400950.0,0.00911346363636,13.9231882085,2001-12-31,2002-04-02,36.3040652444,14.253760775,19.9566178361,3.64509535918
sh600236,2002-06-27,13.5,13.72,13.5,13.6,0.007407,693583.0,9438999.0,1496000000.0,9184937250.0,0.0063053,14.0263172635,2001-12-31,2002-04-02,36.5729694557,14.3593383811,20.1044365044,3.67209458051
sh600236,2002-06-28,13.6,13.65,13.35,13.37,-0.016912,766450.0,10340184.0,1470700000.0,9029603750.0,0.00696772727273,13.789104186,2001-12-31,2002-04-02,35.9544473963,14.1164932504,19.7644302743,3.60999211696
sh600236,2002-07-01,13.36,13.47,13.3,13.31,-0.004488,293695.0,3934787.0,1464100000.0,8989081970.0,0.00266995454545,13.7272186864,2001-12-31,2002-04-02,35.7930838364,14.0531384287,19.6757275112,3.59379047234
sh600236,2002-07-02,13.3,13.32,13.16,13.32,0.000751,183177.0,2423087.0,1465200000.0,8995835600.0,0.00166524545455,13.7375278276,2001-12-31,2002-04-02,35.8199644423,14.0636923357,19.6905039825,3.59648940898
sh600236,2002-07-03,13.35,13.55,13.35,13.49,0.012763,305535.0,4117147.0,1483900000.0,9110647320.0,0.00277759090909,13.9128598953,2001-12-31,2002-04-02,36.2771346485,14.2431872409,19.9418138849,3.64239140331
sh600236,2002-07-04,13.59,13.92,13.5,13.64,0.011119,1992188.0,27453756.0,1500400000.0,9211951770.0,0.0181108,14.0675569845,2001-12-31,2002-04-02,36.6805001087,14.4015572399,20.1635469135,3.68289115332
sh600236,2002-07-05,13.2,13.48,13.01,13.39,-0.005866,170955.0,2284888.0,1472900000.0,9043111010.0,0.00155413636364,13.9850366952,2001-12-31,2002-04-02,36.465332295,14.3170777051,20.0452675473,3.66128731382
sh600236,2002-07-08,13.4,13.46,13.31,13.45,0.004481,165644.0,2222207.0,1479500000.0,9083632790.0,0.00150585454545,14.0477036446,2001-12-31,2002-04-02,36.628733449,14.3812325303,20.1350903911,3.67769354227
sh600236,2002-07-09,13.45,13.8,13.45,13.74,0.021561,914973.0,12522313.0,1511400000.0,9279488070.0,0.00831793636364,14.3505861829,2001-12-31,2002-04-02,37.4184855709,14.6913062849,20.5692230751,3.75698829274
sh600236,2002-07-10,13.9,14.2,13.55,13.6,-0.010189,3329432.0,45880663.0,1496000000.0,9184937250.0,0.0302675636364,14.2043680603,2001-12-31,2002-04-02,37.0372286214,14.5416165651,20.3596432612,3.71870833902
sh600236,2002-07-11,13.52,13.68,13.3,13.47,-0.009559,532872.0,7181875.0,1481700000.0,9097140050.0,0.00484429090909,14.068588506,2001-12-31,2002-04-02,36.6831897531,14.4026132524,20.1650254312,3.68316120601
sh600236,2002-07-12,13.45,13.69,13.4,13.52,0.003712,556070.0,7552105.0,1487200000.0,9130908210.0,0.00505518181818,14.1208111065,2001-12-31,2002-04-02,36.8193577534,14.4560757528,20.2398780056,3.69683310041
sh600236,2002-07-15,13.4,13.6,13.35,13.37,-0.011095,237700.0,3192443.0,1470700000.0,9029603750.0,0.00216090909091,13.9641407073,2001-12-31,2002-04-02,36.4108469791,14.2956855923,20.0153165591,3.65581673716
sh600236,2002-07-16,13.33,13.52,13.33,13.37,0.0,237454.0,3191484.0,1470700000.0,9029603750.0,0.00215867272727,13.9641407073,2001-12-31,2002-04-02,36.4108469791,14.2956855923,20.0153165591,3.65581673716
sh600236,2002-07-17,13.37,13.37,13.06,13.35,-0.001496,414115.0,5457515.0,1468500000.0,9016096490.0,0.00376468181818,13.9432503528,2001-12-31,2002-04-02,36.3563763521,14.2742992467,19.9853736456,3.65034763532
sh600236,2002-07-18,13.3,13.5,13.3,13.45,0.007491,318090.0,4268243.0,1479500000.0,9083632790.0,0.00289172727273,14.0476992412,2001-12-31,2002-04-02,36.6287219673,14.3812280223,20.1350840796,3.67769238945
sh600236,2002-07-19,13.48,13.5,13.4,13.45,0.0,113950.0,1531168.0,1479500000.0,9083632790.0,0.00103590909091,14.0476992412,2001-12-31,2002-04-02,36.6287219673,14.3812280223,20.1350840796,3.67769238945
sh600236,2002-07-22,13.5,13.56,13.18,13.26,-0.014126,494280.0,6617608.0,1458600000.0,8955313820.0,0.00449345454545,13.8492614417,2001-12-31,2002-04-02,36.1113046408,14.1780787953,19.8506558818,3.62574130676
sh600236,2002-07-23,13.2,13.31,13.18,13.2,-0.004525,241000.0,3196371.0,1452000000.0,8914792040.0,0.00219090909091,13.7865935337,2001-12-31,2002-04-02,35.9479009873,14.1139229887,19.760831664,3.60933482735
sh600236,2002-07-24,13.2,13.3,13.17,13.23,0.002273,174576.0,2306643.0,1455300000.0,8935052930.0,0.00158705454545,13.8179304608,2001-12-31,2002-04-02,36.0296105663,14.1460039357,19.8057480344,3.61753884541
sh600236,2002-07-25,13.3,13.3,13.16,13.2,-0.002268,130414.0,1722054.0,1452000000.0,8914792040.0,0.00118558181818,13.7865913945,2001-12-31,2002-04-02,35.9478954095,14.1139207988,19.7608285978,3.60933426731
sh600236,2002-07-26,13.3,13.3,12.94,12.99,-0.015909,587809.0,7670902.0,1428900000.0,8772965800.0,0.00534371818182,13.567260512,2001-12-31,2002-04-02,35.3760003414,13.8893824328,19.4464535757,3.55191336845
sh600236,2002-07-29,12.98,12.98,12.81,12.9,-0.006928,639593.0,8236876.0,1419000000.0,8712183130.0,0.00581448181818,13.4732665312,2001-12-31,2002-04-02,35.1309154111,13.7931567913,19.3117285453,3.52730571263
sh600236,2002-07-30,13.0,13.05,12.9,13.0,0.007752,102250.0,1326728.0,1430000000.0,8779719430.0,0.000929545454545,13.5777112933,2001-12-31,2002-04-02,35.4032502673,13.9000813427,19.461433065,3.55464938652
sh600236,2002-07-31,13.0,13.04,12.78,12.81,-0.014615,154751.0,1990097.0,1409100000.0,8651400450.0,0.00140682727273,13.3792730428,2001-12-31,2002-04-02,34.8858317647,13.6969316539,19.1770042207,3.50269818573
sh600236,2002-08-01,12.8,12.88,12.71,12.8,-0.000781,395244.0,5051846.0,1408000000.0,8644646820.0,0.00359312727273,13.3688238305,2001-12-31,2002-04-02,34.8585859301,13.6862343503,19.1620269804,3.49996257845
sh600236,2002-08-02,12.8,12.95,12.71,12.9,0.007813,62474.0,802655.0,1419000000.0,8712183130.0,0.000567945454545,13.4732744511,2001-12-31,2002-04-02,35.1309360619,13.7931648993,19.3117398972,3.52730778608
sh600236,2002-08-05,12.88,12.88,12.7,12.73,-0.013178,108150.0,1379104.0,1400300000.0,8597371410.0,0.000983181818182,13.2957236404,2001-12-31,2002-04-02,34.6679805865,13.6113985722,19.0572497889,3.48082492407
sh600236,2002-08-06,12.7,12.93,12.7,12.92,0.014925,140749.0,1808192.0,1421200000.0,8725690390.0,0.00127953636364,13.4941623157,2001-12-31,2002-04-02,35.1854001968,13.8145486959,19.341679242,3.53277623606
sh600236,2002-08-07,12.92,12.94,12.88,12.9,-0.001548,58700.0,757529.0,1419000000.0,8712183130.0,0.000533636363636,13.4732733525,2001-12-31,2002-04-02,35.1309331973,13.7931637745,19.3117383225,3.52730749845
sh600236,2002-08-08,13.05,13.05,12.75,12.75,-0.011628,110649.0,1414798.0,1402500000.0,8610878670.0,0.0010059,13.3166061299,2001-12-31,2002-04-02,34.722430706,13.6327768662,19.0871814293,3.48629196686
sh600236,2002-08-09,12.87,12.87,12.72,12.76,0.000784,73680.0,939584.0,1403600000.0,8617632300.0,0.000669818181818,13.3270463491,2001-12-31,2002-04-02,34.7496530917,13.6434649632,19.1021457795,3.48902521976
sh600236,2002-08-12,12.71,12.79,12.71,12.73,-0.002351,39850.0,507773.0,1400300000.0,8597371410.0,0.000362272727273,13.2957144632,2001-12-31,2002-04-02,34.6679566573,13.6113891771,19.0572366348,3.48082252147
sh600236,2002-08-13,12.73,12.76,12.7,12.7,-0.002357,67700.0,861281.0,1397000000.0,8577110520.0,0.000615454545455,13.2643764642,2001-12-31,2002-04-02,34.5862442834,13.5793071328,19.012318728,3.47261822279
sh600236,2002-08-14,12.72,13.03,12.71,13.0,0.023622,94900.0,1218892.0,1430000000.0,8779719430.0,0.000862727272727,13.577707565,2001-12-31,2002-04-02,35.4032405459,13.9000775259,19.461427721,3.55464841044
sh600236,2002-08-15,12.9,12.9,12.84,12.86,-0.010769,33600.0,432099.0,1414600000.0,8685168600.0,0.000305454545455,13.4314892322,2001-12-31,2002-04-02,35.0219830485,13.750387591,19.2518476059,3.51636840171
sh600236,2002-08-16,12.86,13.15,12.86,13.02,0.012442,126950.0,1648062.0,1432200000.0,8793226690.0,0.00115409090909,13.5986038213,2001-12-31,2002-04-02,35.4577265616,13.9214699134,19.4913790938,3.56011905737
sh600236,2002-08-19,13.0,13.34,13.0,13.28,0.019969,1145724.0,15099750.0,1460800000.0,8968821080.0,0.0104156727273,13.870154341,2001-12-31,2002-04-02,36.1657819033,14.1994677461,19.8806024429,3.63121107482
sh600236,2002-08-20,13.28,13.38,13.14,13.34,0.004518,749737.0,9935836.0,1467400000.0,9009342860.0,0.00681579090909,13.9328196983,2002-06-30,2002-08-20,28.0321003272,12.954789339,14.4602657047,3.41066212866
sh600236,2002-08-21,13.4,13.4,13.22,13.28,-0.004498,478200.0,6356156.0,1460800000.0,8968821080.0,0.00434727272727,13.8701498753,2002-06-30,2002-08-20,27.9060119399,12.8965186966,14.3952234295,3.39532097041
sh600236,2002-08-22,13.26,13.36,13.23,13.3,0.001506,414497.0,5510956.0,1463000000.0,8982328340.0,0.00376815454545,13.891038321,2002-06-30,2002-08-20,27.9480383939,12.9159408537,14.416902636,3.40043432379
sh600236,2002-08-23,13.3,13.45,13.28,13.37,0.005263,454450.0,6087004.0,1470700000.0,9029603750.0,0.00413136363636,13.9641468557,2002-06-30,2002-08-20,28.09512892,12.9839174504,14.4927787946,3.41833080964
sh600236,2002-08-26,13.3,13.49,13.08,13.35,-0.001496,620000.0,8259476.0,1468500000.0,9016096490.0,0.00563636363636,13.943256492,2002-06-30,2002-08-20,28.0530986071,12.9644935099,14.4710975975,3.41321698674
sh600236,2002-08-27,13.44,13.57,13.4,13.51,0.011985,1815559.0,24514000.0,1486100000.0,9124154580.0,0.0165050818182,14.110366421,2002-06-30,2002-08-20,28.3893149939,13.1198729646,14.6445337022,3.45412439233
sh600236,2002-08-28,13.51,13.72,13.45,13.64,0.009623,2975308.0,40581380.0,1500400000.0,9211951770.0,0.0270482545455,14.2461504771,2002-06-30,2002-08-20,28.6625053721,13.2461255022,14.78545805,3.48736343136
sh600236,2002-08-29,13.5,13.83,13.5,13.8,0.01173,2943725.0,40551041.0,1518000000.0,9320009860.0,0.0267611363636,14.4132578222,2002-06-30,2002-08-20,28.9987165601,13.4015025543,14.958891473,3.52827020441
sh600236,2002-08-30,13.71,13.78,13.61,13.72,-0.005797,495251.0,6788162.0,1509200000.0,9265980810.0,0.00450228181818,14.3297041666,2002-06-30,2002-08-20,28.8306110002,13.323814044,14.8721747791,3.50781682203
sh600236,2002-09-02,13.71,13.72,13.52,13.69,-0.002187,469730.0,6408370.0,1505900000.0,9245719920.0,0.00427027272727,14.2983651036,2002-06-30,2002-08-20,28.7675584539,13.2946748627,14.8396493329,3.50014522664
sh600236,2002-09-03,13.7,13.81,13.61,13.71,0.001461,214640.0,2943247.0,1508100000.0,9259227180.0,0.00195127272727,14.319255015,2002-06-30,2002-08-20,28.8095878568,13.3140983827,14.8613300605,3.50525893882
sh600236,2002-09-04,13.74,13.77,13.4,13.65,-0.004376,349370.0,4727885.0,1501500000.0,9218705400.0,0.00317609090909,14.2565939551,2002-06-30,2002-08-20,28.6835171004,13.2558358881,14.7962968802,3.4899199257
sh600236,2002-09-05,13.6,13.6,13.31,13.44,-0.015385,680583.0,9154948.0,1478400000.0,9076879160.0,0.00618711818182,14.0372562571,2002-06-30,2002-08-20,28.2422211898,13.051894853,14.5686558527,3.43622750765
sh600236,2002-09-06,13.41,13.5,13.34,13.36,-0.005952,345100.0,4626596.0,1469600000.0,9022850120.0,0.00313727272727,13.9537065078,2002-06-30,2002-08-20,28.0741234893,12.9742099748,14.481943213,3.41577508152
sh600236,2002-09-09,13.31,13.45,13.25,13.26,-0.007485,435900.0,5802340.0,1458600000.0,8955313820.0,0.00396272727273,13.8492630146,2002-06-30,2002-08-20,27.863988675,12.8770980132,14.3735458681,3.39020800503
sh600236,2002-09-10,13.28,13.3,13.0,13.15,-0.008296,793835.0,10397117.0,1446500000.0,8881023880.0,0.00721668181818,13.7343695287,2002-06-30,2002-08-20,27.6328290249,12.7702696081,14.2543029316,3.36208283942
sh600236,2002-09-11,13.02,13.19,13.02,13.18,0.002281,208933.0,2736113.0,1449800000.0,8901284770.0,0.00189939090909,13.7656976256,2002-06-30,2002-08-20,27.6958595079,12.799398593,14.2868169966,3.36975175038
sh600236,2002-09-12,13.2,13.38,13.08,13.35,0.012898,270501.0,3577182.0,1468500000.0,9016096490.0,0.0024591,13.9432475935,2002-06-30,2002-08-20,28.0530807038,12.9644852361,14.4710883622,3.41321480846
sh600236,2002-09-13,13.31,13.4,13.31,13.38,0.002247,112883.0,1509636.0,1471800000.0,9036357380.0,0.00102620909091,13.9745780709,2002-06-30,2002-08-20,28.1161159762,12.9936164344,14.5036048977,3.42088430213
sh600236,2002-09-16,13.12,13.34,13.12,13.19,-0.0142,126500.0,1667510.0,1450900000.0,8908038410.0,0.00115,13.7761390623,2002-06-30,2002-08-20,27.7168671293,12.8091070811,14.2976537082,3.37230774504
sh600236,2002-09-17,13.15,13.32,13.15,13.29,0.007582,258399.0,3413613.0,1461900000.0,8975574710.0,0.00234908181818,13.8805897486,2002-06-30,2002-08-20,27.9270164159,12.9062257309,14.4060585186,3.39787658237
sh600236,2002-09-18,13.29,13.36,13.26,13.31,0.001505,199700.0,2659362.0,1464100000.0,8989081970.0,0.00181545454545,13.9014800362,2002-06-30,2002-08-20,27.9690465756,12.9256496007,14.4277396367,3.40299038662
sh600236,2002-09-19,13.25,13.6,13.12,13.58,0.020285,317102.0,4238198.0,1493800000.0,9171429990.0,0.00288274545455,14.1834715587,2002-06-30,2002-08-20,28.5363986854,13.1878464028,14.7204063352,3.47202004661
sh600236,2002-09-20,13.58,13.58,13.41,13.45,-0.009573,120800.0,1627431.0,1479500000.0,9083632790.0,0.00109818181818,14.0476931855,2002-06-30,2002-08-20,28.2632197408,13.0615991492,14.5794878854,3.43878239871
sh600236,2002-09-23,13.45,13.55,13.4,13.45,0.0,157760.0,2122109.0,1479500000.0,9083632790.0,0.00143418181818,14.0476931855,2002-06-30,2002-08-20,28.2632197408,13.0615991492,14.5794878854,3.43878239871
sh600236,2002-09-24,13.41,13.53,13.41,13.48,0.00223,209465.0,2820047.0,1482800000.0,9103893680.0,0.00190422727273,14.0790195413,2002-06-30,2002-08-20,28.3262467208,13.0907265153,14.6120001433,3.44645088346
sh600236,2002-09-25,13.42,13.51,13.16,13.45,-0.002226,542600.0,7251603.0,1479500000.0,9083632790.0,0.00493272727273,14.0476796438,2002-06-30,2002-08-20,28.2631924956,13.0615865581,14.579473831,3.43877908379
sh600236,2002-09-26,13.4,13.49,13.3,13.41,-0.002974,317030.0,4246369.0,1475100000.0,9056618270.0,0.00288209090909,14.0059018446,2002-06-30,2002-08-20,28.1791377611,13.0227413997,14.5361144758,3.4285521548
sh600236,2002-09-27,13.28,13.45,13.28,13.36,-0.003729,145349.0,1944320.0,1469600000.0,9022850120.0,0.00132135454545,13.9536738366,2002-06-30,2002-08-20,28.0740577564,12.974179597,14.481909305,3.41576708381
sh600236,2002-10-08,12.78,13.19,12.7,12.86,-0.037425,468250.0,6059806.0,1414600000.0,8685168600.0,0.00425681818182,13.4314575932,2002-06-30,2002-08-20,27.0233861449,12.4886209256,13.9399238492,3.2879320007
sh600236,2002-10-09,12.88,12.9,12.72,12.79,-0.005443,231300.0,2956572.0,1406900000.0,8637893190.0,0.00210272727273,13.3583501696,2002-06-30,2002-08-20,26.8762978541,12.4206453619,13.8640488437,3.27003578682
sh600236,2002-10-10,12.79,12.86,12.75,12.76,-0.002346,337000.0,4307067.0,1403600000.0,8617632300.0,0.00306363636364,13.3270114801,2002-06-30,2002-08-20,26.8132460593,12.3915065278,13.8315237851,3.26236428286
sh600236,2002-10-11,12.72,12.77,12.28,12.58,-0.014107,307066.0,3835984.0,1383800000.0,8496066960.0,0.00279150909091,13.1390073291,2002-06-30,2002-08-20,26.4349915972,12.2166995453,13.6364024791,3.21634210992
sh600236,2002-10-14,12.49,12.75,12.4,12.57,-0.000795,142740.0,1779666.0,1382700000.0,8489313320.0,0.00129763636364,13.1285618183,2002-06-30,2002-08-20,26.4139757788,12.2069872691,13.6255615391,3.21378511795
sh600236,2002-10-15,12.66,12.7,12.45,12.65,0.006364,52020.0,652703.0,1391500000.0,8543342370.0,0.000472909090909,13.2121119857,2002-06-30,2002-08-20,26.5820743207,12.2846725361,13.7122746128,3.23423764644
sh600236,2002-10-16,12.65,12.75,12.46,12.7,0.003953,123452.0,1553240.0,1397000000.0,8577110520.0,0.00112229090909,13.2643394644,2002-06-30,2002-08-20,26.6871532605,12.3332338466,13.7664792343,3.24702258785
sh600236,2002-10-17,12.5,12.53,12.41,12.49,-0.016535,148614.0,1853688.0,1373900000.0,8435284280.0,0.00135103636364,13.0450136113,2002-06-30,2002-08-20,26.2458811813,12.129303825,13.5388505002,3.19333306936
sh600236,2002-10-18,12.4,12.6,12.3,12.6,0.008807,131129.0,1634401.0,1386000000.0,8509574220.0,0.00119208181818,13.1599010462,2002-06-30,2002-08-20,26.4770286569,12.2361266038,13.6580871565,3.22145675371
sh600236,2002-10-21,12.4,12.7,12.36,12.69,0.007143,76450.0,959999.0,1395900000.0,8570356890.0,0.000695,13.2539022194,2002-06-30,2002-08-20,26.6661540726,12.3235292561,13.7556468731,3.2444676193
sh600236,2002-10-22,12.69,12.98,12.69,12.92,0.018125,96200.0,1236544.0,1421200000.0,8725690390.0,0.000874545454545,13.4941291971,2002-06-30,2002-08-20,27.1494781152,12.5468932239,14.0049679727,3.3032735949
sh600236,2002-10-23,12.92,12.92,12.8,12.88,-0.003096,73736.0,944358.0,1416800000.0,8698675870.0,0.000670327272727,13.4523513731,2002-06-30,2002-08-20,27.0654233309,12.5080480424,13.9616085918,3.29304665985
sh600236,2002-10-24,12.8,12.88,12.51,12.85,-0.002329,187381.0,2388177.0,1413500000.0,8678414970.0,0.00170346363636,13.4210208468,2002-06-30,2002-08-20,27.00238796,12.4789167985,13.9290920054,3.28537715418
sh600236,2002-10-28,12.52,12.7,12.35,12.4,-0.035019,75810.0,949356.0,1364000000.0,8374501610.0,0.000689181818182,12.9510301177,2002-06-30,2002-08-20,26.056791336,12.0419176112,13.4413091325,3.17032653161
sh600236,2002-10-29,12.4,12.6,12.38,12.54,0.01129,72460.0,902857.0,1379400000.0,8469052430.0,0.000658727272727,13.0972472478,2002-06-30,2002-08-20,26.3509725102,12.177870861,13.5930615126,3.20611951816
sh600236,2002-10-30,12.55,12.55,12.4,12.49,-0.003987,140643.0,1746098.0,1373900000.0,8435284280.0,0.00127857272727,13.045028523,2002-06-30,2002-08-20,26.2459111828,12.1293176899,13.5388659763,3.19333671964
sh600236,2002-10-31,12.42,12.58,12.42,12.51,0.001601,42350.0,528780.0,1376100000.0,8448791540.0,0.000385,13.0659136136,2002-06-30,2002-08-20,26.2879308866,12.1487367275,13.5605417007,3.19844925173
sh600236,2002-11-01,12.5,12.65,12.4,12.6,0.007194,47775.0,598102.0,1386000000.0,8509574220.0,0.000434318181818,13.1599097962,2002-06-30,2002-08-20,26.4770462614,12.2361347395,13.6580962377,3.22145889564
sh600236,2002-11-04,12.61,12.74,12.46,12.74,0.011111,60480.0,760858.0,1401400000.0,8604125040.0,0.000549818181818,13.3061295539,2002-06-30,2002-08-20,26.7712327224,12.3720904326,13.809851345,3.25725252543
sh600236,2002-11-05,12.71,12.98,12.65,12.92,0.014129,183353.0,2349941.0,1421200000.0,8725690390.0,0.00166684545455,13.4941318584,2002-06-30,2002-08-20,27.1494834695,12.5468956983,14.0049707347,3.30327424636
sh600236,2002-11-06,12.91,12.91,12.68,12.7,-0.017028,103800.0,1324647.0,1397000000.0,8577110520.0,0.000943636363636,13.2643537811,2002-06-30,2002-08-20,26.687182065,12.3332471584,13.766494093,3.2470260925
sh600236,2002-11-07,12.68,12.85,12.66,12.74,0.00315,91797.0,1170470.0,1401400000.0,8604125040.0,0.000834518181818,13.3061364955,2002-06-30,2002-08-20,26.7712466885,12.3720968869,13.8098585494,3.25725422469
sh600236,2002-11-08,12.9,12.9,12.45,12.5,-0.018838,113736.0,1429193.0,1375000000.0,8442037910.0,0.00103396363636,13.0554754962,2002-06-30,2002-08-20,26.2669299434,12.1390313258,13.5497084341,3.1958940696
sh600236,2002-11-11,12.41,12.45,12.0,12.23,-0.0216,401906.0,4881528.0,1345300000.0,8259689890.0,0.00365369090909,12.7734772255,2002-06-30,2002-08-20,25.6995642566,11.8768282491,13.2570347319,3.1268627577
sh600236,2002-11-12,12.1,12.3,12.01,12.23,0.0,272500.0,3297144.0,1345300000.0,8259689890.0,0.00247727272727,12.7734772255,2002-06-30,2002-08-20,25.6995642566,11.8768282491,13.2570347319,3.1268627577
sh600236,2002-11-13,12.02,12.34,11.8,12.28,0.004088,180670.0,2189653.0,1350800000.0,8293458050.0,0.00164245454545,12.8256952004,2002-06-30,2002-08-20,25.8046240753,11.925380723,13.3112294899,3.13964537265
sh600236,2002-11-14,12.29,12.3,12.02,12.08,-0.016287,135150.0,1649889.0,1328800000.0,8158385440.0,0.00122863636364,12.6168031027,2002-06-30,2002-08-20,25.384344163,11.7311520472,13.0944294952,3.08850996847
sh600236,2002-11-15,12.08,12.23,12.05,12.07,-0.000828,74501.0,904119.0,1327700000.0,8151631810.0,0.000677281818182,12.6063563897,2002-06-30,2002-08-20,25.363325926,11.7214386533,13.0835873075,3.08595268222
sh600236,2002-11-18,12.0,12.07,12.0,12.0,-0.0058,71057.0,854102.0,1320000000.0,8104356400.0,0.000645972727273,12.5332395226,2002-06-30,2002-08-20,25.2162186357,11.6534543091,13.0077025012,3.06805415666
sh600236,2002-11-19,12.0,12.07,11.9,12.0,0.0,73800.0,882924.0,1320000000.0,8104356400.0,0.000670909090909,12.5332395226,2002-06-30,2002-08-20,25.2162186357,11.6534543091,13.0077025012,3.06805415666
sh600236,2002-11-20,11.81,11.86,11.8,11.8,-0.016667,158400.0,1869870.0,1298000000.0,7969283790.0,0.00144,12.3243480195,2002-06-30,2002-08-20,24.7959399197,11.4592261861,12.7909031236,3.01691889803
sh600236,2002-11-21,11.8,11.8,11.35,11.36,-0.037288,631900.0,7273456.0,1249600000.0,7672124050.0,0.00574454545455,11.8647977306,2002-06-30,2002-08-20,23.8713489119,11.0319345601,12.3139559279,2.90442402616
sh600236,2002-11-22,11.3,11.49,10.88,11.19,-0.014965,183242.0,2053627.0,1230900000.0,7557312340.0,0.00166583636364,11.6872410325,2002-06-30,2002-08-20,23.5141141755,10.8668416594,12.1296775774,2.86095932061
sh600236,2002-11-25,11.2,11.2,11.05,11.17,-0.001787,50900.0,566173.0,1228700000.0,7543805080.0,0.000462727272727,11.6663559328,2002-06-30,2002-08-20,23.4720944534,10.8474226134,12.1080018436,2.8558467863
sh600236,2002-11-26,11.3,11.3,10.95,11.04,-0.011638,51850.0,575734.0,1214400000.0,7456007880.0,0.000471363636364,11.5305828825,2002-06-30,2002-08-20,23.1989262182,10.721180309,11.9670889182,2.8226104414
sh600236,2002-11-27,10.9,11.2,10.22,10.9,-0.012681,152999.0,1650484.0,1199000000.0,7361457060.0,0.0013909,11.3843635609,2002-06-30,2002-08-20,22.9047406348,10.5852250215,11.8153342636,2.7868169184
sh600236,2002-11-28,11.0,11.2,10.9,11.19,0.026606,65937.0,728110.0,1230900000.0,7557312340.0,0.000599427272727,11.6872559378,2002-06-30,2002-08-20,23.5141441641,10.8668555184,12.129693047,2.86096296933
sh600236,2002-11-29,11.2,11.45,11.18,11.29,0.008937,317780.0,3593991.0,1241900000.0,7624848640.0,0.00288890909091,11.7917049441,2002-06-30,2002-08-20,23.7242900705,10.9639726062,12.2380961138,2.88653139538
sh600236,2002-12-02,10.94,11.2,10.91,10.96,-0.029229,36800.0,404753.0,1205600000.0,7401978840.0,0.000334545454545,11.4470452003,2002-06-30,2002-08-20,23.0308527961,10.6435066509,11.8803888025,2.80216096923
sh600236,2002-12-03,10.86,11.18,10.86,11.01,0.004562,57600.0,633814.0,1211100000.0,7435746990.0,0.000523636363636,11.4992666205,2002-06-30,2002-08-20,23.1359195465,10.6920623282,11.9345871362,2.81494442757
sh600236,2002-12-04,11.2,11.45,11.01,11.15,0.012716,410210.0,4616981.0,1226500000.0,7530297820.0,0.00372918181818,11.6454912949,2002-06-30,2002-08-20,23.4301158995,10.8280225928,12.0863473462,2.85073926091
sh600236,2002-12-05,11.2,11.2,11.0,11.06,-0.008072,51350.0,569177.0,1216600000.0,7469515140.0,0.000466818181818,11.5514888891,2002-06-30,2002-08-20,23.2409880039,10.7406187944,11.9887863504,2.8277280936
sh600236,2002-12-06,11.1,11.21,11.02,11.04,-0.001808,143999.0,1602889.0,1214400000.0,7456007880.0,0.00130908181818,11.5306037972,2002-06-30,2002-08-20,23.1989682976,10.7211997556,11.9671106247,2.8226155612
sh600236,2002-12-09,11.08,11.18,11.04,11.04,0.0,44400.0,491626.0,1214400000.0,7456007880.0,0.000403636363636,11.5306037972,2002-06-30,2002-08-20,23.1989682976,10.7211997556,11.9671106247,2.8226155612
sh600236,2002-12-10,11.1,11.22,10.87,10.87,-0.015399,61300.0,674017.0,1195700000.0,7341196170.0,0.000557272727273,11.3530440294,2002-06-30,2002-08-20,22.8417273848,10.5561040006,11.7828290882,2.77915010418
sh600236,2002-12-11,10.87,10.88,10.71,10.79,-0.00736,98700.0,1066055.0,1186900000.0,7287167130.0,0.000897272727273,11.2694856253,2002-06-30,2002-08-20,22.6736122712,10.4784110752,11.6961074661,2.75869555941
sh600236,2002-12-12,10.72,10.98,10.7,10.85,0.005561,43605.0,473600.0,1193500000.0,7327688910.0,0.000396409090909,11.3321552349,2002-06-30,2002-08-20,22.7997002291,10.5366815191,11.7611495197,2.77403666542
sh600236,2002-12-13,10.7,11.1,10.7,11.0,0.013825,60150.0,650554.0,1210000000.0,7428993360.0,0.000546818181818,11.488822281,2002-06-30,2002-08-20,23.1149060848,10.6823511412,11.9237474118,2.81238772231
sh600236,2002-12-16,10.95,11.09,10.95,11.0,0.0,43800.0,482602.0,1210000000.0,7428993360.0,0.000398181818182,11.488822281,2002-06-30,2002-08-20,23.1149060848,10.6823511412,11.9237474118,2.81238772231
sh600236,2002-12-17,10.98,11.2,10.95,11.15,0.013636,56500.0,626006.0,1226500000.0,7530297820.0,0.000513636363636,11.6454838616,2002-06-30,2002-08-20,23.4301009441,10.8280156813,12.0863396315,2.8507374413
sh600236,2002-12-18,11.18,11.2,11.0,11.1,-0.004484,109005.0,1212903.0,1221000000.0,7496529670.0,0.000990954545455,11.593265512,2002-06-30,2002-08-20,23.3250403715,10.779462859,12.0321444846,2.83795473461
sh600236,2002-12-19,11.1,11.16,10.9,11.16,0.005405,52169.0,574405.0,1227600000.0,7537051450.0,0.000474263636364,11.6559271121,2002-06-30,2002-08-20,23.4511122147,10.8377258557,12.0971782256,2.85329387995
sh600236,2002-12-20,11.11,11.35,10.98,11.2,0.003584,65850.0,736842.0,1232000000.0,7564065970.0,0.000598636363636,11.6977019548,2002-06-30,2002-08-20,23.5351610009,10.8765682652,12.1405345123,2.86352008522
sh600236,2002-12-23,11.3,11.3,11.08,11.13,-0.00625,86650.0,966194.0,1224300000.0,7516790560.0,0.000787727272727,11.6245913176,2002-06-30,2002-08-20,23.3880662446,10.8085897136,12.0646561716,2.84562308468
sh600236,2002-12-24,11.2,11.2,10.98,11.03,-0.008985,135200.0,1492655.0,1213300000.0,7449254250.0,0.00122909090909,11.5201443646,2002-06-30,2002-08-20,23.1779244694,10.711474535,11.9562552359,2.82005516127
sh600236,2002-12-25,11.1,11.17,10.94,10.96,-0.006346,127198.0,1399316.0,1205600000.0,7401978840.0,0.00115634545455,11.4470375285,2002-06-30,2002-08-20,23.0308373607,10.6434995176,11.8803808402,2.80215909121
sh600236,2002-12-26,10.91,11.1,10.7,10.7,-0.023723,443210.0,4771533.0,1177000000.0,7226384450.0,0.00402918181818,11.1754794572,2002-06-30,2002-08-20,22.484476806,10.3910037785,11.5985425655,2.73568347109
sh600236,2002-12-30,10.51,10.6,10.22,10.35,-0.03271,271420.0,2808140.0,1138500000.0,6990007390.0,0.00246745454545,10.8099295242,2002-06-30,2002-08-20,21.7490095697,10.0511140449,11.2191542382,2.64619926475
sh600236,2002-12-31,10.22,10.42,10.0,10.34,-0.000966,498900.0,5128294.0,1137400000.0,6983253760.0,0.00453545454545,10.7994871322,2002-06-30,2002-08-20,21.7280000265,10.0414046688,11.2083165352,2.64364303626
sh600236,2003-01-02,10.32,10.32,9.88,10.02,-0.030948,48950.0,491194.0,1102200000.0,6767137590.0,0.000445,10.4652646045,2002-06-30,2002-08-20,21.0555618816,9.73064327708,10.8614415551,2.56182757158
sh600236,2003-01-03,10.01,10.01,9.45,9.54,-0.047904,673842.0,6440139.0,1049400000.0,6442963330.0,0.00612583636364,9.96393656886,2002-06-30,2002-08-20,20.0469162453,9.26450654153,10.3411350588,2.43910578359
sh600236,2003-01-06,9.56,9.6,9.4,9.55,0.001048,260099.0,2478544.0,1050500000.0,6449716970.0,0.00236453636364,9.97437877439,2002-06-30,2002-08-20,20.0679254135,9.27421574439,10.3519725684,2.44166196645
sh600236,2003-01-07,9.57,9.75,9.5,9.65,0.010471,261400.0,2508624.0,1061500000.0,6517253270.0,0.00237636363636,10.0788204945,2002-06-30,2002-08-20,20.2780566605,9.37132605745,10.4603680731,2.4672286089
sh600236,2003-01-08,9.68,9.88,9.65,9.88,0.023834,165590.0,1614254.0,1086800000.0,6672586770.0,0.00150536363636,10.3190391022,2002-06-30,2002-08-20,20.7613638629,9.5946822427,10.7096804858,2.52603253557
sh600236,2003-01-09,9.89,10.15,9.88,10.1,0.022267,1007573.0,10117803.0,1111000000.0,6821166630.0,0.00915975454545,10.5488131459,2002-06-30,2002-08-20,21.2236571521,9.8083270322,10.9481529412,2.58227970203
sh600236,2003-01-10,10.1,10.1,9.85,9.85,-0.024752,483386.0,4827981.0,1083500000.0,6652325880.0,0.00439441818182,10.2877089229,2002-06-30,2002-08-20,20.6983291902,9.5655513215,10.6771642596,2.51836311485
sh600236,2003-01-13,8.87,10.3,8.87,10.0,0.015228,567838.0,5675699.0,1100000000.0,6753630330.0,0.00516216363636,10.4443701544,2002-06-30,2002-08-20,21.0135233472,9.71121553702,10.8397561169,2.55671274836
sh600236,2003-01-14,10.0,10.55,9.97,10.28,0.028,2101659.0,21480569.0,1130800000.0,6942731980.0,0.0191059909091,10.7368125187,2002-06-30,2002-08-20,21.6019020009,9.98312957206,11.1432692882,2.62830070532
sh600236,2003-01-15,10.3,10.53,10.03,10.15,-0.012646,3726737.0,37936019.0,1116500000.0,6854934780.0,0.0338794272727,10.6010347876,2002-06-30,2002-08-20,21.3287243482,9.85688291549,11.0023515048,2.5950632146
sh600236,2003-01-16,10.15,10.33,10.07,10.31,0.015764,975132.0,9921211.0,1134100000.0,6962992870.0,0.00886483636364,10.7681495,2002-06-30,2002-08-20,21.6649503588,10.0122668178,11.1757925739,2.63597179111
sh600236,2003-01-17,10.35,10.4,10.17,10.23,-0.007759,906116.0,9330368.0,1125300000.0,6908963830.0,0.00823741818182,10.684599428,2002-06-30,2002-08-20,21.496852009,9.93458163953,11.0890795993,2.61551928599
sh600236,2003-01-20,10.23,10.23,10.08,10.15,-0.00782,527157.0,5340813.0,1116500000.0,6854934780.0,0.00479233636364,10.6010458605,2002-06-30,2002-08-20,21.3287466262,9.85689321111,11.0023629968,2.59506592517
sh600236,2003-01-21,10.15,10.25,9.9,9.94,-0.02069,539654.0,5446348.0,1093400000.0,6713108550.0,0.00490594545455,10.3817102216,2002-06-30,2002-08-20,20.8874548586,9.65295409057,10.7747241064,2.54137401118
sh600236,2003-01-22,9.92,10.05,9.82,10.03,0.009054,429858.0,4260978.0,1103300000.0,6773891220.0,0.0039078,10.475706226,2002-06-30,2002-08-20,21.0765698748,9.74035193691,10.8722784585,2.56438361147
sh600236,2003-01-23,10.03,10.07,9.83,9.85,-0.017946,345400.0,3437181.0,1083500000.0,6652325880.0,0.00314,10.287709202,2002-06-30,2002-08-20,20.6983297519,9.56555158105,10.6771645493,2.51836318318
sh600236,2003-01-24,9.85,9.9,9.72,9.85,0.0,558698.0,5474904.0,1083500000.0,6652325880.0,0.00507907272727,10.287709202,2002-06-30,2002-08-20,20.6983297519,9.56555158105,10.6771645493,2.51836318318
sh600236,2003-01-27,9.9,10.17,9.9,10.14,0.029442,509688.0,5113602.0,1115400000.0,6848181150.0,0.00463352727273,10.5905999364,2002-06-30,2002-08-20,21.3077299764,9.8471805507,10.9915216279,2.59250883202
sh600236,2003-01-28,10.15,10.27,10.05,10.18,0.003945,474980.0,4807230.0,1119800000.0,6875195680.0,0.004318,10.6323798531,2002-06-30,2002-08-20,21.3917889712,9.88602767797,11.0348831808,2.60273627936
sh600236,2003-01-29,10.2,10.21,9.98,10.03,-0.014735,1878970.0,18858130.0,1103300000.0,6773891220.0,0.0170815454545,10.475711736,2002-06-30,2002-08-20,21.0765809607,9.74035706013,10.8722841771,2.56438496029
sh600236,2003-02-10,10.01,10.01,9.8,9.82,-0.020937,385290.0,3804418.0,1080200000.0,6632064980.0,0.00350263636364,10.2563817594,2002-06-30,2002-08-20,20.6353005851,9.53642320436,10.6446511633,2.51069443237
sh600236,2003-02-11,9.82,9.94,9.82,9.9,0.008147,354948.0,3510946.0,1089000000.0,6686094030.0,0.0032268,10.3399405016,2002-06-30,2002-08-20,20.803416379,9.61411644421,10.7313731363,2.53114905991
sh600236,2003-02-12,9.92,10.15,9.85,10.13,0.023232,1389930.0,13954005.0,1114300000.0,6841427520.0,0.0126357272727,10.5801579993,2002-06-30,2002-08-20,21.2867213483,9.83747159744,10.980684397,2.58995271487
sh600236,2003-02-13,10.16,10.33,10.14,10.17,0.003949,1700394.0,17396763.0,1118700000.0,6868442050.0,0.0154581272727,10.6219390432,2002-06-30,2002-08-20,21.3707826109,9.87631977278,11.0240471197,2.60018043815
sh600236,2003-02-14,10.18,10.37,10.13,10.31,0.013766,2017032.0,20777680.0,1134100000.0,6962992870.0,0.0183366545455,10.7681606561,2002-06-30,2002-08-20,21.6649728043,10.0122771908,11.1758041523,2.63597452206
sh600236,2003-02-17,10.47,10.7,10.3,10.49,0.017459,5864047.0,61979162.0,1153900000.0,7084558220.0,0.0533095181818,10.956161973,2002-06-30,2002-08-20,22.0432215645,10.1870815382,11.370922517,2.68199600124
sh600236,2003-02-18,10.44,10.5,10.35,10.47,-0.001907,991990.0,10342846.0,1151700000.0,7071050960.0,0.00901809090909,10.9352685721,2002-06-30,2002-08-20,22.001185141,10.1676547738,11.3492381678,2.67688143486
sh600236,2003-02-19,10.47,10.57,10.33,10.55,0.007641,679868.0,7093644.0,1160500000.0,7125080000.0,0.00618061818182,11.0188249593,2002-06-30,2002-08-20,22.1692961967,10.2453458239,11.4359576966,2.69733548591
sh600236,2003-02-20,10.55,10.55,10.41,10.46,-0.008531,615900.0,6444252.0,1150600000.0,7064297330.0,0.00559909090909,10.9248233635,2002-06-30,2002-08-20,21.9801699308,10.1579427787,11.3383975415,2.67432451688
sh600236,2003-02-21,10.37,10.44,10.07,10.08,-0.036329,1133906.0,11566097.0,1108800000.0,6807659370.0,0.0103082363636,10.5279354556,2002-06-30,2002-08-20,21.1816523374,9.78891487545,10.9264848972,2.5771689815
sh600236,2003-02-24,10.03,10.16,10.0,10.08,0.0,444089.0,4483726.0,1108800000.0,6807659370.0,0.00403717272727,10.5279354556,2002-06-30,2002-08-20,21.1816523374,9.78891487545,10.9264848972,2.5771689815
sh600236,2003-02-25,10.15,10.4,10.08,10.39,0.030754,649832.0,6656492.0,1142900000.0,7017021910.0,0.00590756363636,10.8517115826,2002-06-30,2002-08-20,21.8330728734,10.0899631635,11.2625180138,2.65642723636
sh600236,2003-02-26,10.39,10.4,10.27,10.33,-0.005775,412800.0,4265855.0,1136300000.0,6976500130.0,0.00375272727273,10.7890429482,2002-06-30,2002-08-20,21.7069868775,10.0316936263,11.1974769722,2.64108636907
sh600236,2003-02-27,10.42,10.65,10.4,10.64,0.03001,2366243.0,24904477.0,1170400000.0,7185862670.0,0.0215113,11.1128221271,2002-06-30,2002-08-20,22.3584135537,10.332744752,11.5335132562,2.72034537101
sh600236,2003-02-28,10.63,10.64,10.47,10.49,-0.014098,1457359.0,15361033.0,1153900000.0,7084558220.0,0.0132487181818,10.9561535607,2002-06-30,2002-08-20,22.0432046394,10.1870737165,11.3709137863,2.68199394197
sh600236,2003-03-03,10.52,10.84,10.42,10.79,0.028599,2552014.0,27217733.0,1186900000.0,7287167130.0,0.0232001272727,11.2694885964,2002-06-30,2002-08-20,22.6736182489,10.4784138377,11.6961105497,2.75869628671
sh600236,2003-03-04,10.69,10.77,10.47,10.5,-0.026877,3340565.0,35376537.0,1155000000.0,7091311850.0,0.0303687727273,10.9665985514,2002-06-30,2002-08-20,22.0642194112,10.196785509,11.3817541864,2.68455080661
sh600236,2003-03-05,10.5,10.52,10.27,10.31,-0.018095,1685831.0,17432620.0,1134100000.0,6962992870.0,0.0153257363636,10.7681579506,2002-06-30,2002-08-20,21.664967361,10.0122746752,11.1758013444,2.63597385977
sh600236,2003-03-06,10.32,10.41,10.18,10.21,-0.009699,1830405.0,18834589.0,1123100000.0,6895456570.0,0.0166400454545,10.6637175866,2002-06-30,2002-08-20,21.4548388426,9.91516562311,11.0674072472,2.6104075493
sh600236,2003-03-07,10.22,10.58,10.22,10.44,0.022527,2622538.0,27399909.0,1496400000.0,7050790060.0,0.0182967767442,10.9039391527,2002-06-30,2002-08-20,21.9381519972,10.1385245591,11.3167227302,2.66921220017
sh600236,2003-03-10,10.41,10.46,10.15,10.17,-0.025862,1047199.0,10720658.0,1457700000.0,6868442050.0,0.00730603953488,10.6219414783,2002-06-30,2002-08-20,21.3707875102,9.87632203696,11.024049647,2.60018103425
sh600236,2003-03-11,10.16,10.25,10.1,10.2,0.00295,447638.0,4560654.0,1462000000.0,6888702940.0,0.00312305581395,10.6532762057,2002-06-30,2002-08-20,21.4338313334,9.90545718697,11.0565705934,2.6078515683
sh600236,2003-03-12,10.2,10.35,10.15,10.34,0.013725,565028.0,5783149.0,1482066660.0,6983253760.0,0.00394205583169,10.7994924216,2002-06-30,2002-08-20,21.7280106684,10.0414095869,11.2083220248,2.64364433107
sh600236,2003-03-13,10.3,10.5,10.25,10.43,0.008704,1217122.0,12677757.0,1494966660.0,7044036430.0,0.00849154887508,10.8934912037,2002-06-30,2002-08-20,21.9171312733,10.1288100159,11.3058792597,2.66665461133
sh600236,2003-03-14,10.48,10.62,10.43,10.54,0.010547,1685046.0,17773822.0,1510733330.0,7118326370.0,0.0117561349097,11.0083848554,2002-06-30,2002-08-20,22.1482912568,10.2356385751,11.4251223683,2.69477981751
sh600236,2003-03-17,10.6,10.62,10.42,10.6,0.005693,2071919.0,21826067.0,1519333330.0,7158848150.0,0.0144552488689,11.0710555904,2002-06-30,2002-08-20,22.2743814789,10.2939100655,11.4901655899,2.71012119902
sh600236,2003-03-18,10.6,10.64,10.37,10.39,-0.019811,1201973.0,12597439.0,1489233330.0,7017021910.0,0.0083858581583,10.8517269081,2002-06-30,2002-08-20,21.8331037075,10.0899774132,11.2625339194,2.65643098794
sh600236,2003-03-19,10.35,10.48,10.23,10.46,0.006737,712638.0,7375924.0,1499266660.0,7064297330.0,0.00497189304536,10.9248349923,2002-06-30,2002-08-20,21.9801933271,10.1579535911,11.3384096104,2.67432736351
sh600236,2003-03-20,10.44,10.7,10.34,10.58,0.011472,2720309.0,28855643.0,1516466660.0,7145340890.0,0.0189789000834,11.0501646993,2002-06-30,2002-08-20,22.232350105,10.2744856347,11.4684838455,2.70500724702
sh600236,2003-03-21,10.62,11.08,10.6,10.9,0.030246,4596639.0,50038801.0,1562333330.0,7361457060.0,0.032069574487,11.3843879808,2002-06-30,2002-08-20,22.9047897663,10.5852477272,11.8153596079,2.78682289622
sh600236,2003-03-24,10.95,11.08,10.83,11.07,0.015596,1883396.0,20650662.0,1586700000.0,7476268780.0,0.013139972093,11.5619388957,2002-06-30,2002-08-20,23.2620128675,10.7503352507,11.9996319563,2.8302861861
sh600236,2003-03-25,11.0,11.17,10.9,11.05,-0.001807,2111568.0,23300951.0,1583833330.0,7462761510.0,0.0147318697984,11.5410464721,2002-06-30,2002-08-20,23.2199784102,10.7309093949,11.9779486214,2.82517185897
sh600236,2003-03-26,11.03,11.09,10.9,10.96,-0.008145,2292688.0,25191637.0,1570933330.0,7401978840.0,0.0159954977084,11.4470446486,2002-06-30,2002-08-20,23.0308516861,10.6435061379,11.8803882299,2.80216083418
sh600236,2003-03-27,10.91,11.4,10.78,11.21,0.02281,2343431.0,26010129.0,1606766660.0,7570819600.0,0.0163495186725,11.7081517371,2002-06-30,2002-08-20,23.556185413,10.8862845129,12.1513798854,2.8660781228
sh600236,2003-03-28,11.25,11.65,11.1,11.32,0.009813,3525674.0,40298388.0,1622533330.0,7645109530.0,0.0245977256319,11.8230438301,2002-06-30,2002-08-20,23.7873422605,10.9931116228,12.2706213762,2.89420294742
sh600236,2003-03-31,11.5,11.88,11.28,11.72,0.035336,3381854.0,39434017.0,1679866660.0,7915254750.0,0.0235943303262,12.2408229068,2002-06-30,2002-08-20,24.6278917866,11.3815642151,12.7042160532,2.99647250277
sh600236,2003-04-01,11.8,11.8,11.6,11.79,0.005973,1973450.0,23131636.0,1689900000.0,7962530160.0,0.013768255814,12.3139373421,2002-06-30,2002-08-20,24.7749941842,11.4495462982,12.7800983356,3.01437043303
sh600236,2003-04-02,11.75,11.84,11.67,11.75,-0.003393,1471436.0,17258314.0,1684166660.0,7935515640.0,0.0102658325988,12.2721561527,2002-06-30,2002-08-20,24.690932629,11.4106979876,12.736735462,3.00414267415
sh600236,2003-04-03,11.72,11.82,11.6,11.75,0.0,1463117.0,17142287.0,1684166660.0,7935515640.0,0.0102077930637,12.2721561527,2002-06-30,2002-08-20,24.690932629,11.4106979876,12.736735462,3.00414267415
sh600236,2003-04-04,11.75,11.96,11.6,11.93,0.015319,1515799.0,17762610.0,1709966660.0,8057080980.0,0.0105753419017,12.4601533128,2002-06-30,2002-08-20,25.0691730259,11.5854984701,12.9318495125,3.05016313578
sh600236,2003-04-07,11.9,12.38,11.9,12.22,0.024308,2743696.0,33481396.0,1751533330.0,8252936260.0,0.0191420651527,12.7630347195,2002-06-30,2002-08-20,25.6785544838,11.8671187669,13.2461969105,3.12430650128
sh600236,2003-04-08,12.2,12.68,12.13,12.49,0.022095,2347537.0,29181365.0,1790233330.0,8435284280.0,0.0163781651468,13.0450339716,2002-06-30,2002-08-20,26.2459221451,12.129322756,13.5388716312,3.19333805343
sh600236,2003-04-09,12.45,12.68,12.25,12.61,0.009608,2614216.0,32594064.0,1807433330.0,8516327850.0,0.0182387163127,13.170370658,2002-06-30,2002-08-20,26.4980929651,12.2458612891,13.6689531098,3.22401964544
sh600236,2003-04-10,12.59,12.7,12.42,12.48,-0.010309,2108901.0,26392307.0,1788800000.0,8428530650.0,0.0147132627907,13.0345973069,2002-06-30,2002-08-20,26.2249241247,12.1196187051,13.5280398722,3.19078322692
sh600236,2003-04-11,12.49,13.06,12.21,12.81,0.026442,3431528.0,43083413.0,1836100000.0,8651400450.0,0.0239408930233,13.3792581289,2002-06-30,2002-08-20,26.9183635684,12.4400856629,13.8857483025,3.27515391701
sh600236,2003-04-14,12.8,13.07,12.7,12.88,0.005464,2369239.0,30561422.0,1846133330.0,8698675870.0,0.0165295744485,13.4523623953,2002-06-30,2002-08-20,27.065445507,12.5080582909,13.9616200313,3.29304935801
sh600236,2003-04-15,12.89,12.89,12.58,12.7,-0.013975,1790849.0,22751002.0,1820333330.0,8577110520.0,0.0124942953717,13.2643656308,2002-06-30,2002-08-20,26.687205906,12.3332581763,13.7665063913,3.24702899323
sh600236,2003-04-16,12.62,13.0,12.31,12.4,-0.023622,2853074.0,36164423.0,1777333330.0,8374501610.0,0.0199051674792,12.9510347859,2002-06-30,2002-08-20,26.0568007281,12.0419219517,13.4413139774,3.17032767435
sh600236,2003-04-17,12.4,12.9,12.4,12.79,0.031452,3039338.0,38352722.0,1833233330.0,8637893190.0,0.0212046837595,13.358370732,2002-06-30,2002-08-20,26.8763392246,12.4206644809,13.8640701846,3.27004082037
sh600236,2003-04-18,12.9,13.19,12.66,12.87,0.006255,1417521.0,18313182.0,1844700000.0,8691922230.0,0.00988968139535,13.4419273409,2002-06-30,2002-08-20,27.0444507265,12.4983557372,13.9507899436,3.2904949257
sh600236,2003-04-21,12.88,12.88,12.38,12.52,-0.027195,1748637.0,21894685.0,1794533330.0,8455545170.0,0.0121997930459,13.0763741269,2002-06-30,2002-08-20,26.308976889,12.1584629529,13.5713982111,3.20100991619
sh600236,2003-04-22,12.36,12.65,12.22,12.29,-0.018371,1238153.0,15315688.0,1761566660.0,8300211680.0,0.00863827677688,12.8361480578,2002-06-30,2002-08-20,25.8256546745,11.93509983,13.3220780545,3.14220416302
sh600236,2003-04-23,12.39,12.41,12.2,12.26,-0.002441,585406.0,7181148.0,1757266660.0,8279950780.0,0.00408422792247,12.8048150204,2002-06-30,2002-08-20,25.7626142515,11.9059662513,13.289558862,3.13453404266
sh600236,2003-04-24,12.18,12.2,11.28,11.32,-0.076672,2758984.0,32367180.0,1622533330.0,7645109530.0,0.0192487256209,11.8230442431,2002-06-30,2002-08-20,23.7873430916,10.9931120069,12.2706218049,2.89420304854
sh600236,2003-04-25,11.3,11.49,11.0,11.1,-0.019435,1562265.0,17551940.0,1591000000.0,7496529670.0,0.0108995232558,11.5932633783,2002-06-30,2002-08-20,23.3250360786,10.7794608751,12.0321422701,2.83795421229
sh600236,2003-04-29,11.5,12.15,11.4,11.8,0.063063,4275452.0,50438382.0,1691333330.0,7969283790.0,0.0298287349425,12.3243693467,2003-03-31,2003-04-29,32.2282855098,12.6188632757,16.4434720809,2.989891885
sh600236,2003-04-30,11.75,12.36,11.65,12.21,0.034746,2939164.0,35646609.0,1750100000.0,8246182630.0,0.0205057953488,12.752591884,2003-03-31,2003-04-29,33.3480895182,13.0573182991,17.0148169619,3.09377866844
sh600236,2003-05-12,12.3,12.95,12.07,12.84,0.051597,1591621.0,20147966.0,1840400000.0,8671661340.0,0.0111043325581,13.4105873675,2003-03-31,2003-04-29,35.068750893,13.7310367513,17.8927304726,3.25340836639
sh600236,2003-05-13,12.88,13.12,12.3,12.47,-0.028816,2761517.0,34854787.0,1787366660.0,8421777020.0,0.0192663977463,13.0241478819,2003-03-31,2003-04-29,34.0582097673,13.3353631963,17.3771335513,3.15965815091
sh600236,2003-05-14,12.4,13.1,12.1,12.94,0.03769,3189475.0,40745033.0,1854733330.0,8739197650.0,0.0222521512028,13.5150280156,2003-03-31,2003-04-29,35.3418636934,13.8379730352,18.0320777149,3.27874566662
sh600236,2003-05-15,12.94,13.19,12.75,13.19,0.01932,4165392.0,54164804.0,1890566660.0,8908038410.0,0.0290608745211,13.7761383568,2003-03-31,2003-04-29,36.0246685,14.1053226742,18.3804574563,3.3420910329
sh600236,2003-05-16,13.2,13.48,12.95,13.27,0.006065,3086432.0,41053819.0,1902033330.0,8962067450.0,0.0215332465494,13.8596906359,2003-03-31,2003-04-29,36.2431581144,14.1908714562,18.4919349308,3.36236081501
sh600236,2003-05-19,13.28,13.45,12.82,12.84,-0.032404,1707663.0,22293196.0,1840400000.0,8671661340.0,0.011913927907,13.4105812206,2003-03-31,2003-04-29,35.0687348189,13.7310304576,17.8927222713,3.25340687516
sh600236,2003-05-20,12.8,13.04,12.76,12.79,-0.003894,1113576.0,14306898.0,1833233330.0,8637893190.0,0.00776913489785,13.3583604173,2003-03-31,2003-04-29,34.9321771655,13.677561825,17.8230480108,3.24073810879
sh600236,2003-05-21,12.76,13.0,12.65,12.67,-0.009382,1009124.0,12950444.0,1816033330.0,8556849630.0,0.00704040001292,13.2330322799,2003-03-31,2003-04-29,34.6044434793,13.5492389399,17.6558321744,3.21033350385
sh600236,2003-05-22,12.65,13.14,12.61,13.13,0.036306,951330.0,12260022.0,1881966660.0,8867516620.0,0.00663718607002,13.7134707498,2003-03-31,2003-04-29,35.8607924043,14.0411576089,18.2968448173,3.32688787204
sh600236,2003-05-23,13.15,13.74,13.15,13.17,0.003046,4601362.0,62147942.0,1887700000.0,8894531140.0,0.0321025255814,13.7552419817,2003-03-31,2003-04-29,35.970024378,14.083926975,18.3525770066,3.3370215725
sh600236,2003-05-26,13.2,13.37,12.9,12.94,-0.017464,3136070.0,40841419.0,1854733330.0,8739197650.0,0.0218795581789,13.5150204358,2003-03-31,2003-04-29,35.3418438722,13.8379652743,18.0320676017,3.27874382776
sh600236,2003-05-27,12.95,13.0,12.7,12.95,0.000773,2049425.0,26339159.0,1856166660.0,8745951280.0,0.0142983140048,13.5254675466,2003-03-31,2003-04-29,35.3691631175,13.8486620214,18.04600639,3.28127829674
sh600236,2003-05-28,12.95,12.98,12.4,12.58,-0.028571,1659530.0,21079686.0,1803133330.0,8496066960.0,0.0115781163005,13.1390314133,2003-03-31,2003-04-29,34.3586307581,13.4529918988,17.5304139414,3.18752889452
sh600236,2003-05-30,12.8,12.93,12.62,12.69,0.008744,880751.0,11220365.0,1818900000.0,8570356890.0,0.0061447744186,13.253919104,2003-03-31,2003-04-29,34.6590626255,13.57062486,17.6836998809,3.21540064717
sh600236,2003-06-02,12.7,12.85,12.56,12.81,0.009456,485877.0,6168575.0,1836100000.0,8651400450.0,0.00338983953488,13.379248163,2003-03-31,2003-04-29,34.9867987216,13.6989486887,17.850916947,3.24580547569
sh600236,2003-06-03,12.81,12.83,12.62,12.65,-0.01249,296396.0,3771814.0,1813166660.0,8543342370.0,0.00206787907737,13.2121413535,2003-03-31,2003-04-29,34.5498136056,13.5278488195,17.6279589943,3.2052653653
sh600236,2003-06-04,12.6,12.75,12.4,12.63,-0.001581,789054.0,9870026.0,1810300000.0,8529835110.0,0.00550502790698,13.191252958,2003-03-31,2003-04-29,34.4951903503,13.5064612905,17.6000891912,3.20019784076
sh600236,2003-06-05,12.65,12.68,12.35,12.4,-0.018211,1077932.0,13468858.0,1777333330.0,8374501610.0,0.00752045582806,12.9510270504,2003-03-31,2003-04-29,33.8669984388,13.260495124,17.2795739669,3.14191903788
sh600236,2003-06-06,12.4,12.4,12.15,12.16,-0.019355,730260.0,8948748.0,1742933330.0,8212414480.0,0.00509483721905,12.7003599218,2003-03-31,2003-04-29,33.211502684,13.0038382409,16.9451278128,3.0811071949
sh600236,2003-06-09,12.14,12.27,12.0,12.15,-0.000822,373281.0,4523701.0,1741500000.0,8205660850.0,0.00260428604651,12.6899202259,2003-03-31,2003-04-29,33.1842028288,12.9931490858,16.9311989177,3.07857452479
sh600236,2003-06-10,12.16,12.32,12.15,12.23,0.006584,486783.0,5954248.0,1752966660.0,8259689890.0,0.00339616047803,12.7734706607,2003-03-31,2003-04-29,33.4026876203,13.0786959794,17.0426739314,3.09884385946
sh600236,2003-06-11,12.31,12.5,12.23,12.4,0.0139,393771.0,4882101.0,1777333330.0,8374501610.0,0.00274723954004,12.9510219029,2003-03-31,2003-04-29,33.8669849782,13.2604898535,17.279567099,3.14191778911
sh600236,2003-06-12,12.45,12.45,12.2,12.29,-0.008871,392591.0,4825895.0,1761566660.0,8300211680.0,0.00273900698711,12.8361333876,2003-03-31,2003-04-29,33.5665509544,13.142856048,17.1262800593,3.1140458364
sh600236,2003-06-13,12.1,12.27,12.02,12.13,0.004068,178139.0,2158935.0,1738633330.0,8192153590.0,0.00124283023494,12.8883507782,2003-03-31,2003-04-29,33.7030996837,13.1963211864,17.1959497666,3.12671377486
sh600236,2003-06-16,12.11,12.13,11.9,11.91,-0.018137,301157.0,3618632.0,1707100000.0,8043573720.0,0.00210109534884,12.6545947601,2003-03-31,2003-04-29,33.0918265648,12.9569795091,16.8840668257,3.07000456713
sh600236,2003-06-17,11.91,12.03,11.79,11.91,0.0,772696.0,9205580.0,1707100000.0,8043573720.0,0.00539090232558,12.6545947601,2003-03-31,2003-04-29,33.0918265648,12.9569795091,16.8840668257,3.07000456713
sh600236,2003-06-18,11.99,11.99,11.76,11.79,-0.010076,714420.0,8471335.0,1689900000.0,7962530160.0,0.0049843255814,12.5270870633,2003-03-31,2003-04-29,32.7583933203,12.8264249835,16.7139429683,3.03907120111
sh600236,2003-06-19,11.79,11.9,11.74,11.9,0.00933,490148.0,5792292.0,1705666660.0,8036820090.0,0.00341963722267,12.6439647856,2003-03-31,2003-04-29,33.06402913,12.9460955286,16.8698840562,3.06742573542
sh600236,2003-06-20,11.88,12.17,11.88,12.0,0.008403,457167.0,5514100.0,1720000000.0,8104356400.0,0.0031895372093,12.7502120217,2003-03-31,2003-04-29,33.3418661668,13.0548815694,17.011641692,3.09320131387
sh600236,2003-06-23,12.08,12.08,11.8,11.85,-0.0125,272285.0,3238033.0,1698500000.0,8003051940.0,0.0018996627907,12.5908343715,2003-03-31,2003-04-29,32.9250928397,12.8916955497,16.7989961708,3.05453629745
sh600236,2003-06-24,11.75,12.04,11.75,12.02,0.014346,320077.0,3807948.0,1722866660.0,8117863660.0,0.00223309535748,12.7714624814,2003-03-31,2003-04-29,33.3974362216,13.0766398141,17.0399945699,3.09835667517
sh600236,2003-06-25,12.0,12.14,11.95,12.03,0.000832,406299.0,4901190.0,1724300000.0,8124617290.0,0.00283464418605,12.7820883381,2003-03-31,2003-04-29,33.4252228885,13.0875195784,17.0541718454,3.10093450792
sh600236,2003-06-26,12.09,12.15,11.88,12.09,0.004988,521152.0,6264985.0,1732900000.0,8165139070.0,0.00363594418605,12.8458453948,2003-03-31,2003-04-29,33.5919479003,13.1528001261,17.1392380545,3.11640196925
sh600236,2003-06-27,12.1,12.15,11.99,12.0,-0.007444,344533.0,4161153.0,1720000000.0,8104356400.0,0.00240371860465,12.7502209217,2003-03-31,2003-04-29,33.3418894401,13.0548906819,17.0116535664,3.09320347299
sh600236,2003-07-01,11.96,12.15,11.81,12.08,0.006667,448767.0,5399180.0,1731466660.0,8158385440.0,0.00313093257019,12.8352266445,2003-03-31,2003-04-29,33.564179817,13.1419276381,17.1250702608,3.11382586055
sh600236,2003-07-02,12.0,12.14,11.86,12.13,0.004139,217843.0,2618635.0,1738633330.0,8192153590.0,0.00151983488663,12.8883516476,2003-03-31,2003-04-29,33.7031019572,13.1963220766,17.1959509266,3.12671398578
sh600236,2003-07-03,12.18,12.2,12.0,12.06,-0.005771,134044.0,1618155.0,1728600000.0,8144878180.0,0.000935190697674,12.8139729703,2003-03-31,2003-04-29,33.5086013559,13.1201661019,17.0967130938,3.10866971937
sh600236,2003-07-04,12.06,12.17,11.85,11.94,-0.00995,255483.0,3054775.0,1711400000.0,8063834610.0,0.00178243953488,12.6864739392,2003-03-31,2003-04-29,33.1751907724,12.9896204492,16.9266007985,3.07773845566
sh600236,2003-07-07,11.9,11.9,11.4,11.55,-0.032663,1330873.0,15363872.0,1655500000.0,7800443030.0,0.00928516046512,12.2720956409,2003-03-31,2003-04-29,32.0915895162,12.5653404765,16.3737272366,2.97721028449
sh600236,2003-07-08,11.4,11.58,11.33,11.5,-0.004329,750067.0,8570271.0,1648333330.0,7766674880.0,0.00523302559198,12.2189697389,2003-03-31,2003-04-29,31.9526650251,12.5109451175,16.3028453714,2.96432194116
sh600236,2003-07-09,11.45,11.52,11.43,11.45,-0.004348,173846.0,1994185.0,1641166660.0,7732906730.0,0.00121287907469,12.1658416585,2003-03-31,2003-04-29,31.8137348376,12.4565475282,16.2319605997,2.95143306936
sh600236,2003-07-10,11.45,11.76,11.44,11.71,0.022707,2297239.0,26445525.0,1678433330.0,7908501120.0,0.016027248869,12.442091425,2003-03-31,2003-04-29,32.5361293146,12.7393983529,16.6005397291,3.01845126007
sh600236,2003-07-11,11.61,11.75,11.49,11.6,-0.009394,1221233.0,14177641.0,1662666660.0,7834211180.0,0.00852023026672,12.3252104182,2003-03-31,2003-04-29,32.2304849158,12.6197244448,16.4445942589,2.99009592893
sh600236,2003-07-14,11.6,11.65,11.45,11.49,-0.009483,287238.0,3307463.0,1646900000.0,7759921250.0,0.00200398604651,12.2083304478,2003-03-31,2003-04-29,31.9248432273,12.5000515979,16.2886501715,2.96174084924
sh600236,2003-07-15,11.52,11.64,11.46,11.5,0.00087,573080.0,6607180.0,1648333330.0,7766674880.0,0.00399823256622,12.2189516953,2003-03-31,2003-04-29,31.9526178409,12.5109266427,16.3028212972,2.96431756378
sh600236,2003-07-16,11.5,11.55,11.35,11.41,-0.007826,396172.0,4525259.0,1635433330.0,7705892210.0,0.00276399070331,12.1233261793,2003-03-31,2003-04-29,31.7025566537,12.4130161308,16.1752354177,2.94111881452
sh600236,2003-07-17,11.41,11.41,11.17,11.19,-0.019281,1945646.0,21858643.0,1603900000.0,7557312340.0,0.0135742744186,11.8895763272,2003-03-31,2003-04-29,31.0912996589,12.1736807668,15.8633607036,2.88441110266
sh600236,2003-07-18,11.2,11.37,11.0,11.27,0.007149,1823850.0,20384552.0,1615366660.0,7611341380.0,0.0127245349362,11.9745749084,2003-03-31,2003-04-29,31.3135713601,12.2607104106,15.9767678693,2.90503175763
sh600236,2003-07-21,11.25,11.38,11.11,11.2,-0.006211,665496.0,7448043.0,1605333330.0,7564065970.0,0.00464299535848,11.9002008236,2003-03-31,2003-04-29,31.1190827684,12.1845591383,15.877536164,2.88698860539
sh600236,2003-07-22,11.28,11.37,11.0,11.08,-0.010714,861308.0,9594198.0,1588133330.0,7483022410.0,0.00600912559401,11.772702072,2003-03-31,2003-04-29,30.7856729156,12.0540137717,15.7074242416,2.85605740947
sh600236,2003-07-23,11.08,11.23,11.0,11.05,-0.002708,611899.0,6761831.0,1583833330.0,7462761510.0,0.00426906279968,11.7408215948,2003-03-31,2003-04-29,30.7023053134,12.0213715024,15.6648885367,2.848323206
sh600236,2003-07-24,11.1,11.1,11.0,11.02,-0.002715,411665.0,4535314.0,1579533330.0,7442500620.0,0.00287208140141,11.7089452642,2003-03-31,2003-04-29,30.6189485545,11.9887334787,15.6223583643,2.8405900085
sh600236,2003-07-25,11.0,11.0,10.59,10.69,-0.029946,1448926.0,15557453.0,1532233330.0,7219630820.0,0.0101087860685,11.3583091893,2003-03-31,2003-04-29,29.7020335211,11.629718866,15.1545312208,2.7555257001
sh600236,2003-07-28,10.68,10.76,10.48,10.52,-0.015903,433126.0,4582852.0,1507866660.0,7104819110.0,0.00302180931569,11.1776779983,2003-03-31,2003-04-29,29.229682082,11.4447714469,14.9135287108,2.7117045749
sh600236,2003-07-29,10.52,10.68,10.45,10.65,0.012357,490319.0,5171103.0,1526500000.0,7192616300.0,0.00342083023256,11.3158005653,2003-03-31,2003-04-29,29.5908732635,11.5861944876,15.097815185,2.74521310833
sh600236,2003-07-30,10.61,10.85,10.61,10.85,0.018779,692845.0,7453478.0,1555166660.0,7327688910.0,0.0048338023463,11.5282999841,2003-03-31,2003-04-29,30.1465602725,11.8037716339,15.3813370564,2.79676546529
sh600236,2003-07-31,10.86,11.06,10.85,10.99,0.012903,753865.0,8286365.0,1575233330.0,7422239730.0,0.00525952326694,11.6770496388,2003-03-31,2003-04-29,30.5355413397,11.9560756993,15.5798024484,2.83285213009
sh600236,2003-08-01,11.0,11.02,10.85,10.94,-0.00455,379965.0,4142221.0,1568066660.0,7388471580.0,0.00265091861592,11.6239190629,2003-03-31,2003-04-29,30.3966046266,11.9016755549,15.5089143473,2.8199626529
sh600236,2003-08-04,10.9,10.99,10.8,10.96,0.001828,982718.0,10732021.0,1570933330.0,7401978840.0,0.00685617210757,11.645167587,2003-03-31,2003-04-29,30.4521696198,11.9234318178,15.5372646427,2.82511754463
sh600236,2003-08-05,11.1,11.1,10.95,10.98,0.001825,425260.0,4679446.0,1573800000.0,7415486100.0,0.00296693023256,11.6664200178,2003-03-31,2003-04-29,30.5077448294,11.9451920809,15.5656201507,2.83027338414
sh600236,2003-08-06,10.98,10.98,10.74,10.75,-0.020947,469325.0,5061179.0,1540833330.0,7260152600.0,0.0032743604722,11.4220435177,2003-03-31,2003-04-29,29.8686990984,11.6949761423,15.2395671054,2.77098764757
sh600236,2003-08-07,10.74,10.75,10.55,10.61,-0.013023,520222.0,5516678.0,1520766660.0,7165601780.0,0.00362945582986,11.273294245,2003-03-31,2003-04-29,29.4797190301,11.542672468,15.041102223,2.73490107543
sh600236,2003-08-08,10.6,10.67,10.38,10.41,-0.01885,569257.0,5962161.0,1492100000.0,7030529170.0,0.00397156046512,11.0607926485,2003-03-31,2003-04-29,28.9240263264,11.325093092,14.7575774461,2.68334819016
sh600236,2003-08-11,10.41,10.48,10.22,10.36,-0.004803,435209.0,4477300.0,1484933330.0,6996761020.0,0.00303634186728,11.0076676614,2003-03-31,2003-04-29,28.7851042279,11.2706986699,14.6866968016,2.6704600688
sh600236,2003-08-12,10.36,10.59,10.32,10.52,0.015444,173063.0,1816480.0,1507866660.0,7104819110.0,0.00120741628441,11.1776700807,2003-03-31,2003-04-29,29.2296613776,11.4447633401,14.913518147,2.71170265411
sh600236,2003-08-13,10.51,10.51,10.38,10.43,-0.008555,121019.0,1260450.0,1494966660.0,7044036430.0,0.000844318608416,11.0820451132,2003-03-31,2003-04-29,28.9796016245,11.3468533898,14.7859329993,2.6885040379
sh600236,2003-08-14,10.3,10.43,10.2,10.24,-0.018217,338307.0,3489547.0,1467733330.0,6915717460.0,0.00236028140071,10.8801634974,2003-03-31,2003-04-29,28.4516802217,11.1401477616,14.5165776578,2.63952755984
sh600236,2003-08-15,10.2,10.36,10.2,10.29,0.004883,295471.0,3034678.0,1474900000.0,6949485610.0,0.0020614255814,10.9332913357,2003-03-31,2003-04-29,28.5906097763,11.1945451031,14.5874621065,2.65241637292
sh600236,2003-08-18,10.2,10.38,10.2,10.34,0.004859,569066.0,5869804.0,1482066660.0,6983253760.0,0.00397022792484,10.9864161983,2003-03-31,2003-04-29,28.7295315492,11.2489393977,14.6583425849,2.66530446407
sh600236,2003-08-19,10.31,10.45,10.25,10.41,0.00677,405442.0,4212406.0,1492100000.0,7030529170.0,0.00282866511628,11.060794236,2003-06-30,2003-08-19,28.7449157948,11.3137539818,24.4911787056,2.56336447374
sh600236,2003-08-20,10.4,10.4,10.3,10.39,-0.001921,245133.0,2539875.0,1489233330.0,7017021910.0,0.00171023023639,11.0395464503,2003-06-30,2003-08-19,28.6896968116,11.2920202604,24.4441311513,2.55844025058
sh600236,2003-08-21,10.34,10.35,10.22,10.28,-0.010587,310110.0,3188561.0,1473466660.0,6942731980.0,0.00216355814932,10.922670772,2003-06-30,2003-08-19,28.3859589914,11.1724716419,24.1853411348,2.53135404365
sh600236,2003-08-22,10.25,10.38,10.25,10.26,-0.001946,176634.0,1819055.0,1470600000.0,6929224720.0,0.00123233023256,10.9014152547,2003-06-30,2003-08-19,28.3307199152,11.1507300121,24.138276461,2.52642802868
sh600236,2003-08-25,10.2,10.25,9.96,10.04,-0.021442,618634.0,6233137.0,1439066660.0,6780644850.0,0.00431605118279,10.6676671088,2003-06-30,2003-08-19,27.7232526188,10.9116360592,23.6207035371,2.47225635889
sh600236,2003-08-26,10.01,10.1,9.98,10.0,-0.003984,197102.0,1973805.0,1433333330.0,6753630330.0,0.00137513023576,10.625167123,2003-06-30,2003-08-19,27.6128031804,10.8681641011,23.5265986542,2.46240688956
sh600236,2003-08-27,10.0,10.08,10.0,10.06,0.006,114400.0,1145810.0,1441933330.0,6794152110.0,0.000798139536729,10.6889181258,2003-06-30,2003-08-19,27.7784799994,10.9333730857,23.6677582461,2.47718133089
sh600236,2003-08-28,9.97,10.13,9.97,10.04,-0.001988,224877.0,2262656.0,1439066660.0,6780644850.0,0.00156890930959,10.6676685565,2003-06-30,2003-08-19,27.7232563812,10.91163754,23.6207067427,2.47225669441
sh600236,2003-08-29,10.0,10.1,9.8,10.09,0.00498,533207.0,5290727.0,1446233330.0,6814413000.0,0.00372004884578,10.7207935459,2003-06-30,2003-08-19,27.861318198,10.965977495,23.7383378623,2.48456853275
sh600236,2003-09-01,10.08,10.33,10.02,10.27,0.017839,420884.0,4299160.0,1472033330.0,6935978350.0,0.00293640000665,10.912041782,2003-06-30,2003-08-19,28.3583362533,11.1615995675,24.1618060714,2.5288907508
sh600236,2003-09-02,10.38,10.38,10.1,10.22,-0.004869,1090016.0,11149188.0,1464866660.0,6902210200.0,0.00760476282531,10.8589110506,2003-06-30,2003-08-19,28.2202595141,11.1072537392,24.0441622377,2.51657758174
sh600236,2003-09-03,10.2,10.27,10.06,10.12,-0.009785,582050.0,5915390.0,1450533330.0,6834673890.0,0.00406081396282,10.7526566059,2003-06-30,2003-08-19,27.9441242747,10.9985692614,23.8088901102,2.4919528701
sh600236,2003-09-04,10.06,10.29,10.02,10.1,-0.001976,467532.0,4732789.0,1447666660.0,6821166630.0,0.00326185117781,10.7314093565,2003-06-30,2003-08-19,27.8889066852,10.9768360885,23.7618437433,2.48702877123
sh600236,2003-09-05,10.1,10.15,10.0,10.06,-0.00396,279100.0,2813057.0,1441933330.0,6794152110.0,0.00194720930683,10.6889129754,2003-06-30,2003-08-19,27.7784666147,10.9333678176,23.6677468421,2.47718013729
sh600236,2003-09-08,10.06,10.19,9.85,9.94,-0.011928,320463.0,3172294.0,1424733330.0,6713108550.0,0.00223578837732,10.5614156215,2003-06-30,2003-08-19,27.4471250649,10.8029546063,23.3854379578,2.44763233262
sh600236,2003-09-09,10.03,10.19,9.92,9.94,0.0,183401.0,1834062.0,1424733330.0,6713108550.0,0.00127954186346,10.5614156215,2003-06-30,2003-08-19,27.4471250649,10.8029546063,23.3854379578,2.44763233262
sh600236,2003-09-10,9.5,9.98,9.5,9.83,-0.011066,317896.0,3114733.0,1408966660.0,6638818610.0,0.00221787908026,10.4445429962,2003-06-30,2003-08-19,27.143395179,10.6834091106,23.1266547013,2.42054683322
sh600236,2003-09-11,9.83,9.9,9.7,9.82,-0.001017,241356.0,2361451.0,1407533330.0,6632064980.0,0.00168387907376,10.433920896,2003-06-30,2003-08-19,27.1157903461,10.6725440836,23.1031348935,2.41808513709
sh600236,2003-09-12,9.82,9.9,9.7,9.8,-0.002037,457150.0,4479847.0,1404666660.0,6618557720.0,0.00318941861979,10.4126669991,2003-06-30,2003-08-19,27.0605554811,10.6508041113,23.0560738077,2.41315949767
sh600236,2003-09-15,9.8,9.81,9.42,9.49,-0.031633,1268156.0,12112962.0,1360233330.0,6409195180.0,0.00884760002168,10.0832831039,2003-06-30,2003-08-19,26.2045489296,10.3138872248,22.326741025,2.33682402328
sh600236,2003-09-16,9.49,9.6,9.36,9.49,0.0,447655.0,4215468.0,1360233330.0,6409195180.0,0.00312317442626,10.0832831039,2003-06-30,2003-08-19,26.2045489296,10.3138872248,22.326741025,2.33682402328
sh600236,2003-09-17,9.51,9.55,9.12,9.13,-0.037935,667967.0,6225140.0,1308633330.0,6166064490.0,0.00466023489559,9.70077375937,2003-06-30,2003-08-19,25.2104793659,9.92262991293,21.4797761042,2.24817660396
sh600236,2003-09-18,9.12,9.28,9.08,9.2,0.007667,305601.0,2808656.0,1318666660.0,6213339900.0,0.00213210001078,9.77514959178,2003-06-30,2003-08-19,25.4037681112,9.99870671647,21.6444615476,2.26541337398
sh600236,2003-09-19,9.23,9.23,9.09,9.1,-0.01087,399300.0,3637887.0,1304333330.0,6145803600.0,0.00278581396061,9.66889371572,2003-06-30,2003-08-19,25.1276291519,9.89002077447,21.4091862505,2.2407883306
sh600236,2003-09-22,9.12,9.23,9.06,9.09,-0.001099,603900.0,5528738.0,1302900000.0,6139049970.0,0.00421325581395,9.65826760153,2003-06-30,2003-08-19,25.1000138874,9.87915164164,21.3856575549,2.23832570423
sh600236,2003-09-23,9.09,9.23,9.04,9.15,0.006601,278288.0,2532047.0,1311500000.0,6179571750.0,0.00194154418605,9.72202182597,2003-06-30,2003-08-19,25.2656990791,9.94436392162,21.5268242804,2.2531008922
sh600236,2003-09-24,9.15,9.22,9.08,9.21,0.006557,357492.0,3279524.0,1320100000.0,6220093530.0,0.00249413023256,9.78576912308,2003-06-30,2003-08-19,25.431366268,10.0095691159,21.6679756672,2.26787447475
sh600236,2003-09-25,9.26,9.27,9.06,9.11,-0.010858,159967.0,1463464.0,1305766660.0,6152557230.0,0.00111604884291,9.67951524194,2003-06-30,2003-08-19,25.155232493,9.9008852144,21.4327047874,2.24324989371
sh600236,2003-09-26,9.07,9.13,9.06,9.08,-0.003293,125633.0,1142038.0,1301466660.0,6132296340.0,0.000876509306815,9.64764059825,2003-06-30,2003-08-19,25.0723963124,9.86828159939,21.3621268905,2.23586287181
sh600236,2003-09-29,9.06,9.16,8.8,8.95,-0.014317,422952.0,3791318.0,1282833330.0,6044499150.0,0.00295082791464,9.5095153278,2003-06-30,2003-08-19,24.7134348144,9.72699741173,21.0562853198,2.20385202307
sh600236,2003-09-30,8.95,9.1,8.88,9.08,0.014525,325580.0,2933862.0,1301466660.0,6132296340.0,0.00227148838373,9.64764103794,2003-06-30,2003-08-19,25.0723974551,9.86828204913,21.3621278641,2.23586297371
sh600236,2003-10-08,9.05,9.18,8.95,9.1,0.002203,216600.0,1963779.0,1304333330.0,6145803600.0,0.00151116279456,9.66889479115,2003-06-30,2003-08-19,25.1276319467,9.89002187449,21.4091886318,2.24078857984
sh600236,2003-10-09,9.08,9.19,9.03,9.12,0.002198,347939.0,3167572.0,1307200000.0,6159310860.0,0.00242748139535,9.6901470219,2003-06-30,2003-08-19,25.1828624817,9.91176014257,21.4562460284,2.24571383314
sh600236,2003-10-10,9.1,9.33,9.1,9.31,0.020833,294374.0,2715819.0,1334433330.0,6287629840.0,0.00205377209815,9.8920218548,2003-06-30,2003-08-19,25.7074970558,10.1182518416,21.9032440019,2.29249878942
sh600236,2003-10-13,9.3,9.36,9.23,9.25,-0.006445,262500.0,2441867.0,1325833330.0,6247108060.0,0.00183139535344,9.82826777395,2003-06-30,2003-08-19,25.5418122373,10.0530397085,21.7620775943,2.27772363472
sh600236,2003-10-14,9.25,9.25,9.12,9.13,-0.012973,316197.0,2901374.0,1308633330.0,6166064490.0,0.00220602558701,9.70076565612,2003-06-30,2003-08-19,25.2104583071,9.92262162436,21.4797581617,2.24817472601
sh600236,2003-10-15,9.12,9.25,9.12,9.18,0.005476,469195.0,4300463.0,1315800000.0,6199832640.0,0.00327345348837,9.75388704885,2003-06-30,2003-08-19,25.3485107768,9.97695790037,21.5973813174,2.26048573081
sh600236,2003-10-16,9.16,9.18,9.12,9.13,-0.005447,169933.0,1555788.0,1308633330.0,6166064490.0,0.00118557907279,9.7007576261,2003-06-30,2003-08-19,25.2104374386,9.92261341069,21.4797403813,2.24817286503
sh600236,2003-10-17,9.15,9.17,9.1,9.15,0.002191,308129.0,2818722.0,1311500000.0,6179571750.0,0.0021497372093,9.72201198605,2003-06-30,2003-08-19,25.265673507,9.94435385667,21.5268024925,2.25309861178
sh600236,2003-10-20,9.06,9.16,9.01,9.05,-0.010929,81542.0,739772.0,1297166660.0,6112035450.0,0.000568897677342,9.61576011706,2003-06-30,2003-08-19,24.9895449613,9.83567201337,21.2915360681,2.22847449705
sh600236,2003-10-21,9.02,9.15,9.0,9.15,0.01105,86881.0,785499.0,1311500000.0,6179571750.0,0.000606146511628,9.72201426635,2003-06-30,2003-08-19,25.2656794331,9.94435618912,21.5268075416,2.25309914025
sh600236,2003-10-22,9.01,9.45,9.01,9.38,0.025137,370836.0,3452578.0,1344466660.0,6334905250.0,0.00258722791981,9.96639653897,2003-06-30,2003-08-19,25.900782817,10.1943274706,22.0679269028,2.30973529333
sh600236,2003-10-23,9.31,9.45,9.26,9.27,-0.011727,271243.0,2541892.0,1328700000.0,6260615320.0,0.00189239302326,9.84952060675,2003-06-30,2003-08-19,25.5970443369,10.0747785924,21.809136324,2.28264902755
sh600236,2003-10-24,9.29,9.3,8.98,9.04,-0.024811,860836.0,7789194.0,1295733330.0,6105281820.0,0.00600583257359,9.60514415098,2003-06-30,2003-08-19,24.9619560699,9.82481326074,21.2680298427,2.22601422253
sh600236,2003-10-27,9.08,9.1,8.93,9.0,-0.004425,616420.0,5553961.0,1290000000.0,6078267300.0,0.00430060465116,9.56264138811,2003-06-30,2003-08-19,24.8514994143,9.78133846206,21.1739188106,2.21616410959
sh600236,2003-10-28,9.24,9.25,9.0,9.18,0.02,521866.0,4735122.0,1315800000.0,6199832640.0,0.0036409255814,9.75389421587,2003-09-30,2003-10-28,21.558354332,9.07208751896,9.10189662506,2.17760529837
sh600236,2003-10-29,9.18,9.52,9.1,9.5,0.034858,1629080.0,15163186.0,1361666660.0,6415948810.0,0.0113656744743,10.0938954605,2003-09-30,2003-10-28,22.3098354473,9.3883223457,9.41917053762,2.25351226386
sh600236,2003-10-30,9.5,9.52,9.3,9.37,-0.013684,799474.0,7505225.0,1343033330.0,6328151620.0,0.00557772559524,9.95577059497,2003-09-30,2003-10-28,22.004547659,9.25985254272,9.29027860798,2.22267520204
sh600236,2003-10-31,9.4,9.64,9.25,9.5,0.013874,1101888.0,10486625.0,1361666660.0,6415948810.0,0.00768759073531,10.0938969562,2003-09-30,2003-10-28,22.3098387532,9.3883237369,9.41917193339,2.25351259779
sh600236,2003-11-03,9.52,9.93,9.48,9.9,0.042105,1801377.0,17617019.0,1419000000.0,6686094030.0,0.0125677465116,10.5189004875,2003-09-30,2003-10-28,23.249194514,9.78361910784,9.81576616764,2.34839674572
sh600236,2003-11-04,9.85,10.32,9.85,10.12,0.022222,2737580.0,27683315.0,1450533330.0,6834673890.0,0.0190993953927,10.7526514942,2003-09-30,2003-10-28,23.7658381144,10.0010306917,10.0338921234,2.4005828182
sh600236,2003-11-05,10.1,10.2,9.91,9.99,-0.012846,1188866.0,11960890.0,1431900000.0,6746876700.0,0.00829441395349,10.6145229331,2003-09-30,2003-10-28,23.460542158,9.87255745139,9.9049967452,2.36974493132
sh600236,2003-11-06,10.01,10.18,9.9,10.14,0.015015,1245624.0,12535424.0,1453400000.0,6848181150.0,0.0086904,10.7738999949,2003-09-30,2003-10-28,23.8128021985,10.0207939015,10.0537202713,2.40532665146
sh600236,2003-11-07,10.18,10.26,9.75,9.91,-0.022682,1231411.0,12299182.0,1420433330.0,6692847660.0,0.00859123955504,10.5295263952,2003-09-30,2003-10-28,23.2726802191,9.79350225425,9.82568178814,2.35076903236
sh600236,2003-11-10,9.91,9.97,9.58,9.77,-0.014127,929137.0,9041503.0,1400366660.0,6598296830.0,0.00648235119365,10.3807757759,2003-09-30,2003-10-28,22.9439070656,9.6551494479,9.68687438152,2.31755971824
sh600236,2003-11-11,9.72,9.9,9.66,9.86,0.009212,933417.0,9145753.0,1413266660.0,6659079510.0,0.00651221165863,10.4764034823,2003-09-30,2003-10-28,23.1552663375,9.74409268462,9.77610986832,2.33890907836
sh600236,2003-11-12,9.88,9.88,9.65,9.65,-0.021298,707994.0,6893579.0,1383166660.0,6517253270.0,0.00493949304706,10.2532770409,2003-09-30,2003-10-28,22.662105475,9.53656299862,9.56789828034,2.28909499281
sh600236,2003-11-13,9.65,9.75,9.55,9.7,0.005181,508840.0,4910980.0,1390333330.0,6551021420.0,0.00355004652014,10.3063992693,2003-09-30,2003-10-28,22.7795178435,9.58597193151,9.61746956133,2.30095479397
sh600236,2003-11-14,9.72,10.1,9.68,9.92,0.02268,1051134.0,10374828.0,1421866660.0,6699601290.0,0.00733349305764,10.5401484047,2003-09-30,2003-10-28,23.2961573082,9.80338177492,9.83559377098,2.35314044869
sh600236,2003-11-17,9.95,10.08,9.9,9.95,0.003024,892380.0,8901328.0,1426166660.0,6719862180.0,0.00622590700585,10.5720218135,2003-09-30,2003-10-28,23.3666048879,9.83302720141,9.86533660655,2.36025634541
sh600236,2003-11-18,9.95,9.95,9.58,9.6,-0.035176,1992205.0,19190599.0,1376000000.0,6483485120.0,0.0138991046512,10.2001403742,2003-09-30,2003-10-28,22.5446611944,9.48714063657,9.51831352608,2.2772319682
sh600236,2003-11-19,9.6,9.7,9.52,9.67,0.007292,688233.0,6596681.0,1386033330.0,6530760530.0,0.00480162559294,10.2745197978,2003-09-30,2003-10-28,22.7090568638,9.55632086609,9.58772106831,2.29383754372
sh600236,2003-11-20,9.57,9.87,9.54,9.79,0.01241,1277652.0,12410140.0,1403233330.0,6611804090.0,0.00891385118397,10.4020265885,2003-09-30,2003-10-28,22.9908762595,9.67491480804,9.70670468677,2.32230406763
sh600236,2003-11-21,9.75,10.08,9.72,9.81,0.002043,1086270.0,10723685.0,1406100000.0,6625311350.0,0.00757862790698,10.4232779288,2003-09-30,2003-10-28,23.0378466197,9.69468065899,9.72653548444,2.32704853484
sh600236,2003-11-24,9.8,10.2,9.75,10.18,0.037717,1577466.0,15877571.0,1459133330.0,6875195680.0,0.0110055767693,10.8164127024,2003-09-30,2003-10-28,23.9067650806,10.0603349294,10.0933912233,2.41481782443
sh600236,2003-11-25,10.29,10.3,9.99,10.03,-0.014735,1539665.0,15537286.0,1437633330.0,6773891220.0,0.0107418488621,10.6570328613,2003-09-30,2003-10-28,23.5544988972,9.91209589422,9.94466510363,2.37923548379
sh600236,2003-11-26,10.03,10.15,9.85,10.03,0.0,1045829.0,10441449.0,1437633330.0,6773891220.0,0.00729648141227,10.6570328613,2003-09-30,2003-10-28,23.5544988972,9.91209589422,9.94466510363,2.37923548379
sh600236,2003-11-27,10.05,10.14,9.91,9.92,-0.010967,599159.0,5999577.0,1421866660.0,6699601290.0,0.00418017908937,10.5401571819,2003-09-30,2003-10-28,23.2961767078,9.80338993855,9.83560196144,2.35314240824
sh600236,2003-11-28,9.93,10.2,9.88,10.02,0.010081,1753328.0,17723516.0,1436200000.0,6767137590.0,0.0122325209302,10.6464125064,2003-09-30,2003-10-28,23.5310254651,9.90221791252,9.93475466481,2.37686443686
sh600236,2003-12-01,10.06,10.46,10.06,10.39,0.036926,2951306.0,30529170.0,1489233330.0,7017021910.0,0.0205905070228,11.0395419346,2003-09-30,2003-10-28,24.3999321115,10.2678672112,10.3016054156,2.46463253305
sh600236,2003-12-02,10.4,10.6,10.31,10.39,0.0,1390836.0,14532132.0,1489233330.0,7017021910.0,0.00970350699846,11.0395419346,2003-09-30,2003-10-28,24.3999321115,10.2678672112,10.3016054156,2.46463253305
sh600236,2003-12-03,10.36,10.8,10.31,10.47,0.0077,1859011.0,19664266.0,1500700000.0,7071050960.0,0.012969844186,11.1245464075,2003-09-30,2003-10-28,24.5878115887,10.3469297887,10.3809277773,2.48361020356
sh600236,2003-12-04,10.42,10.7,10.42,10.51,0.00382,1877735.0,19791588.0,1506433330.0,7098065480.0,0.0131004767732,11.1670421748,2003-09-30,2003-10-28,24.681737029,10.3864550605,10.4205829214,2.49309759453
sh600236,2003-12-05,10.55,10.62,10.34,10.53,0.001903,622490.0,6485793.0,1509300000.0,7111572740.0,0.00434295348837,11.1882930561,2003-09-30,2003-10-28,24.7287063746,10.4062204845,10.4404132907,2.49784195926
sh600236,2003-12-08,10.58,10.77,10.4,10.45,-0.007597,615638.0,6502129.0,1497833330.0,7057543690.0,0.00429514884677,11.1032955937,2003-09-30,2003-10-28,24.5408423922,10.3271644274,10.3610974709,2.47886585389
sh600236,2003-12-09,10.45,10.58,10.32,10.53,0.007656,447976.0,4677002.0,1509300000.0,7111572740.0,0.00312541395349,11.1883024248,2003-09-30,2003-10-28,24.7287270816,10.4062291983,10.4404220331,2.49784405087
sh600236,2003-12-10,10.5,10.65,10.5,10.64,0.010446,571350.0,6052136.0,1525066660.0,7185862670.0,0.00398616280812,11.3051754319,2003-09-30,2003-10-28,24.9870433647,10.5149326685,10.5494826817,2.52393652983
sh600236,2003-12-11,10.7,10.8,10.48,10.49,-0.014098,1201000.0,12748860.0,1503566660.0,7084558220.0,0.00837906980459,11.1457950687,2003-09-30,2003-10-28,24.6347760273,10.3666931477,10.4007560749,2.48835407263
sh600236,2003-12-12,10.53,10.55,10.33,10.45,-0.003813,658766.0,6872244.0,1497833330.0,7057543690.0,0.00459604187069,11.1032961521,2003-09-30,2003-10-28,24.5408436263,10.3271649468,10.3610979919,2.47886597855
sh600236,2003-12-15,10.38,10.45,10.29,10.35,-0.009569,978600.0,10147935.0,1483500000.0,6990007390.0,0.00682744186047,10.9970487112,2003-09-30,2003-10-28,24.3060122937,10.2283443054,10.2619526453,2.45514571
sh600236,2003-12-16,10.33,10.45,10.17,10.43,0.007729,969691.0,9994412.0,1494966660.0,7044036430.0,0.00676528607668,11.0820449007,2003-09-30,2003-10-28,24.4938734627,10.3073991785,10.3412672773,2.47412153119
sh600236,2003-12-17,10.42,10.54,10.26,10.28,-0.014382,1913175.0,19871489.0,1473466660.0,6942731980.0,0.0133477326185,10.9226629309,2003-09-30,2003-10-28,24.1416025746,10.1591581635,10.1925391713,2.43853871533
sh600236,2003-12-18,10.22,10.5,10.22,10.45,0.016537,982224.0,10129257.0,1497833330.0,7057543690.0,0.00685272559665,11.1032910078,2003-09-30,2003-10-28,24.5408322563,10.3271601621,10.3610931915,2.47886483007
sh600236,2003-12-19,10.55,11.1,10.33,10.79,0.032536,3823972.0,40857362.0,1546566660.0,7287167130.0,0.0266788745336,11.4645476841,2003-09-30,2003-10-28,25.3392927746,10.6631646451,10.6982017196,2.55951717618
sh600236,2003-12-22,10.8,11.2,10.77,11.04,0.02317,2879591.0,31599495.0,1582400000.0,7456007880.0,0.0200901697674,11.7301812539,2003-09-30,2003-10-28,25.9264041882,10.91023017,10.9460790535,2.61882118915
sh600236,2003-12-23,11.03,11.08,10.83,10.9,-0.012681,1820195.0,19922193.0,1562333330.0,7361457060.0,0.0126990349108,11.5814308254,2003-09-30,2003-10-28,25.5976314567,10.7718775412,10.807271825,2.58561191765
sh600236,2003-12-24,10.9,11.12,10.9,11.12,0.020183,2488007.0,27355270.0,1593866660.0,7510036930.0,0.0173581884447,11.8151788438,2003-09-30,2003-10-28,26.1142684524,10.9892863456,11.0253949922,2.63779732298
sh600236,2003-12-25,11.2,11.3,10.97,11.02,-0.008993,1630881.0,18123518.0,1579533330.0,7442500620.0,0.0113782395589,11.7089249404,2003-09-30,2003-10-28,25.8794228362,10.8904596935,10.9262436151,2.61407561166
sh600236,2003-12-26,11.05,11.08,10.81,10.9,-0.010889,994472.0,10820030.0,1562333330.0,7361457060.0,0.00693817675899,11.5814264567,2003-09-30,2003-10-28,25.5976218009,10.7718734779,10.8072677483,2.58561094232
sh600236,2003-12-29,10.88,11.13,10.81,10.89,-0.000917,1070436.0,11746742.0,1560900000.0,7354703430.0,0.00746815813953,11.5708062887,2003-09-30,2003-10-28,25.5741487817,10.7619956699,10.7973574838,2.58323993709
sh600236,2003-12-30,10.89,11.33,10.89,11.24,0.03214,1744486.0,19404038.0,1611066660.0,7591080490.0,0.0121708326085,11.9426920028,2003-09-30,2003-10-28,26.3961019236,11.1078862107,11.1443845534,2.66626526867
sh600236,2003-12-31,11.27,11.29,11.14,11.15,-0.008007,1679769.0,18798590.0,1598166660.0,7530297820.0,0.0117193186535,11.8470668679,2003-09-30,2003-10-28,26.1847483355,11.0189453658,11.0551514662,2.64491648266
sh600236,2004-01-02,11.17,11.33,11.16,11.31,0.01435,1821119.0,20442412.0,1621100000.0,7638355900.0,0.0127054813953,12.0170722775,2003-09-30,2003-10-28,26.5604994741,11.1770672318,11.2137928898,2.68287103419
sh600236,2004-01-05,11.35,11.7,11.25,11.54,0.020336,2583979.0,29808144.0,1654066660.0,7793689400.0,0.0180277605378,12.2614514593,2003-09-30,2003-10-28,27.1006337914,11.4043640711,11.441836582,2.73742989954
sh600236,2004-01-06,11.54,11.6,11.38,11.4,-0.012132,2172865.0,24943746.0,1634000000.0,7699138580.0,0.0151595232558,12.1126955302,2003-09-30,2003-10-28,26.7718489022,11.2660063262,11.3030242206,2.7042194
sh600236,2004-01-07,11.38,11.56,11.35,11.41,0.000877,1168595.0,13385174.0,1635433330.0,7705892210.0,0.00815298838871,12.1233183642,2003-09-30,2003-10-28,26.7953278137,11.2758866137,11.3129369728,2.70659100041
sh600236,2004-01-08,11.39,11.41,11.14,11.28,-0.011394,3794364.0,42649852.0,1616800000.0,7618095010.0,0.0264723069767,11.9851852748,2003-09-30,2003-10-28,26.4900218486,11.1474091616,11.1840373689,2.67575210255
sh600236,2004-01-09,11.3,11.32,10.94,11.01,-0.023936,2908320.0,32175963.0,1578100000.0,7435746990.0,0.0202906046512,11.69830788,2003-09-30,2003-10-28,25.8559566857,10.8805847759,10.9163362505,2.61170530023
sh600236,2004-01-12,10.98,11.12,10.84,11.01,0.0,2248940.0,24704005.0,1578100000.0,7435746990.0,0.0156902790698,11.69830788,2003-09-30,2003-10-28,25.8559566857,10.8805847759,10.9163362505,2.61170530023
sh600236,2004-01-13,11.05,11.23,10.98,11.2,0.017257,1682160.0,18680148.0,1605333330.0,7564065970.0,0.0117360000244,11.9001855791,2003-09-30,2003-10-28,26.3021529302,11.0683510274,11.1047194652,2.65677549859
sh600236,2004-01-14,11.23,11.23,10.91,11.01,-0.016964,1322749.0,14625814.0,1578100000.0,7435746990.0,0.00922848139535,11.6983108309,2003-09-30,2003-10-28,25.8559632079,10.8805875206,10.9163390041,2.61170595903
sh600236,2004-01-15,11.1,11.1,10.9,11.02,0.000908,1162111.0,12763050.0,1579533330.0,7442500620.0,0.0081077511799,11.7089328972,2003-09-30,2003-10-28,25.8794404225,10.8904670941,10.92625104,2.61407738804
sh600236,2004-01-16,11.0,11.19,11.0,11.15,0.011797,656458.0,7299826.0,1598166660.0,7530297820.0,0.00457993955399,11.8470631786,2003-09-30,2003-10-28,26.1847401811,11.0189419344,11.0551480235,2.64491565899
sh600236,2004-01-29,11.12,11.29,11.1,11.29,0.012556,963183.0,10765829.0,1618233330.0,7624848640.0,0.00671988140919,11.9958149038,2003-09-30,2003-10-28,26.5135157788,11.1572957693,11.1939564621,2.67812522001
sh600236,2004-01-30,11.35,11.35,10.82,10.84,-0.039858,1325914.0,14634025.0,1553733330.0,7320935280.0,0.00925056281054,11.5176857134,2003-09-30,2003-10-28,25.4567400669,10.7125882745,10.7477877454,2.57138050499
sh600236,2004-02-02,11.23,11.28,10.11,10.99,0.013838,1638353.0,17754064.0,1575233330.0,7422239730.0,0.0114303697916,11.6770674483,2003-09-30,2003-10-28,25.809010436,10.8608290711,10.8965156322,2.60696326841
sh600236,2004-02-03,10.8,11.23,10.8,11.08,0.008189,1135118.0,12520459.0,1588133330.0,7483022410.0,0.0079194279236,11.7726909536,2003-09-30,2003-10-28,26.0203604224,10.9497684003,10.9857471987,2.62831169062
sh600236,2004-02-04,11.11,11.68,11.11,11.63,0.049639,4529766.0,51866241.0,1666966660.0,7854472070.0,0.031603018731,12.3570755599,2003-09-30,2003-10-28,27.3119850934,11.4933039539,11.5310687039,2.75877845463
sh600236,2004-02-05,11.6,11.62,11.42,11.58,-0.004299,1365753.0,15694535.0,1659800000.0,7820703920.0,0.00952850930233,12.303952492,2003-09-30,2003-10-28,27.1945708695,11.4438942402,11.4814966396,2.74691846605
sh600236,2004-02-06,11.55,11.55,11.31,11.34,-0.020725,1704890.0,19463437.0,1625400000.0,7658616790.0,0.0118945813953,12.0489530766,2003-09-30,2003-10-28,26.6309633883,11.2067195321,11.2435426217,2.68998858084
sh600236,2004-02-09,11.32,11.52,11.3,11.44,0.008818,1607410.0,18313252.0,1639733330.0,7726153100.0,0.0112144883949,12.1552007449,2003-09-30,2003-10-28,26.8657952234,11.305540385,11.3426881806,2.71370890015
sh600236,2004-02-10,11.45,11.5,11.11,11.26,-0.015734,2196927.0,24723144.0,1613933330.0,7604587750.0,0.0153273977061,11.9639508164,2003-09-30,2003-10-28,26.4430888014,11.1276590125,11.1642223247,2.67101140432
sh600236,2004-02-11,11.35,11.35,11.06,11.16,-0.008881,1605698.0,17923159.0,1599600000.0,7537051450.0,0.011202544186,11.8576989692,2003-09-30,2003-10-28,26.2082477297,11.0288342728,11.0650728663,2.64729015203
sh600236,2004-02-12,11.28,11.3,11.12,11.29,0.011649,1715110.0,19248176.0,1618233330.0,7624848640.0,0.0119658837456,11.9958293045,2003-09-30,2003-10-28,26.5135476075,11.1573091633,11.1939699001,2.67812843501
sh600236,2004-02-13,11.25,11.28,11.02,11.04,-0.022143,1282079.0,14243328.0,1582400000.0,7456007880.0,0.0089447372093,11.7302056562,2003-09-30,2003-10-28,25.9264581229,10.9102528665,10.9461018246,2.61882663708
sh600236,2004-02-16,11.04,11.2,11.0,11.16,0.01087,786354.0,8738243.0,1599600000.0,7537051450.0,0.00548619069767,11.8577129916,2003-09-30,2003-10-28,26.2082787227,11.0288473151,11.0650859514,2.64729328262
sh600236,2004-02-17,11.17,11.27,11.1,11.25,0.008065,1604828.0,17952739.0,1612500000.0,7597834120.0,0.0111964744186,11.9533454469,2003-09-30,2003-10-28,26.4196484905,11.1177949687,11.1543258696,2.66864370295
sh600236,2004-02-18,11.3,11.52,11.2,11.51,0.023111,2019309.0,22966278.0,1649766660.0,7773428510.0,0.0140882023825,12.2295992135,2003-09-30,2003-10-28,27.0302329868,11.3747383283,11.4121134948,2.73031872757
sh600236,2004-02-19,11.54,11.75,11.38,11.4,-0.009557,2512856.0,29205072.0,1634000000.0,7699138580.0,0.0175315534884,12.1127209339,2003-09-30,2003-10-28,26.7719050502,11.2660299541,11.3030479261,2.70422507149
sh600236,2004-02-20,11.4,11.47,11.31,11.44,0.003509,1039821.0,11801948.0,1639733330.0,7726153100.0,0.00725456513103,12.1552244716,2003-09-30,2003-10-28,26.865847665,11.3055624532,11.3427103213,2.71371419726
sh600236,2004-02-23,11.58,11.65,11.25,11.26,-0.015734,1442223.0,16546663.0,1613933330.0,7604587750.0,0.010062020951,11.9639741698,2003-09-30,2003-10-28,26.4431404178,11.1276807335,11.1642441171,2.67101661808
sh600236,2004-02-24,11.21,11.38,11.12,11.36,0.008881,1268821.0,14274187.0,1628266660.0,7672124050.0,0.00885223957113,12.0702262244,2003-09-30,2003-10-28,26.6779819479,11.2265056661,11.2633937691,2.69473791667
sh600236,2004-02-25,11.37,11.48,11.17,11.21,-0.013204,1349767.0,15262146.0,1606766660.0,7570819600.0,0.00941697910884,11.9108509573,2003-09-30,2003-10-28,26.3257258742,11.0782708853,11.1146719178,2.65915659722
sh600236,2004-02-26,11.18,11.2,11.01,11.19,-0.001784,1574011.0,17494905.0,1603900000.0,7557312340.0,0.010981472093,11.8896019992,2003-09-30,2003-10-28,26.2787607793,11.0585072501,11.0948433431,2.65441266185
sh600236,2004-02-27,11.19,11.24,11.0,11.12,-0.006256,1924233.0,21263848.0,1593866660.0,7510036930.0,0.0134248814515,11.8152206491,2003-09-30,2003-10-28,26.1143608518,10.9893252287,11.0254340031,2.63780665623
sh600236,2004-03-01,11.1,11.25,10.97,11.19,0.006295,1324223.0,14676788.0,1603900000.0,7557312340.0,0.00923876511628,11.8895974631,2003-09-30,2003-10-28,26.2787507534,11.058503031,11.0948391102,2.65441164914
sh600236,2004-03-02,11.25,11.29,11.1,11.2,0.000894,739899.0,8276332.0,1605333330.0,7564065970.0,0.00516208605723,11.9002267632,2003-09-30,2003-10-28,26.3022439566,11.0683893327,11.1047578963,2.65678469315
sh600236,2004-03-03,11.25,11.25,11.01,11.02,-0.016071,699900.0,7779198.0,1579533330.0,7442500620.0,0.00488302326612,11.7089782189,2003-09-30,2003-10-28,25.8795405939,10.8905092478,10.9262933322,2.61408750635
sh600236,2004-03-04,11.02,11.15,10.99,11.09,0.006352,683803.0,7566780.0,1589566660.0,7489776040.0,0.00477071862466,11.7833536486,2003-09-30,2003-10-28,26.0439274358,10.9596857625,10.9956971474,2.63069219019
sh600236,2004-03-05,11.11,11.25,11.05,11.18,0.008115,641493.0,7141379.0,1602466660.0,7550558710.0,0.00447553257676,11.8789755634,2003-09-30,2003-10-28,26.2552739069,11.0486236125,11.0849272298,2.65204025731
sh600236,2004-03-08,11.18,11.24,11.06,11.19,0.000894,516581.0,5750375.0,1603900000.0,7557312340.0,0.00360405348837,11.8895953676,2003-09-30,2003-10-28,26.2787461218,11.058501082,11.0948371547,2.6544111813
sh600236,2004-03-09,11.2,11.38,11.2,11.26,0.006256,1593826.0,18000634.0,1613933330.0,7604587750.0,0.011119716302,11.9639766762,2003-09-30,2003-10-28,26.4431459576,11.1276830647,11.164246456,2.67101717765
sh600236,2004-03-10,11.32,11.72,11.28,11.63,0.03286,2749449.0,31670659.0,1666966660.0,7854472070.0,0.0191822024023,12.3571129498,2003-09-30,2003-10-28,27.3120677337,11.4933387302,11.5311035945,2.75878680211
sh600236,2004-03-11,11.65,11.75,11.55,11.63,0.0,2617382.0,30521599.0,1666966660.0,7854472070.0,0.0182608047242,12.3571129498,2003-09-30,2003-10-28,27.3120677337,11.4933387302,11.5311035945,2.75878680211
sh600236,2004-03-12,11.63,11.87,11.48,11.82,0.016337,1982378.0,23116527.0,1694200000.0,7982791050.0,0.013830544186,12.558991104,2003-09-30,2003-10-28,27.7582649843,11.6811054051,11.7194872339,2.80385710209
sh600236,2004-03-15,11.85,12.15,11.81,12.01,0.016074,2750857.0,32942308.0,1721433330.0,8111110030.0,0.0191920256186,12.760864327,2003-09-30,2003-10-28,28.2044513356,11.8688674934,11.9078662717,2.84892630115
sh600236,2004-03-16,12.08,12.09,11.8,12.02,0.000833,1698987.0,20287495.0,1722866660.0,8117863660.0,0.0118533977203,12.771494127,2003-09-30,2003-10-28,28.2279456436,11.87875426,11.9177855243,2.85129945676
sh600236,2004-03-17,12.05,12.1,11.82,11.91,-0.009151,1185023.0,14137972.0,1707100000.0,8043573720.0,0.00826760232558,12.6546221843,2003-09-30,2003-10-28,27.969631713,11.7700517797,11.808725869,2.82520721543
sh600236,2004-03-18,11.92,12.0,11.64,11.7,-0.017632,1335727.0,15737885.0,1677000000.0,7901747490.0,0.0093190255814,12.4314958859,2003-09-30,2003-10-28,27.4764711667,11.5625222268,11.6005144145,2.77539316181
sh600236,2004-03-19,11.7,11.94,11.61,11.92,0.018803,764903.0,9012901.0,1708533330.0,8050327350.0,0.00533653256855,12.6652453031,2003-09-30,2003-10-28,27.993111254,11.7799323322,11.818638887,2.82757887943
sh600236,2004-03-22,11.95,11.95,11.75,11.82,-0.008389,811421.0,9617810.0,1694200000.0,7982791050.0,0.00566107674419,12.5589965602,2003-09-30,2003-10-28,27.7582770437,11.6811104799,11.7194923254,2.80385832021
sh600236,2004-03-23,11.78,11.79,11.58,11.63,-0.016074,1061112.0,12340268.0,1666966660.0,7854472070.0,0.00740310700635,12.3571232495,2003-09-30,2003-10-28,27.3120904985,11.49334831,11.5311132057,2.75878910157
sh600236,2004-03-24,11.63,11.78,11.62,11.69,0.005159,649664.0,7590599.0,1675566660.0,7894993860.0,0.00453253955292,12.4208736483,2003-09-30,2003-10-28,27.4529935734,11.5526424939,11.5906022188,2.77302169455
sh600236,2004-03-25,11.66,11.82,11.6,11.67,-0.001711,1037574.0,12134919.0,1672700000.0,7881486600.0,0.00723888837209,12.3996215335,2003-09-30,2003-10-28,27.4060215014,11.5328759226,11.5707706984,2.76827705443
sh600236,2004-03-26,11.75,12.0,11.61,11.93,0.022279,1298762.0,15319576.0,1709966660.0,8057080980.0,0.00906113026788,12.6758727017,2003-09-30,2003-10-28,28.0166002544,11.7898168653,11.8285558988,2.82995149892
sh600236,2004-03-29,11.95,12.14,11.86,11.97,0.003353,1348490.0,16249031.0,1715700000.0,8084095510.0,0.00940806976744,12.7183749028,2003-09-30,2003-10-28,28.110539915,11.8293481213,11.8682170467,2.8394403263
sh600236,2004-03-30,11.99,12.06,11.86,12.05,0.006683,711724.0,8499451.0,1727166660.0,8138124550.0,0.00496551629824,12.8033718023,2003-09-30,2003-10-28,28.2984026533,11.9084036548,11.9475323412,2.858416306
sh600236,2004-03-31,12.1,12.22,12.0,12.17,0.009959,1350125.0,16397012.0,1744366660.0,8219168110.0,0.00941947678019,12.9308805821,2003-09-30,2003-10-28,28.5802264453,12.0269994468,12.0665178158,2.88688327399
sh600236,2004-04-01,12.16,12.52,12.09,12.46,0.023829,2174656.0,26902923.0,1785933330.0,8415023390.0,0.015172018633,13.2390105355,2003-09-30,2003-10-28,29.2612646613,12.3135908166,12.3540508688,2.95567481553
sh600236,2004-04-02,12.46,12.8,12.35,12.63,0.013644,2359314.0,29728850.0,1810300000.0,8529835110.0,0.0164603302326,13.4196435952,2003-09-30,2003-10-28,29.6605053563,12.4815974497,12.5226095389,2.99600204271
sh600236,2004-04-05,12.62,13.04,12.6,12.74,0.008709,3076400.0,39396857.0,1826066660.0,8604125040.0,0.0214632558923,13.5365152713,2003-09-30,2003-10-28,29.9188186975,12.5902996819,12.6316689454,3.0220942245
sh600236,2004-04-06,12.7,12.8,12.63,12.73,-0.000785,1308825.0,16618623.0,1824633330.0,8597371410.0,0.00913133722598,13.5258891068,2003-09-30,2003-10-28,29.8953324248,12.5804162966,12.6217530852,3.01972188054
sh600236,2004-04-07,12.41,12.7,12.26,12.57,-0.012569,5712980.0,71595272.0,1801700000.0,8489313320.0,0.039858,13.3558822066,2003-09-30,2003-10-28,29.5195779916,12.4222930442,12.4631102707,2.98176699622
sh600236,2004-04-08,12.52,12.56,12.24,12.35,-0.017502,2277977.0,28113348.0,1770166660.0,8340733460.0,0.0158928628506,13.1221275563,2003-09-30,2003-10-28,29.0029263375,12.2048780713,12.2449809148,2.92958011025
sh600236,2004-04-09,12.35,12.48,12.28,12.3,-0.004049,1796999.0,22229671.0,1763000000.0,8306965310.0,0.0125372023256,13.0689960618,2003-09-30,2003-10-28,28.8854934888,12.15546052,12.195400987,2.91771824038
sh600236,2004-04-12,12.22,12.4,12.13,12.34,0.003252,849092.0,10439064.0,1768733330.0,8333979830.0,0.00592389768558,13.111496437,2003-09-30,2003-10-28,28.9794291136,12.1949900776,12.235060431,2.9272066601
sh600236,2004-04-13,12.4,12.76,12.34,12.43,0.007293,910957.0,11433624.0,1781633330.0,8394762500.0,0.00635551396538,13.2071185805,2003-09-30,2003-10-28,29.1907760902,12.2839281403,12.3242907268,2.94855477827
sh600236,2004-04-14,12.45,12.55,12.22,12.32,-0.00885,1029156.0,12687514.0,1765866660.0,8320472570.0,0.00718015816664,13.090235581,2003-09-30,2003-10-28,28.9324377218,12.1752153762,12.2152207538,2.92246006849
sh600236,2004-04-15,12.32,12.32,12.07,12.14,-0.01461,1003961.0,12219744.0,1740066660.0,8198907220.0,0.0070043790966,12.8989872392,2003-09-30,2003-10-28,28.5097348066,11.9973354796,12.0367563786,2.87976292689
sh600236,2004-04-16,12.1,12.32,11.97,12.29,0.012356,840996.0,10209025.0,1761566660.0,8300211680.0,0.00586741397569,13.0583671255,2003-09-30,2003-10-28,28.8620010899,12.1455745568,12.1854825404,2.91534527761
sh600236,2004-04-19,12.28,12.34,12.15,12.2,-0.007323,590233.0,7232254.0,1748666660.0,8239429000.0,0.00411790466686,12.9627407031,2003-09-30,2003-10-28,28.6506446559,12.0566325143,12.0962482518,2.89399620414
sh600236,2004-04-20,12.06,12.28,11.88,12.18,-0.001639,340661.0,4140149.0,1745800000.0,8225921740.0,0.00237670465116,12.9414947711,2004-03-31,2004-04-20,32.8288613668,13.0535570943,22.3550637523,2.82213854152
sh600236,2004-04-21,12.1,12.23,11.99,12.12,-0.004926,599971.0,7253484.0,1737200000.0,8185399960.0,0.00418584418605,12.8777449678,2004-03-31,2004-04-20,32.6671463957,12.9892552721,22.2449427083,2.80823668706
sh600236,2004-04-22,12.1,12.1,11.95,12.03,-0.007426,509157.0,6115751.0,1724300000.0,8124617290.0,0.00355225813953,12.7821148337,2004-03-31,2004-04-20,32.4245601666,12.8927970624,22.0797517637,2.78738272142
sh600236,2004-04-23,12.0,12.0,11.74,11.84,-0.015794,641446.0,7591297.0,1697066660.0,7996298310.0,0.00447520466874,12.580234112,2004-03-31,2004-04-20,31.9124466633,12.6891682256,21.7310241644,2.74335879872
sh600236,2004-04-26,11.8,11.99,11.75,11.98,0.011824,212133.0,2512161.0,1717133330.0,8090849140.0,0.00147999767729,12.7289828001,2004-03-31,2004-04-20,32.2897794326,12.8392049507,21.9879717941,2.77579627316
sh600236,2004-04-27,11.7,12.13,11.7,12.09,0.009182,441053.0,5308687.0,1732900000.0,8165139070.0,0.00307711395349,12.8458603202,2004-03-31,2004-04-20,32.5862641874,12.9570945306,22.1898653511,2.80128363454
sh600236,2004-04-28,12.16,12.16,11.9,12.05,-0.003309,389363.0,4684995.0,1727166660.0,8138124550.0,0.002716486057,12.8033533684,2004-03-31,2004-04-20,32.4784362392,12.9142195048,22.1164390866,2.79201418699
sh600236,2004-04-29,12.18,12.18,11.85,11.93,-0.009959,1179900.0,14095389.0,1709966660.0,8057080980.0,0.00823186049721,12.6758447722,2004-03-31,2004-04-20,32.1549834927,12.7856067927,21.8961814698,2.7642085177
sh600236,2004-04-30,11.9,11.96,11.65,11.83,-0.008382,365324.0,4304149.0,1695633330.0,7989544680.0,0.00254877209803,12.5695958413,2004-03-31,2004-04-20,31.8854604211,12.6784378366,21.7126476767,2.74103892191
sh600236,2004-05-10,12.01,12.25,11.81,11.85,0.001691,507125.0,6089755.0,1698500000.0,8003051940.0,0.00353808139535,12.5908510279,2004-03-31,2004-04-20,31.9393787346,12.699877075,21.7493637639,2.74567401872
sh600236,2004-05-11,11.7,11.86,11.7,11.8,-0.004219,113161.0,1334824.0,1691333330.0,7969283790.0,0.000789495350393,12.5377302274,2004-03-31,2004-04-20,31.8046264957,12.6462962936,21.6576031982,2.73409002004
sh600236,2004-05-12,11.8,12.3,11.8,12.14,0.028814,1698942.0,20702949.0,1740066660.0,8198907220.0,0.0118530837663,12.8989923862,2004-03-31,2004-04-20,32.7210450036,13.010686675,22.2816453768,2.81287008987
sh600236,2004-05-13,12.24,12.32,12.09,12.29,0.012356,1707533.0,20913237.0,1761566660.0,8300211680.0,0.0119130209753,13.0583723361,2004-03-31,2004-04-20,33.1253462357,13.1714467195,22.556957387,2.84762591271
sh600236,2004-05-14,12.36,12.37,11.85,11.86,-0.034988,830213.0,10041323.0,1699933330.0,8009805570.0,0.00579218373229,12.6014860048,2004-03-31,2004-04-20,31.9663566216,12.7106041417,21.767734562,2.74799317727
sh600236,2004-05-17,11.77,11.9,11.2,11.31,-0.046374,1455087.0,16679152.0,1621100000.0,7638355900.0,0.0101517697674,12.0171046928,2004-03-31,2004-04-20,30.4839487996,12.1211625852,20.7582776394,2.62055774167
sh600236,2004-05-18,11.3,11.48,10.88,11.23,-0.007073,714732.0,7893725.0,1609633330.0,7584326860.0,0.00498650233591,11.9321077113,2004-03-31,2004-04-20,30.2683358297,12.0354296023,20.6114543417,2.60202253676
sh600236,2004-05-19,11.24,11.4,11.03,11.2,-0.002671,461867.0,5194418.0,1605333330.0,7564065970.0,0.00322232791367,11.9002370516,2004-03-31,2004-04-20,30.1874891047,12.0032829698,20.5564011471,2.59507253457
sh600236,2004-05-20,11.25,11.4,11.2,11.21,0.000893,263000.0,2974278.0,1606766660.0,7570819600.0,0.00183488372854,11.9108639633,2004-03-31,2004-04-20,30.2144465325,12.0140019015,20.5747580133,2.59738993434
sh600236,2004-05-24,11.2,11.23,11.14,11.2,-0.000892,271834.0,3045134.0,1605333330.0,7564065970.0,0.00189651628301,11.9002394727,2004-03-31,2004-04-20,30.1874952462,12.0032854118,20.5564053292,2.59507306252
sh600236,2004-05-25,11.11,11.26,10.93,11.0,-0.017857,283160.0,3129120.0,1576666660.0,7428993360.0,0.00197553489207,11.6877368964,2004-03-31,2004-04-20,29.6484371436,11.7889427442,20.1893295992,2.54873284284
sh600236,2004-05-26,10.98,11.2,10.87,11.0,0.0,370800.0,4074449.0,1576666660.0,7428993360.0,0.00258697675512,11.6877368964,2004-03-31,2004-04-20,29.6484371436,11.7889427442,20.1893295992,2.54873284284
sh600236,2004-05-27,11.0,11.25,10.95,11.17,0.015455,208401.0,2312391.0,1601033330.0,7543805080.0,0.00145396046814,11.8683708701,2004-03-31,2004-04-20,30.1066537396,11.9711408543,20.5013556882,2.58812350893
sh600236,2004-05-28,11.21,11.21,10.99,11.0,-0.015219,271674.0,3014462.0,1576666660.0,7428993360.0,0.00189540000801,11.6877461339,2004-03-31,2004-04-20,29.6484605764,11.7889520617,20.189345556,2.54873485724
sh600236,2004-05-31,11.0,11.18,10.9,11.05,0.004545,423736.0,4654953.0,1583833330.0,7462761510.0,0.00295629768064,11.7408669401,2004-03-31,2004-04-20,29.7832128297,11.8425328488,20.2811061315,2.56031885717
sh600236,2004-06-01,11.06,11.3,11.06,11.27,0.01991,192556.0,2166493.0,1615366660.0,7611341380.0,0.00134341395903,11.9746276008,2004-03-31,2004-04-20,30.3761965971,12.0783176778,20.6849029546,2.61129480562
sh600236,2004-06-02,11.25,11.25,10.91,11.02,-0.022183,521866.0,5757482.0,1579533330.0,7442500620.0,0.00364092558908,11.7089944368,2004-03-31,2004-04-20,29.702361428,11.8103843568,20.2260497523,2.55336845294
sh600236,2004-06-03,11.02,11.2,10.9,10.99,-0.002722,205300.0,2250098.0,1575233330.0,7422239730.0,0.00143232558443,11.6771225539,2004-03-31,2004-04-20,29.6215116002,11.7782364905,20.1709944449,2.54641818401
sh600236,2004-06-04,10.98,10.99,10.89,10.9,-0.008189,282034.0,3080895.0,1562333330.0,7361457060.0,0.00196767907397,11.5814985973,2004-03-31,2004-04-20,29.3789410417,11.6817845119,20.0058141714,2.52556556551
sh600236,2004-06-07,10.88,10.93,10.76,10.8,-0.009174,178182.0,1926112.0,1548000000.0,7293920760.0,0.00124313023256,11.4752499292,2004-03-31,2004-04-20,29.1094186366,11.5746158208,19.8222808322,2.50239602701
sh600236,2004-06-08,10.85,10.86,10.61,10.67,-0.012037,698900.0,7441249.0,1529366660.0,7206123560.0,0.00487604653288,11.3371223458,2004-03-31,2004-04-20,28.7590285645,11.4352921702,19.5836800378,2.47227468603
sh600236,2004-06-09,10.67,10.68,10.3,10.42,-0.02343,1227267.0,12851806.0,1493533330.0,7037282800.0,0.00856232792609,11.0714935692,2004-03-31,2004-04-20,28.0852045252,11.1673632746,19.1248344145,2.41434929014
sh600236,2004-06-10,10.25,10.3,10.01,10.2,0.007677,302750.0,3062953.0,1462000000.0,6888702940.0,0.00211220930233,11.1564894254,2004-03-31,2004-04-20,28.3008146403,11.2530951225,19.2716557683,2.43288424964
sh600236,2004-06-11,10.25,10.41,10.21,10.28,0.007843,279150.0,2881430.0,1473466660.0,6942731980.0,0.00194755814835,11.2439897719,2004-03-31,2004-04-20,28.5227779296,11.3413531475,19.4228033645,2.45196536081
sh600236,2004-06-14,10.28,10.31,10.05,10.2,-0.007782,177883.0,1802377.0,1462000000.0,6888702940.0,0.00124104418605,11.1564890435,2004-03-31,2004-04-20,28.3008136717,11.2530947373,19.2716551087,2.43288416637
sh600236,2004-06-15,10.2,10.26,10.07,10.17,-0.002941,697419.0,7064062.0,1457700000.0,6868442050.0,0.00486571395349,11.1236778092,2004-03-31,2004-04-20,28.2175809787,11.2199993857,19.2149771711,2.42572905404
sh600236,2004-06-16,10.05,10.44,10.05,10.28,0.010816,471419.0,4813849.0,1473466660.0,6942731980.0,0.00328896978232,11.2439915084,2004-03-31,2004-04-20,28.5227823346,11.3413548991,19.4228063642,2.45196573948
sh600236,2004-06-17,10.38,10.54,10.16,10.24,-0.003891,523950.0,5433027.0,1467733330.0,6915717460.0,0.00365546512458,11.2002411375,2004-03-31,2004-04-20,28.4118001885,11.2972256872,19.3472322246,2.44242514079
sh600236,2004-06-18,10.39,10.39,9.96,10.0,-0.023438,648500.0,6525361.0,1433333330.0,6753630330.0,0.00452441861517,10.9377298857,2004-03-31,2004-04-20,27.7458844157,11.0324413115,18.8937717957,2.38517958034
sh600236,2004-06-21,10.0,10.06,9.83,10.06,0.006,145766.0,1443111.0,1441933330.0,6794152110.0,0.00101697209537,11.003356265,2004-03-31,2004-04-20,27.9123597222,11.0986359594,19.0071344265,2.39949065782
sh600236,2004-06-22,10.06,10.19,10.0,10.06,0.0,729230.0,7332059.0,1441933330.0,6794152110.0,0.00508765117455,11.003356265,2004-03-31,2004-04-20,27.9123597222,11.0986359594,19.0071344265,2.39949065782
sh600236,2004-06-23,10.05,10.05,9.8,10.0,-0.005964,1320793.0,13077636.0,1433333330.0,6753630330.0,0.00921483490515,10.9377322482,2004-03-31,2004-04-20,27.7458904088,11.0324436945,18.8937758768,2.38518009554
sh600236,2004-06-24,10.29,10.29,9.9,9.98,-0.002,832489.0,8309433.0,1430466660.0,6740123070.0,0.00580806281777,10.9158567837,2004-03-31,2004-04-20,27.690398628,11.0103788071,18.855988325,2.38040973535
sh600236,2004-06-25,9.99,10.08,9.96,10.03,0.00501,1515662.0,15190086.0,1437633330.0,6773891220.0,0.010574386071,10.9705452262,2004-03-31,2004-04-20,27.8291275251,11.0655408049,18.9504568265,2.39233558812
sh600236,2004-06-28,10.0,10.03,9.9,10.01,-0.001994,948574.0,9475553.0,1434766660.0,6760383960.0,0.00661795817029,10.948669959,2004-03-31,2004-04-20,27.7736362448,11.0434761166,18.9126696156,2.38756527096
sh600236,2004-06-29,10.02,10.1,9.98,10.09,0.007992,1591893.0,15997663.0,1446233330.0,6814413000.0,0.0111062302582,11.0361717293,2004-03-31,2004-04-20,27.9956031457,11.1317355777,19.0638196712,2.40664669261
sh600236,2004-06-30,10.18,10.26,10.1,10.24,0.014866,1459924.0,14858169.0,1467733330.0,6915717460.0,0.0101855163022,11.2002354583,2004-03-31,2004-04-20,28.4117857821,11.2972199588,19.3472224144,2.44242390234
sh600236,2004-07-01,10.3,10.63,10.26,10.6,0.035156,1429150.0,14994954.0,1519333330.0,7158848150.0,0.00997081397536,11.593990936,2004-03-31,2004-04-20,29.410630523,11.6943850237,20.0273933656,2.52828975705
sh600236,2004-07-02,10.59,10.59,10.4,10.5,-0.009434,706653.0,7394330.0,1505000000.0,7091311850.0,0.0049301372093,11.4846132256,2004-03-31,2004-04-20,29.1331706347,11.5840601954,19.8384549366,2.50443787148
sh600236,2004-07-05,10.46,10.63,10.35,10.55,0.004762,424766.0,4435446.0,1512166660.0,7125080000.0,0.002963483734,11.5393029537,2004-03-31,2004-04-20,29.2719027932,11.63922349,19.932925659,2.51636400463
sh600236,2004-07-06,10.55,10.63,10.5,10.61,0.005687,338997.0,3588242.0,1520766660.0,7165601780.0,0.00236509535921,11.6049269696,2004-03-31,2004-04-20,29.4383721044,11.705415754,20.0462842072,2.53067456672
sh600236,2004-07-07,10.56,10.6,10.52,10.58,-0.002828,142499.0,1503980.0,1516466660.0,7145340890.0,0.000994179074138,11.5721082362,2004-03-31,2004-04-20,29.3551203881,11.6723128382,19.9895933155,2.52351781905
sh600236,2004-07-08,10.46,10.62,10.46,10.6,0.00189,104337.0,1100324.0,1519333330.0,7158848150.0,0.000727932559737,11.5939795207,2004-03-31,2004-04-20,29.4106015656,11.6943735095,20.0273736469,2.52828726772
sh600236,2004-07-09,10.6,10.65,10.52,10.6,0.0,127103.0,1350181.0,1519333330.0,7158848150.0,0.000886765118225,11.5939795207,2004-03-31,2004-04-20,29.4106015656,11.6943735095,20.0273736469,2.52828726772
sh600236,2004-07-12,10.43,10.59,10.43,10.47,-0.012264,402841.0,4226582.0,1500700000.0,7071050960.0,0.00281051860465,11.4517909559,2004-03-31,2004-04-20,29.049909948,11.5509537128,19.7817579365,2.49728035267
sh600236,2004-07-13,10.45,10.47,10.28,10.32,-0.014327,478795.0,4964858.0,1479200000.0,6969746500.0,0.00334043023256,11.2877211469,2004-03-31,2004-04-20,28.6337118882,11.3854631989,19.4983446905,2.46150181706
sh600236,2004-07-14,10.4,10.45,10.3,10.32,0.0,324267.0,3357578.0,1479200000.0,6969746500.0,0.00226232790698,11.2877211469,2004-03-31,2004-04-20,28.6337118882,11.3854631989,19.4983446905,2.46150181706
sh600236,2004-07-15,10.33,10.5,10.32,10.47,0.014535,508396.0,5291696.0,1500700000.0,7071050960.0,0.00354694883721,11.4517881737,2004-03-31,2004-04-20,29.0499028905,11.5509509065,19.7817531306,2.49727974597
sh600236,2004-07-16,10.55,10.92,10.44,10.8,0.031519,944980.0,10176149.0,1548000000.0,7293920760.0,0.00659288372093,11.8127370852,2004-03-31,2004-04-20,29.9655267797,11.9150253282,20.4052542075,2.57599150628
sh600236,2004-07-19,10.78,11.02,10.74,10.99,0.017593,552032.0,6046291.0,1575233330.0,7422239730.0,0.00385138605466,12.0205585687,2004-03-31,2004-04-20,30.4927102923,12.1246463688,20.7642438448,2.62131092485
sh600236,2004-07-20,10.86,11.05,10.86,10.96,-0.00273,198309.0,2170897.0,1570933330.0,7401978840.0,0.00138355116573,11.9877424438,2004-03-31,2004-04-20,30.4094651932,12.0915460842,20.7075574591,2.61415474603
sh600236,2004-07-21,11.0,11.26,10.89,10.98,0.001825,464967.0,5172401.0,1573800000.0,7415486100.0,0.00324395581395,12.0096200738,2004-03-31,2004-04-20,30.4649624672,12.1136131558,20.7453487514,2.61892557844
sh600236,2004-07-22,10.93,10.99,10.78,10.8,-0.016393,367825.0,3989282.0,1548000000.0,7293920760.0,0.00256622093023,11.8127463719,2004-03-31,2004-04-20,29.9655503375,11.9150346953,20.4052702494,2.57599353143
sh600236,2004-07-23,10.71,10.8,10.51,10.75,-0.00463,326002.0,3471931.0,1540833330.0,7260152600.0,0.00227443256306,11.7580533562,2004-03-31,2004-04-20,29.8268098394,11.8598680847,20.3107938481,2.56406668138
sh600236,2004-07-26,10.55,10.82,10.54,10.61,-0.013023,269203.0,2857277.0,1520766660.0,7165601780.0,0.00187816047335,11.6049282274,2004-03-31,2004-04-20,29.4383752949,11.7054170226,20.0462863798,2.53067484099
sh600236,2004-07-27,10.55,10.79,10.55,10.73,0.01131,86732.0,922316.0,1537966660.0,7246645340.0,0.000605106979367,11.7361799656,2004-03-31,2004-04-20,29.7713233195,11.8378052891,20.2730098788,2.55929677344
sh600236,2004-07-28,10.65,10.9,10.57,10.59,-0.013048,256100.0,2726970.0,1517900000.0,7152094520.0,0.00178674418605,11.5830462894,2004-03-31,2004-04-20,29.3828670928,11.6833456057,20.0084876459,2.52590306914
sh600236,2004-07-29,10.61,10.96,10.6,10.88,0.027384,175367.0,1875317.0,1559466660.0,7347949800.0,0.0012234907029,11.900236429,2004-03-31,2004-04-20,30.1874875253,12.0032823418,20.5564000716,2.59507239879
sh600236,2004-07-30,10.84,10.85,10.66,10.79,-0.008272,152103.0,1632646.0,1546566660.0,7287167130.0,0.0010611837255,11.8017976733,2004-03-31,2004-04-20,29.9377766285,11.9039911903,20.3863575302,2.57360595991
sh600236,2004-08-02,10.5,10.79,10.5,10.68,-0.010195,57133.0,606955.0,1530800000.0,7212877190.0,0.000398602325581,11.681478346,2004-03-31,2004-04-20,29.6325609957,11.7826300001,20.1785186152,2.54736804714
sh600236,2004-08-03,10.61,10.68,10.3,10.32,-0.033708,377729.0,3954625.0,1479200000.0,6969746500.0,0.00263531860465,11.2877190739,2004-03-31,2004-04-20,28.6337066297,11.385461108,19.4983411097,2.46150136501
sh600236,2004-08-04,10.3,10.8,10.28,10.5,0.017442,775396.0,8177551.0,1505000000.0,7091311850.0,0.00540973953488,11.48459947,2004-03-31,2004-04-20,29.1331357407,11.5840463207,19.8384311753,2.50443487182
sh600236,2004-08-05,10.5,10.5,10.27,10.3,-0.019048,130675.0,1352823.0,1476333330.0,6956239240.0,0.00091168604857,11.2658408193,2004-03-31,2004-04-20,28.5782077711,11.3633934064,19.4605487383,2.45673039638
sh600236,2004-08-06,10.35,10.38,10.15,10.38,0.007767,277800.0,2852352.0,1487800000.0,7010268280.0,0.00193813953488,11.3533426049,2004-03-31,2004-04-20,28.8001747109,11.4516528829,19.6116988203,2.47581182137
sh600236,2004-08-09,10.32,10.35,10.25,10.35,-0.00289,29790.0,306862.0,1483500000.0,6990007390.0,0.000207837209302,11.3205314448,2004-03-31,2004-04-20,28.716942206,11.4185576061,19.5550210107,2.46865672521
sh600236,2004-08-10,10.46,10.46,10.34,10.44,0.008696,63117.0,655933.0,1496400000.0,7050790060.0,0.000440351162791,11.4189747862,2004-06-30,2004-08-10,24.7002959777,10.6038937823,21.0396488555,2.49613565206
sh600236,2004-08-11,10.38,10.38,10.25,10.25,-0.018199,71300.0,734100.0,1469166660.0,6922471090.0,0.000497441862722,11.2111608641,2004-06-30,2004-08-10,24.2507752912,10.4109135194,20.656748286,2.45070847933
sh600236,2004-08-12,10.2,10.25,9.95,9.99,-0.025366,737333.0,7422034.0,1431900000.0,6746876700.0,0.00514418372093,10.9267785576,2004-06-30,2004-08-10,23.6356301252,10.146830287,20.132769209,2.38854380804
sh600236,2004-08-13,9.9,10.02,9.9,9.97,-0.002002,123367.0,1232530.0,1429033330.0,6733369440.0,0.000860700002008,10.904903147,2004-06-30,2004-08-10,23.5883115936,10.1265163328,20.092463405,2.38376194334
sh600236,2004-08-16,9.95,9.95,9.0,9.15,-0.082247,1607040.0,14998583.0,1311500000.0,6179571750.0,0.0112119069767,10.0080075778,2004-06-30,2004-08-10,21.64824373,9.29364074397,18.4399185673,2.18770467479
sh600236,2004-08-17,9.15,9.45,9.0,9.38,0.025137,390903.0,3579702.0,1344466660.0,6334905250.0,0.00272723024608,10.2595788643,2004-06-30,2004-08-10,22.1924156326,9.52725499135,18.9034428004,2.2426970072
sh600236,2004-08-18,9.23,9.4,9.2,9.39,0.001066,572270.0,5274276.0,1345900000.0,6341658880.0,0.00399258139535,10.2705155754,2004-06-30,2004-08-10,22.2160727477,9.53741104517,18.9235938704,2.24508772221
sh600236,2004-08-19,9.36,9.36,9.0,9.22,-0.018104,445350.0,4066639.89,1321533330.0,6226847160.0,0.00310709303109,10.0845781614,2004-06-30,2004-08-10,21.8138729667,9.36474575561,18.581001127,2.20444265408
sh600236,2004-08-20,9.2,9.5,9.2,9.47,0.027115,285563.0,2677064.0,1357366660.0,6395687920.0,0.00199230000979,10.3580214983,2004-06-30,2004-08-10,22.4053561322,9.61867083677,19.0848249725,2.26421611665
sh600236,2004-08-23,9.46,9.5,9.4,9.47,0.0,150532.0,1424528.0,1357366660.0,6395687920.0,0.00105022326097,10.3580214983,2004-06-30,2004-08-10,22.4053561322,9.61867083677,19.0848249725,2.26421611665
sh600236,2004-08-24,9.46,9.76,9.46,9.68,0.022175,311823.0,3000345.0,1387466660.0,6537514160.0,0.00217550931278,10.587710625,2004-06-30,2004-08-10,22.9021949044,9.83196486257,19.5080309663,2.31442510903
sh600236,2004-08-25,9.55,9.7,9.55,9.68,0.0,83133.0,798809.0,1387466660.0,6537514160.0,0.000579997677205,10.587710625,2004-06-30,2004-08-10,22.9021949044,9.83196486257,19.5080309663,2.31442510903
sh600236,2004-08-26,9.68,9.7,9.58,9.67,-0.001033,88117.0,851569.0,1386033330.0,6530760530.0,0.00061476976892,10.5767735199,2004-06-30,2004-08-10,22.8785369371,9.82180844287,19.4878791703,2.3120343079
sh600236,2004-08-27,9.6,9.7,9.37,9.62,-0.005171,128109.0,1233134.0,1378866660.0,6496992380.0,0.000893783725252,10.522081024,2004-06-30,2004-08-10,22.7602320226,9.77101987141,19.3871073471,2.30007877849
sh600236,2004-08-30,9.5,9.6,9.32,9.49,-0.013514,51429.0,486577.0,1360233330.0,6409195180.0,0.000358806977623,10.3798856211,2004-06-30,2004-08-10,22.452650247,9.63897430887,19.1251099784,2.26899551388
sh600236,2004-08-31,9.68,9.7,9.4,9.5,0.001054,116524.0,1116923.0,1361666660.0,6415948810.0,0.000812958143515,10.3908260205,2004-06-30,2004-08-10,22.4763153404,9.64913378779,19.1452678443,2.27138703515
sh600236,2004-09-01,9.45,9.45,9.32,9.39,-0.011579,65884.0,617783.0,1345900000.0,6341658880.0,0.000459655813953,10.270510646,2004-06-30,2004-08-10,22.216062085,9.53740646766,18.923584788,2.24508664467
sh600236,2004-09-02,9.3,9.68,9.21,9.63,0.025559,92007.0,865164.0,1380300000.0,6503746010.0,0.000641909302326,10.5330146276,2004-06-30,2004-08-10,22.7838824159,9.78117303957,19.4072526916,2.30246881422
sh600236,2004-09-03,9.6,9.63,9.35,9.58,-0.005192,50734.0,481571.0,1373133330.0,6469977860.0,0.000353958140394,10.4783272157,2004-06-30,2004-08-10,22.6655884984,9.73038918915,19.3064902356,2.29051439614
sh600236,2004-09-06,9.55,9.56,9.4,9.48,-0.010438,9700.0,91698.0,1358800000.0,6402441550.0,6.76744186047e-05,10.3689544362,2004-06-30,2004-08-10,22.4290050856,9.62882338679,19.1049690905,2.26660600687
sh600236,2004-09-07,9.4,9.5,9.4,9.45,-0.003165,44997.0,424265.0,1354500000.0,6382180660.0,0.00031393255814,10.3361366954,2004-06-30,2004-08-10,22.3580172845,9.59834816077,19.0445018633,2.25943219886
sh600236,2004-09-08,9.37,9.45,9.29,9.35,-0.010582,41377.0,386110.0,1340166660.0,6314644360.0,0.000288676745622,10.2267596969,2004-06-30,2004-08-10,22.1214247456,9.49677844054,18.8429729446,2.23552288733
sh600236,2004-09-09,9.4,9.4,9.25,9.29,-0.006417,47263.0,440551.0,1331566660.0,6274122580.0,0.000329741862116,10.1611345799,2004-06-30,2004-08-10,21.979471563,9.43583761328,18.7220575872,2.22117753696
sh600236,2004-09-10,9.29,9.39,9.21,9.38,0.009688,61403.0,569835.0,1344466660.0,6334905250.0,0.00042839302538,10.2595756517,2004-06-30,2004-08-10,22.1924086835,9.52725200808,18.9034368811,2.24269630494
sh600236,2004-09-13,9.3,9.44,9.17,9.2,-0.01919,102767.0,957776.0,1318666660.0,6213339900.0,0.000716979073392,10.062694395,2004-06-30,2004-08-10,21.7665363609,9.34442404205,18.5406799274,2.19965896285
sh600236,2004-09-14,9.25,9.4,9.25,9.3,0.01087,106079.0,987517.0,1333000000.0,6280876210.0,0.000740086046512,10.1720758831,2004-06-30,2004-08-10,22.0031386111,9.44599793138,18.7422171182,2.22356925578
sh600236,2004-09-15,9.3,9.8,9.3,9.72,0.045161,738667.0,7178190.0,1393200000.0,6564528680.0,0.00515349069767,10.631457002,2004-06-30,2004-08-10,22.996822354,9.87258864396,19.5886343855,2.32398786694
sh600236,2004-09-16,9.72,9.84,9.64,9.79,0.007202,231006.0,2249736.0,1403233330.0,6611804090.0,0.00161166977127,10.7080247553,2004-06-30,2004-08-10,23.1624454686,9.94369102738,19.7297117303,2.34072522755
sh600236,2004-09-17,9.79,10.2,9.79,10.16,0.037794,943897.0,9462725.0,1456266660.0,6861688420.0,0.00658532793712,11.1127238429,2004-06-30,2004-08-10,24.0378469326,10.3195028861,20.4753764555,2.4291905968
sh600236,2004-09-20,10.2,10.34,10.02,10.18,0.001969,3702689.0,37708324.0,1459133330.0,6875195680.0,0.0258327140125,11.1346047962,2004-06-30,2004-08-10,24.0851774532,10.3398219872,20.5156924717,2.43397367309
sh600236,2004-09-21,10.27,10.5,10.13,10.2,0.001965,2325694.0,23913864.0,1462000000.0,6888702940.0,0.016225772093,11.1564842946,2004-06-30,2004-08-10,24.1325048269,10.3601397375,20.5560058074,2.43875643136
sh600236,2004-09-22,10.2,10.69,10.2,10.29,0.008824,1671511.0,17362888.0,1474900000.0,6949485610.0,0.0116617046512,11.254929112,2004-06-30,2004-08-10,24.3454500495,10.4515576105,20.7373920027,2.46027601811
sh600236,2004-09-23,10.28,10.28,9.9,10.28,-0.000972,1113081.0,11174269.0,1473466660.0,6942731980.0,0.00776568143048,11.2439893209,2004-06-30,2004-08-10,24.321786272,10.4413986965,20.7172352576,2.45788462982
sh600236,2004-09-24,10.34,10.37,10.02,10.23,-0.004864,1586466.0,16261274.0,1466300000.0,6908963830.0,0.0110683674419,11.1892985569,2004-06-30,2004-08-10,24.2034851036,10.3906117332,20.6164666253,2.44592947898
sh600236,2004-09-27,10.25,10.3,9.88,10.03,-0.01955,475799.0,4771080.0,1437633330.0,6773891220.0,0.00331952791467,10.9705477701,2004-06-30,2004-08-10,23.7303069698,10.1874752739,20.2134147028,2.39811155766
sh600236,2004-09-28,10.0,10.09,9.86,9.96,-0.006979,646912.0,6479768.0,1427600000.0,6726615810.0,0.00451333953488,10.8939843172,2004-06-30,2004-08-10,23.5646931575,10.1163768839,20.0723452816,2.3813751371
sh600236,2004-09-29,9.96,10.07,9.6,9.65,-0.031124,655510.0,6404829.0,1383166660.0,6517253270.0,0.00457332560344,10.5549199493,2004-06-30,2004-08-10,22.8312656477,9.80151476978,19.4476136071,2.30725721733
sh600236,2004-09-30,9.67,9.69,9.5,9.64,-0.001036,383928.0,3673464.0,1381733330.0,6510499640.0,0.00267856744832,10.5439850522,2004-06-30,2004-08-10,22.8076124565,9.79136040048,19.4274658794,2.30486689886
sh600236,2004-10-08,9.6,9.7,9.4,9.69,0.005187,380143.0,3624508.0,1388900000.0,6544267790.0,0.00265216046512,10.5986767027,2004-06-30,2004-08-10,22.9259155423,9.84214818688,19.5282361449,2.31682224346
sh600236,2004-10-11,9.71,9.75,9.6,9.61,-0.008256,648300.0,6277236.0,1377433330.0,6490238750.0,0.00452302326676,10.5111740279,2004-06-30,2004-08-10,22.7366391835,9.76089141145,19.3670110273,2.29769455902
sh600236,2004-10-12,9.52,9.61,9.1,9.3,-0.032258,1415602.0,13186241.0,1333000000.0,6280876210.0,0.00987629302326,10.1721045761,2004-06-30,2004-08-10,22.0032006768,9.4460245763,18.7422699855,2.22357552794
sh600236,2004-10-13,9.3,9.45,9.18,9.42,0.012903,166240.0,1546687.0,1350200000.0,6361919770.0,0.00115981395349,10.3033552414,2004-06-30,2004-08-10,22.2871079751,9.5679066314,18.9841014952,2.25226632297
sh600236,2004-10-14,9.3,9.42,9.16,9.26,-0.016985,389300.0,3585244.0,1327266660.0,6253861690.0,0.00271604652527,10.1283527526,2004-06-30,2004-08-10,21.9085614461,9.40539573727,18.6616565313,2.21401157948
sh600236,2004-10-15,9.18,9.28,9.1,9.15,-0.011879,316235.0,2896949.0,1311500000.0,6179571750.0,0.00220629069767,10.0080380503,2004-06-30,2004-08-10,21.6483096447,9.29366904131,18.4399747133,2.18771133592
sh600236,2004-10-18,9.18,9.25,9.1,9.17,0.002186,270014.0,2471196.0,1314366660.0,6193079010.0,0.00188381861421,10.0299156215,2004-06-30,2004-08-10,21.6956328496,9.31398500183,18.4802844981,2.1924936729
sh600236,2004-10-19,9.21,9.38,9.21,9.25,0.008724,210014.0,1951758.0,1325833330.0,6247108060.0,0.00146521395717,10.1174166053,2004-06-30,2004-08-10,21.8849055506,9.39524020699,18.6415065,2.21162098771
sh600236,2004-10-20,9.22,9.3,9.1,9.2,-0.005405,190282.0,1745584.0,1318666660.0,6213339900.0,0.00132754884392,10.0627319686,2004-06-30,2004-08-10,21.7666176361,9.34445893367,18.5407491574,2.19966717627
sh600236,2004-10-21,9.25,9.37,9.16,9.28,0.008696,453216.0,4191952.0,1330133330.0,6267368950.0,0.00316197210095,10.1502374858,2004-06-30,2004-08-10,21.955900143,9.42571834856,18.7019795121,2.21879548203
sh600236,2004-10-22,9.21,9.56,9.0,9.46,0.019397,686677.0,6496710.0,1355933330.0,6388934290.0,0.00479076977922,10.3471216423,2004-09-30,2004-10-22,24.0655519177,9.81927754614,16.5487611171,2.19601907705
sh600236,2004-10-25,9.55,9.59,9.24,9.25,-0.022199,304900.0,2858372.0,1325833330.0,6247108060.0,0.00212720930767,10.117425889,2004-09-30,2004-10-22,23.5313207307,9.60129940389,16.181395169,2.14726964955
sh600236,2004-10-26,9.24,9.56,9.16,9.54,0.031351,629908.0,5909605.0,1367400000.0,6442963330.0,0.00439470697674,10.434617308,2004-09-30,2004-10-22,24.2690511669,9.9023097415,16.688698089,2.21458870034
sh600236,2004-10-27,9.55,9.94,9.48,9.85,0.032495,1100851.0,10680044.0,1411833330.0,6652325880.0,0.00768035583209,10.7736901974,2004-09-30,2004-10-22,25.0576739846,10.2240852966,17.2309973334,2.28655176015
sh600236,2004-10-28,9.85,9.94,9.71,9.76,-0.009137,512996.0,5035937.0,1398933330.0,6591543200.0,0.00357904186899,10.6752509901,2004-09-30,2004-10-22,24.8287220174,10.1306678292,17.0735577107,2.26565953672
sh600236,2004-10-29,9.43,9.65,9.3,9.51,-0.025615,469833.0,4467190.0,1363100000.0,6422702440.0,0.00327790465116,10.401804436,2004-09-30,2004-10-22,24.1927343029,9.87117077275,16.63621853,2.20762466769
sh600236,2004-11-01,9.46,9.6,9.45,9.48,-0.003155,138733.0,1319376.0,1358800000.0,6402441550.0,0.000967904651163,10.368986743,2004-09-30,2004-10-22,24.1164062262,9.84002722896,16.5837312605,2.20065961186
sh600236,2004-11-02,9.48,9.59,9.36,9.48,0.0,342850.0,3263834.0,1358800000.0,6402441550.0,0.00239197674419,10.368986743,2004-09-30,2004-10-22,24.1164062262,9.84002722896,16.5837312605,2.20065961186
sh600236,2004-11-03,9.5,9.85,9.48,9.78,0.031646,666200.0,6447973.0,1401800000.0,6605050460.0,0.00464790697674,10.6971236975,2004-09-30,2004-10-22,24.8795940177,10.1514247307,17.10854002,2.27030168594
sh600236,2004-11-04,9.8,9.8,9.53,9.55,-0.023517,303824.0,2944748.0,1368833330.0,6449716970.0,0.00211970233074,10.4455594395,2004-09-30,2004-10-22,24.2945006051,9.91269367526,16.7061984843,2.21691100119
sh600236,2004-11-05,9.6,9.78,9.45,9.58,0.003141,238833.0,2275525.0,1373133330.0,6469977860.0,0.00166627674823,10.4783689417,2004-09-30,2004-10-22,24.3708096315,9.94382944609,16.7586726538,2.22387431865
sh600236,2004-11-08,9.58,9.65,9.49,9.63,0.005219,249805.0,2387011.0,1380300000.0,6503746010.0,0.0017428255814,10.5330555492,2004-09-30,2004-10-22,24.498000887,9.99572629197,16.8461361663,2.23548071871
sh600236,2004-11-09,9.65,9.73,9.63,9.67,0.004154,275234.0,2665727.0,1386033330.0,6530760530.0,0.00192023721392,10.5768098619,2004-09-30,2004-10-22,24.5997655827,10.037248539,16.916115016,2.24476690562
sh600236,2004-11-10,9.9,10.06,9.71,9.98,0.032058,1691826.0,16743299.0,1430466660.0,6740123070.0,0.0118034372643,10.9158812325,2004-09-30,2004-10-22,25.3883848677,10.3590226527,17.4584118312,2.31672964308
sh600236,2004-11-11,10.0,10.21,9.88,9.9,-0.008016,1384271.0,13933532.0,1419000000.0,6686094030.0,0.00965770465116,10.8283795285,2004-09-30,2004-10-22,25.1848715746,10.2759847271,17.3184652019,2.29815873826
sh600236,2004-11-12,9.9,10.06,9.85,9.98,0.008081,500636.0,4985761.0,1430466660.0,6740123070.0,0.0034928093186,10.9158836635,2004-09-30,2004-10-22,25.3883905218,10.3590249596,17.4584157192,2.31673015903
sh600236,2004-11-15,9.98,10.02,9.81,10.0,0.002004,756776.0,7518089.0,1433333330.0,6753630330.0,0.00527983257042,10.9377590943,2004-09-30,2004-10-22,25.4392688564,10.3797844457,17.4934023843,2.32137288626
sh600236,2004-11-16,10.0,10.04,9.96,10.0,0.0,918649.0,9186197.0,1433333330.0,6753630330.0,0.00640917908467,10.9377590943,2004-09-30,2004-10-22,25.4392688564,10.3797844457,17.4934023843,2.32137288626
sh600236,2004-11-17,10.0,10.0,9.82,9.86,-0.014,449728.0,4436256.0,1413266660.0,6659079510.0,0.0031376372241,10.784630467,2004-09-30,2004-10-22,25.0831190925,10.2344674634,17.2484947509,2.28887366586
sh600236,2004-11-18,9.86,10.2,9.85,10.18,0.032454,1866004.0,18681136.0,1459133330.0,6875195680.0,0.0130186325879,11.1346348642,2004-09-30,2004-10-22,25.8971666395,10.5666168705,17.8082773996,2.36315677181
sh600236,2004-11-19,10.2,10.24,10.11,10.23,0.004912,863634.0,8792428.0,1466300000.0,6908963830.0,0.00602535348837,11.1893281907,2004-09-30,2004-10-22,26.024373522,10.6185200926,17.8957516582,2.37476459787
sh600236,2004-11-22,10.23,10.28,10.02,10.21,-0.001955,705101.0,7145093.0,1463433330.0,6895456570.0,0.00491930931353,11.167453054,2004-09-30,2004-10-22,25.9734958718,10.5977608858,17.8607654637,2.37012193308
sh600236,2004-11-23,10.15,10.2,10.07,10.15,-0.005877,606317.0,6150863.0,1454833330.0,6854934780.0,0.00423011861434,11.1018219324,2004-09-30,2004-10-22,25.8208496365,10.535477845,17.7557977451,2.35619272648
sh600236,2004-11-24,10.12,10.41,10.1,10.37,0.021675,2016450.0,20723946.0,1486366660.0,7003514650.0,0.0140682558771,11.3424539228,2004-09-30,2004-10-22,26.3805165524,10.7638343273,18.1406546612,2.40726320383
sh600236,2004-11-25,10.48,10.58,10.25,10.48,0.010608,3539949.0,37150994.0,1502133330.0,7077804590.0,0.0246973186595,11.462774674,2004-09-30,2004-10-22,26.660361072,10.8780170819,18.3330907258,2.43279945189
sh600236,2004-11-26,10.47,10.52,10.35,10.49,0.000954,1935785.0,20283133.0,1503566660.0,7084558220.0,0.0135054768041,11.4737101611,2004-09-30,2004-10-22,26.6857950565,10.8883947102,18.3505804944,2.43512034257
sh600236,2004-11-29,10.49,10.49,10.24,10.35,-0.013346,866995.0,8970477.0,1483500000.0,6990007390.0,0.00604880232558,11.3205820253,2004-09-30,2004-10-22,26.3296464356,10.7430781944,18.1056736471,2.40262122648
sh600236,2004-11-30,10.34,10.56,10.32,10.46,0.010628,1365430.0,14272105.0,1499266660.0,7064297330.0,0.00952625585631,11.440897171,2004-09-30,2004-10-22,26.609477918,10.8572556294,18.2981007466,2.42815628487
sh600236,2004-12-01,10.46,10.48,10.25,10.27,-0.018164,1027321.0,10623114.0,1472033330.0,6935978350.0,0.00716735583018,11.2330847148,2004-09-30,2004-10-22,26.1261433611,10.6600444382,17.9657340447,2.38405125412
sh600236,2004-12-02,10.27,10.27,10.01,10.04,-0.022395,637190.0,6441101.0,1439066660.0,6780644850.0,0.0044455116485,10.9815197826,2004-09-30,2004-10-22,25.5410483805,10.421312743,17.5633914307,2.33066042628
sh600236,2004-12-03,10.0,10.15,10.0,10.09,0.00498,349517.0,3525662.0,1446233330.0,6814413000.0,0.00243849070329,11.0362077512,2004-09-30,2004-10-22,25.6682428014,10.4732108804,17.6508571201,2.3422671152
sh600236,2004-12-06,10.09,10.16,10.0,10.07,-0.001982,665812.0,6698371.0,1443366660.0,6800905740.0,0.00464520002146,11.0143339874,2004-09-30,2004-10-22,25.6173683442,10.4524529765,17.6158731212,2.33762474178
sh600236,2004-12-07,10.16,10.16,10.04,10.06,-0.000993,395200.0,3977308.0,1441933330.0,6794152110.0,0.0027572093087,11.0033967537,2004-09-30,2004-10-22,25.5919302974,10.4420736907,17.5983805592,2.33530348041
sh600236,2004-12-08,10.11,10.16,9.98,10.0,-0.005964,697835.0,6985736.0,1433333330.0,6753630330.0,0.00486861629039,10.9377724955,2004-09-30,2004-10-22,25.4393000251,10.3797971632,17.4934238176,2.32137573046
sh600236,2004-12-09,10.0,10.15,9.89,10.02,0.002,323308.0,3243080.0,1436200000.0,6767137590.0,0.0022556372093,10.9596480405,2004-09-30,2004-10-22,25.4901786252,10.4005567575,17.5284106652,2.32601848192
sh600236,2004-12-10,10.02,10.02,9.76,9.84,-0.017964,600100.0,5941719.0,1410400000.0,6645572240.0,0.00418674418605,10.7627689231,2004-09-30,2004-10-22,25.0322730564,10.2137211559,17.213530296,2.28423388591
sh600236,2004-12-13,9.8,9.84,9.6,9.81,-0.003049,566379.0,5480742.0,1406100000.0,6625311350.0,0.00395148139535,10.7299532406,2004-09-30,2004-10-22,24.9559496558,10.1825795201,17.1610462422,2.27726925679
sh600236,2004-12-14,9.71,10.0,9.54,9.9,0.009174,1373219.0,13290369.0,1419000000.0,6686094030.0,0.00958059767442,10.8283898317,2004-09-30,2004-10-22,25.1848955379,10.2759945046,17.3184816804,2.29816092495
sh600236,2004-12-15,9.7,9.87,9.64,9.84,-0.006061,221900.0,2158967.0,1410400000.0,6645572240.0,0.00154813953488,10.7627589609,2004-09-30,2004-10-22,25.0322498861,10.2137117019,17.2135143629,2.28423177158
sh600236,2004-12-16,9.75,9.78,9.65,9.67,-0.017276,248454.0,2408120.0,1386033330.0,6530760530.0,0.00173340000417,10.5768215371,2004-09-30,2004-10-22,24.5997927371,10.0372596186,16.9161336888,2.2447693835
sh600236,2004-12-17,9.65,9.67,9.58,9.62,-0.005171,95200.0,914850.0,1378866660.0,6496992380.0,0.000664186049723,10.5221287929,2004-09-30,2004-10-22,24.4725872088,9.98535694908,16.8286603615,2.23316168102
sh600236,2004-12-20,9.6,9.64,9.46,9.6,-0.002079,314943.0,2999371.0,1376000000.0,6483485120.0,0.00219727674419,10.5002532872,2004-09-30,2004-10-22,24.4217087,9.96459739199,16.7936735766,2.22851893788
sh600236,2004-12-21,9.6,9.82,9.6,9.81,0.021875,212132.0,2059986.0,1406100000.0,6625311350.0,0.00147999069767,10.7299463278,2004-09-30,2004-10-22,24.9559335778,10.1825729599,17.1610351861,2.27726778965
sh600236,2004-12-22,9.81,10.1,9.81,10.09,0.028542,1299900.0,12960342.0,1446233330.0,6814413000.0,0.00906906978834,11.0362004559,2004-09-30,2004-10-22,25.668225834,10.4732039574,17.6508454524,2.3422655669
sh600236,2004-12-23,10.18,10.18,9.86,10.0,-0.00892,141447.0,1409575.0,1433333330.0,6753630330.0,0.000986839537179,10.9377575478,2004-09-30,2004-10-22,25.4392652596,10.3797829781,17.4933999109,2.32137255804
sh600236,2004-12-24,10.0,10.05,9.92,10.01,0.001,106117.0,1059798.0,1434766660.0,6760383960.0,0.000740351166231,10.9486953054,2004-09-30,2004-10-22,25.4647045248,10.390162761,17.5108933108,2.3236939306
sh600236,2004-12-27,10.48,10.49,10.0,10.0,-0.000999,386959.0,3897418.0,1433333330.0,6753630330.0,0.00269971395977,10.9377575588,2004-09-30,2004-10-22,25.439265285,10.3797829884,17.4933999284,2.32137256036
sh600236,2004-12-28,9.91,10.1,9.9,10.0,0.0,220539.0,2198463.0,1433333330.0,6753630330.0,0.00153864418962,10.9377575588,2004-09-30,2004-10-22,25.439265285,10.3797829884,17.4933999284,2.32137256036
sh600236,2004-12-29,10.0,10.14,9.95,9.99,-0.001,464595.0,4653783.0,1431900000.0,6746876700.0,0.00324136046512,10.9268198012,2004-09-30,2004-10-22,25.4138260197,10.3694032055,17.4759065285,2.3190511878
sh600236,2004-12-30,9.89,10.08,9.89,9.96,-0.003003,191795.0,1913830.0,1427600000.0,6726615810.0,0.00133810465116,10.8940065614,2004-09-30,2004-10-22,25.3375083002,10.3382638876,17.4234263812,2.31208707709
sh600236,2004-12-31,9.96,10.0,9.88,9.89,-0.007028,239566.0,2373880.0,1417566660.0,6679340400.0,0.00167139070553,10.8174434833,2004-09-30,2004-10-22,25.1594362918,10.265606569,17.3009745406,2.29583772911
sh600236,2005-01-04,9.81,9.82,9.6,9.77,-0.012133,65982.0,641890.0,1400366660.0,6598296830.0,0.000460339537075,10.6861954415,2004-09-30,2004-10-22,24.8541768513,10.1410539645,17.0910618165,2.26798232994
sh600236,2005-01-05,9.66,10.0,9.66,9.82,0.005118,309550.0,3048923.0,1407533330.0,6632064980.0,0.00215965116791,10.7408873897,2004-09-30,2004-10-22,24.9813805284,10.1929558787,17.1785338708,2.27958986351
sh600236,2005-01-06,9.84,9.89,9.7,9.79,-0.003055,799266.0,7784369.0,1403233330.0,6611804090.0,0.00557627443185,10.7080739788,2004-09-30,2004-10-22,24.9050624109,10.1618163985,17.1260534499,2.27262571647
sh600236,2005-01-07,9.75,9.91,9.75,9.77,-0.002043,147571.0,1449905.0,1400366660.0,6598296830.0,0.00102956512118,10.6861973836,2004-09-30,2004-10-22,24.8541813684,10.1410558076,17.0910649227,2.26798274214
sh600236,2005-01-10,9.71,9.86,9.66,9.83,0.006141,224663.0,2198106.0,1408966660.0,6638818610.0,0.00156741628649,10.7518213218,2004-09-30,2004-10-22,25.0068108962,10.2033320313,17.1960211524,2.28191042415
sh600236,2005-01-11,9.83,9.86,9.75,9.83,0.0,661943.0,6488481.0,1408966660.0,6638818610.0,0.0046182069986,10.7518213218,2004-09-30,2004-10-22,25.0068108962,10.2033320313,17.1960211524,2.28191042415
sh600236,2005-01-12,9.78,9.78,9.56,9.6,-0.023398,847800.0,8159664.0,1376000000.0,6483485120.0,0.00591488372093,10.5002502065,2004-09-30,2004-10-22,24.4217015349,9.96459446845,16.7936686494,2.22851828405
sh600236,2005-01-13,9.6,9.6,9.5,9.53,-0.007292,370607.0,3540372.0,1365966660.0,6436209700.0,0.00258563024518,10.423682382,2004-09-30,2004-10-22,24.2436184873,9.89193264558,16.6712092176,2.21226792872
sh600236,2005-01-14,9.6,9.61,9.33,9.4,-0.013641,862988.0,8101160.0,1347333330.0,6348412510.0,0.00602084652652,10.2814929306,2004-09-30,2004-10-22,23.9129112875,9.75699679236,16.4437972527,2.18209038191
sh600236,2005-01-17,9.3,9.35,8.9,8.97,-0.045745,1073009.0,9695402.0,1285700000.0,6058006410.0,0.00748610930233,9.81116603648,2004-09-30,2004-10-22,22.8190151606,9.3106629741,15.6915757474,2.08227065739
sh600236,2005-01-18,9.02,9.02,8.65,8.8,-0.018952,520760.0,4622478.0,1261333330.0,5943194690.0,0.00363320931193,9.62522481776,2004-09-30,2004-10-22,22.3865491853,9.13420728941,15.3941890038,2.04280746389
sh600236,2005-01-19,8.85,8.92,8.8,8.85,0.005682,123200.0,1091080.0,1268500000.0,5976962840.0,0.000859534883721,9.67991534517,2004-09-30,2004-10-22,22.5137495578,9.18610785523,15.4816587857,2.0544146959
sh600236,2005-01-20,8.8,8.8,8.09,8.41,-0.049718,1060735.0,8963922.0,1205433330.0,5679803110.0,0.00740047676465,9.19864931404,2004-09-30,2004-10-22,21.3944109573,8.72939294488,14.7119416742,1.95227330605
sh600236,2005-01-21,8.4,8.67,8.3,8.63,0.026159,559266.0,4789887.0,1236966660.0,5828382970.0,0.00390185583498,9.43927678145,2004-09-30,2004-10-22,21.9540673535,8.95774513493,15.0967913565,2.00334282346
sh600236,2005-01-24,8.8,8.9,8.57,8.6,-0.003476,923400.0,7996431.0,1232666660.0,5808122080.0,0.00644232561624,9.40646585536,2004-09-30,2004-10-22,21.8777550154,8.92660801284,15.0443149097,1.99637920381
sh600236,2005-01-25,8.55,8.55,8.26,8.38,-0.025581,243212.0,2034434.0,1201133330.0,5659542220.0,0.00169682791169,9.16583905231,2004-09-30,2004-10-22,21.3181001643,8.69825645326,14.65946629,1.94530982739
sh600236,2005-01-26,8.38,8.44,8.35,8.39,0.001193,330907.0,2780749.0,1202566660.0,5666295850.0,0.00230865350117,9.1767738983,2004-09-30,2004-10-22,21.3435326578,8.70863347321,14.6769550333,1.94763058202
sh600236,2005-01-27,8.39,8.44,8.35,8.42,0.003576,700802.0,5889456.0,1206866660.0,5686556740.0,0.00488931630608,9.20959004176,2004-09-30,2004-10-22,21.4198571306,8.73977554651,14.7294398245,1.95459530898
sh600236,2005-01-28,8.57,8.6,8.34,8.34,-0.009501,149200.0,1251805.0,1195400000.0,5632527700.0,0.00104093023256,9.12208972677,2004-09-30,2004-10-22,21.216347068,8.65673893905,14.5894954167,1.93602469895
sh600236,2005-01-31,8.13,8.37,8.13,8.18,-0.019185,307787.0,2528555.0,1172466660.0,5524469610.0,0.002147351175,8.94708243536,2004-09-30,2004-10-22,20.8093114495,8.4906594025,14.3095959472,1.8988820651
sh600236,2005-02-01,8.14,8.4,8.13,8.37,0.023227,630966.0,5257896.97,1199700000.0,5652788590.0,0.00440208837209,9.15489631909,2004-09-30,2004-10-22,21.2926493265,8.68787194844,14.6419649322,1.94298739882
sh600236,2005-02-02,8.37,8.9,8.18,8.83,0.054958,714467.0,6185628.0,1265633330.0,5963455580.0,0.0049846535015,9.658031111,2004-09-30,2004-10-22,22.4628507482,9.16534001498,15.446658041,2.04977010029
sh600236,2005-02-03,9.06,9.06,8.5,8.75,-0.00906,367584.0,3190370.0,1254166660.0,5909426540.0,0.00256453954852,9.57052934913,2004-09-30,2004-10-22,22.2593373205,9.08230203445,15.3067113191,2.03119918318
sh600236,2005-02-04,8.62,8.68,8.45,8.5,-0.028571,832034.0,7102571.0,1218333330.0,5740585780.0,0.00580488838798,9.2970897551,2004-09-30,2004-10-22,21.6233657939,8.82281158302,14.86938327,1.97316579132
sh600236,2005-02-16,8.49,8.78,8.49,8.75,0.029412,551883.0,4795426.0,1254166660.0,5909426540.0,0.00385034653209,9.57053575897,2004-09-30,2004-10-22,22.2593522286,9.0823081173,15.3067215708,2.03120054357
sh600236,2005-02-17,8.7,8.7,8.55,8.59,-0.018286,166164.0,1433348.0,1231233330.0,5801368450.0,0.00115928372407,9.39552894208,2004-09-30,2004-10-22,21.8523177137,8.91622903107,15.0268228601,1.99405801043
sh600236,2005-02-18,8.75,8.75,8.45,8.53,-0.006985,487167.0,4150436.0,1222633330.0,5760846670.0,0.00339883954415,9.32990117242,2004-09-30,2004-10-22,21.6996792745,8.85394917129,14.9218605024,1.98012951523
sh600236,2005-02-21,8.53,8.7,8.53,8.61,0.009379,283950.0,2446815.0,1234100000.0,5814875710.0,0.00198104651163,9.41740631552,2004-09-30,2004-10-22,21.9032005664,8.93699036056,15.0618126321,1.99870114995
sh600236,2005-02-22,8.64,8.86,8.58,8.79,0.020906,1127404.0,9879144.0,1259900000.0,5936441060.0,0.00786560930233,9.61428661195,2004-09-30,2004-10-22,22.3611088775,9.12382708104,15.376694887,2.04048599619
sh600236,2005-02-23,8.81,9.11,8.71,8.96,0.01934,1419862.0,12722712.0,1284266660.0,6051252780.0,0.00990601400491,9.80022691503,2004-09-30,2004-10-22,22.7935727232,9.30028189679,15.6740801661,2.07994899536
sh600236,2005-02-24,8.9,9.1,8.88,9.01,0.00558,775655.0,6968545.0,1291433330.0,6085020930.0,0.0054115465256,9.85491218121,2004-09-30,2004-10-22,22.920760859,9.35217746977,15.7615415334,2.09155511075
sh600236,2005-02-25,9.11,9.18,9.01,9.09,0.008879,1165360.0,10614509.0,1302900000.0,6139049970.0,0.00813041860465,9.94241394647,2004-09-30,2004-10-22,23.1242742946,9.43521545353,15.9014882607,2.11012602858
sh600236,2005-02-28,9.08,9.08,8.91,8.99,-0.011001,513599.0,4613973.0,1288566660.0,6071513670.0,0.00358324885575,9.83303745064,2004-09-30,2004-10-22,22.8698841531,9.33141864832,15.7265559883,2.08691253214
sh600236,2005-03-01,9.0,9.0,8.74,8.8,-0.021135,937711.0,8274401.0,1261333330.0,5943194690.0,0.00654216978473,9.62521620413,2004-09-30,2004-10-22,22.3865291515,9.13419911519,15.3941752275,2.04280563578
sh600236,2005-03-02,8.8,8.92,8.77,8.8,0.0,1418200.0,12539322.0,1261333330.0,5943194690.0,0.0098944186308,9.62521620413,2004-09-30,2004-10-22,22.3865291515,9.13419911519,15.3941752275,2.04280563578
sh600236,2005-03-03,8.85,8.96,8.79,8.93,0.014773,464139.0,4121289.0,1279966660.0,6030991880.0,0.00323817908663,9.76740952311,2004-09-30,2004-10-22,22.7172453467,9.26913863872,15.6215933782,2.07298400343
sh600236,2005-03-04,8.95,9.1,8.81,8.87,-0.006719,733953.0,6590778.0,1271366660.0,5990470100.0,0.00512060235243,9.70178229852,2004-09-30,2004-10-22,22.5646081752,9.20685929621,15.5166318923,2.05905562391
sh600236,2005-03-07,8.97,9.27,8.86,9.16,0.032694,539853.0,4855723.0,1312933330.0,6186325380.0,0.00376641628863,10.018972369,2004-09-30,2004-10-22,23.3023354749,9.50786835404,16.0239326553,2.12637438848
sh600236,2005-03-08,9.09,9.2,9.06,9.16,0.0,490004.0,4472925.0,1312933330.0,6186325380.0,0.00341863256682,10.018972369,2004-09-30,2004-10-22,23.3023354749,9.50786835404,16.0239326553,2.12637438848
sh600236,2005-03-09,9.2,9.56,9.2,9.49,0.036026,1275325.0,11976712.0,1360233330.0,6409195180.0,0.00889761630087,10.3799158676,2004-09-30,2004-10-22,24.1418254127,9.85039881936,16.6012108532,2.2029791522
sh600236,2005-03-10,9.5,9.58,9.31,9.43,-0.006322,1730144.0,16325132.0,1351633330.0,6368673400.0,0.0120707721228,10.3142940394,2004-09-30,2004-10-22,23.9892007924,9.78812459802,16.4962579982,2.189051918
sh600236,2005-03-11,9.4,9.7,9.38,9.69,0.027572,1418308.0,13592651.0,1388900000.0,6544267790.0,0.00989517209302,10.5986797547,2004-09-30,2004-10-22,24.6506310367,10.0580027694,16.9510928237,2.24940845748
sh600236,2005-03-14,9.7,10.15,9.65,9.9,0.021672,2137469.0,21116375.0,1419000000.0,6686094030.0,0.0149125744186,10.8283743423,2004-09-30,2004-10-22,25.1848595125,10.2759798055,17.3184569074,2.29815763757
sh600236,2005-03-15,9.91,10.05,9.65,9.66,-0.024242,1056333.0,10401992.0,1384600000.0,6524006900.0,0.00736976511628,10.5658728915,2004-09-30,2004-10-22,24.5743281482,10.026869503,16.898622875,2.24244570012
sh600236,2005-03-16,9.66,9.72,9.46,9.56,-0.010352,949363.0,9076390.0,1370266660.0,6456470600.0,0.00662346282292,10.4564949754,2004-09-30,2004-10-22,24.3199347032,9.92307134992,16.723688331,2.21923190224
sh600236,2005-03-17,9.36,9.66,9.36,9.58,0.002092,548979.0,5262938.0,1373133330.0,6469977860.0,0.00383008605581,10.4783699628,2004-09-30,2004-10-22,24.3708120066,9.94383041518,16.758674287,2.22387453538
sh600236,2005-03-18,9.57,9.57,9.4,9.53,-0.005219,421157.0,3994302.0,1365966660.0,6436209700.0,0.0029383046655,10.42368335,2004-09-30,2004-10-22,24.2436207388,9.89193356425,16.6712107659,2.21226813418
sh600236,2005-03-21,9.42,9.65,9.42,9.57,0.004197,267124.0,2555191.0,1371700000.0,6463224230.0,0.00186365581395,10.467431549,2004-09-30,2004-10-22,24.345371215,9.93345000942,16.7411798375,2.22155302354
sh600236,2005-03-22,9.56,9.99,9.47,9.85,0.029258,1168459.0,11261213.0,1411833330.0,6652325880.0,0.00815203955413,10.7736876613,2004-09-30,2004-10-22,25.057668086,10.2240828898,17.2309932772,2.2865512219
sh600236,2005-03-23,9.82,9.85,9.66,9.69,-0.016244,473604.0,4601934.0,1388900000.0,6544267790.0,0.00330421395349,10.5986798789,2004-09-30,2004-10-22,24.6506313256,10.0580028873,16.9510930224,2.24940848385
sh600236,2005-03-24,9.65,9.98,9.54,9.88,0.019608,1070683.0,10417489.0,1416133330.0,6672586770.0,0.00746988141293,10.806498794,2004-09-30,2004-10-22,25.1339809047,10.2552202079,17.2834700544,2.2935148854
sh600236,2005-03-25,9.88,9.98,9.73,9.82,-0.006073,508013.0,5030222.0,1407533330.0,6632064980.0,0.00354427675258,10.7408709268,2004-09-30,2004-10-22,24.9813422386,10.1929402556,17.1785075407,2.2795863695
sh600236,2005-03-28,9.69,9.82,9.64,9.79,-0.003055,182303.0,1763199.0,1403233330.0,6611804090.0,0.00127188139837,10.7080575661,2004-09-30,2004-10-22,24.9050242381,10.1618008231,17.1260272002,2.27262223314
sh600236,2005-03-29,9.65,9.79,9.64,9.65,-0.0143,1666830.0,16173905.0,1383166660.0,6517253270.0,0.0116290465677,10.5549323429,2004-09-30,2004-10-22,24.5488823915,10.0164870714,16.8811250112,2.24012373521
sh600236,2005-03-30,9.6,9.6,9.1,9.34,-0.032124,834231.0,7793526.0,1338733330.0,6307890730.0,0.00582021629356,10.2158656964,2004-09-30,2004-10-22,23.7602740935,9.69471744069,16.3388357514,2.16816200034
sh600236,2005-03-31,9.3,9.4,9.13,9.4,0.006424,226688.0,2107197.0,1347333330.0,6348412510.0,0.00158154418996,10.2814924176,2004-09-30,2004-10-22,23.9129100943,9.75699630553,16.4437964322,2.18209027303
sh600236,2005-04-01,9.15,9.98,9.15,9.74,0.03617,865648.0,8313568.0,1396066660.0,6578035940.0,0.00603940468,10.6533739983,2004-09-30,2004-10-22,24.7778400524,10.1099068619,17.0385685492,2.26101647821
sh600236,2005-04-04,9.52,9.71,9.52,9.68,-0.00616,282132.0,2724065.0,1387466660.0,6537514160.0,0.00196836280016,10.5877492145,2004-09-30,2004-10-22,24.6252085577,10.0476298356,16.9336109669,2.2470886167
sh600236,2005-04-05,9.55,9.77,9.55,9.68,0.0,228830.0,2211480.0,1387466660.0,6537514160.0,0.00159648837976,10.5877492145,2004-09-30,2004-10-22,24.6252085577,10.0476298356,16.9336109669,2.2470886167
sh600236,2005-04-06,9.7,9.95,9.6,9.91,0.02376,735658.0,7243375.0,1420433330.0,6692847660.0,0.00513249768646,10.8393141358,2004-09-30,2004-10-22,25.210303513,10.2863615205,17.3359535635,2.30047944223
sh600236,2005-04-07,9.9,10.1,9.85,9.96,0.005045,1098725.0,10944852.0,1427600000.0,6726615810.0,0.00766552325581,10.8939984757,2004-09-30,2004-10-22,25.3374894943,10.3382562144,17.4234134492,2.31208536102
sh600236,2005-04-08,9.88,10.08,9.8,10.05,0.009036,744683.0,7431968.0,1440500000.0,6787398480.0,0.0051954627907,10.9924366459,2004-09-30,2004-10-22,25.5664390493,10.4316726975,17.5808514131,2.33297736434
sh600236,2005-04-11,10.07,10.08,9.95,10.02,-0.002985,467818.0,4670608.0,1436200000.0,6767137590.0,0.00326384651163,10.9596242225,2004-09-30,2004-10-22,25.4901232288,10.4005341545,17.5283725717,2.32601342691
sh600236,2005-04-12,10.01,10.1,9.95,10.08,0.005988,822394.0,8242802.0,1444800000.0,6807659370.0,0.00573763255814,11.0252504523,2004-09-30,2004-10-22,25.6427580867,10.4628125531,17.6333324666,2.33994159531
sh600236,2005-04-13,10.15,10.25,10.09,10.11,0.002976,706624.0,7178772.0,1449100000.0,6827920260.0,0.00492993488372,11.0580615977,2004-09-30,2004-10-22,25.7190709347,10.4939498832,17.6858092641,2.3469052615
sh600236,2005-04-14,10.11,10.14,9.87,9.9,-0.020772,620399.0,6179037.0,1419000000.0,6686094030.0,0.00432836511628,10.8283635422,2004-09-30,2004-10-22,25.1848343933,10.2759695562,17.318439634,2.2981553454
sh600236,2005-04-15,9.83,10.2,9.81,10.11,0.021212,1193224.0,12030177.0,1449100000.0,6827920260.0,0.00832481860465,11.0580547896,2004-09-30,2004-10-22,25.7190551004,10.4939434225,17.6857983755,2.34690381659
sh600236,2005-04-18,10.11,10.34,10.11,10.24,0.012859,1712064.0,17500039.0,1467733330.0,6915717460.0,0.0119446325853,11.2002503162,2004-09-30,2004-10-22,26.04977643,10.6288850409,17.9132200569,2.37708265277
sh600236,2005-04-19,10.25,10.3,9.98,10.15,-0.008789,1661120.0,16798982.0,1454833330.0,6854934780.0,0.0115892093289,11.1018113161,2004-09-30,2004-10-22,25.8208249449,10.5354677703,17.7557807658,2.35619047333
sh600236,2005-04-20,10.0,10.0,9.5,9.71,-0.04335,1509541.0,14674477.0,1391766660.0,6557775050.0,0.0105316814458,10.6205477956,2005-03-31,2005-04-20,28.3297690146,5.9629193618,20.0103864416,2.22751227713
sh600236,2005-04-21,9.68,9.98,9.65,9.9,0.019567,771690.0,7529968.0,1419000000.0,6686094030.0,0.00538388372093,10.8283600543,2005-03-31,2005-04-20,28.884097605,6.07959580495,20.4019296731,2.27109800985
sh600236,2005-04-22,9.95,10.04,9.88,9.99,0.009091,749682.0,7457804.0,1431900000.0,6746876700.0,0.00523033953488,10.9268006756,2005-03-31,2005-04-20,29.1466829363,6.13486541042,20.5874036157,2.29174456186
sh600236,2005-04-25,10.17,10.17,9.7,9.99,0.0,767708.0,7509338.0,1431900000.0,6746876700.0,0.00535610232558,10.9268006756,2005-03-31,2005-04-20,29.1466829363,6.13486541042,20.5874036157,2.29174456186
sh600236,2005-04-26,9.94,10.13,9.82,10.11,0.012012,772777.0,7762150.0,1449100000.0,6827920260.0,0.00539146744186,11.0580534053,2005-03-31,2005-04-20,29.4967928917,6.20855741373,20.834699508,2.31927299754
sh600236,2005-04-27,10.16,10.37,9.99,10.3,0.018793,852989.0,8757809.0,1476333330.0,6956239240.0,0.00595108605995,11.2658674029,2005-03-31,2005-04-20,30.0511261205,6.3252348332,21.2262460158,2.36285909498
sh600236,2005-04-28,10.06,10.28,10.05,10.26,-0.003883,825135.0,8408532.0,1470600000.0,6929224720.0,0.00575675581395,11.2221220398,2005-03-31,2005-04-20,29.9344375978,6.30067394635,21.1438245025,2.35368411311
sh600236,2005-04-29,10.29,10.33,10.13,10.13,-0.012671,317417.0,3231373.0,1451966660.0,6841427520.0,0.00221453721947,11.0799265314,2005-03-31,2005-04-20,29.555138339,6.22083810677,20.8759111023,2.32386058172
sh600236,2005-05-09,10.1,10.1,9.85,10.0,-0.012833,399738.0,3982371.0,1433333330.0,6753630330.0,0.00278886977393,10.9377378342,2005-03-31,2005-04-20,29.1758572487,6.14100609135,20.6080105351,2.29403847887
sh600236,2005-05-10,9.7,9.99,9.69,9.99,-0.001,264232.0,2596890.0,1431900000.0,6746876700.0,0.00184347906977,10.9268000964,2005-03-31,2005-04-20,29.1466813914,6.13486508526,20.5874025246,2.29174444039
sh600236,2005-05-11,10.07,10.07,9.8,9.92,-0.007007,177385.0,1759257.0,1421866660.0,6699601290.0,0.00123756977324,10.8502360081,2005-03-31,2005-04-20,28.9424505949,6.0918780856,20.4431465951,2.2756861871
sh600236,2005-05-12,9.89,9.89,9.3,9.66,-0.02621,1184966.0,11448024.0,1384600000.0,6524006900.0,0.00826720465116,10.5658513224,2005-03-31,2005-04-20,28.1838689648,5.93220996098,19.9073317228,2.21604045213
sh600236,2005-05-13,9.56,9.72,9.36,9.43,-0.02381,203200.0,1932016.0,1351633330.0,6368673400.0,0.0014176744221,10.3142784024,2005-03-31,2005-04-20,27.5128110448,5.79096404181,19.4333381545,2.16327652897
sh600236,2005-05-16,9.3,9.56,9.28,9.48,0.005302,170200.0,1604804.0,1358800000.0,6402441550.0,0.00118744186047,10.3689647065,2005-03-31,2005-04-20,27.6586839689,5.82166773316,19.5363737134,2.17474622113
sh600236,2005-05-17,9.29,9.52,9.28,9.52,0.004219,303848.0,2862509.0,1364533330.0,6429456070.0,0.00211986977262,10.4127113686,2005-03-31,2005-04-20,27.7753759566,5.84622934932,19.6187976741,2.18392147543
sh600236,2005-05-18,9.38,9.61,9.38,9.46,-0.006303,32166.0,305235.0,1355933330.0,6388934290.0,0.00022441395404,10.3470800488,2005-03-31,2005-04-20,27.600307762,5.80938056574,19.4951403923,2.17015621837
sh600236,2005-05-19,9.65,9.66,9.4,9.53,0.0074,46454.0,440401.0,1365966660.0,6436209700.0,0.000324097676,10.4236484412,2005-03-31,2005-04-20,27.8045500394,5.85236998192,19.6394044312,2.18621537439
sh600236,2005-05-23,9.5,9.7,9.21,9.64,0.011542,396067.0,3765955.0,1381733330.0,6510499640.0,0.0027632581462,10.5439581915,2005-03-31,2005-04-20,28.125470156,5.91991803625,19.8660824372,2.21144867224
sh600236,2005-05-24,9.41,9.63,9.37,9.43,-0.021784,346004.0,3271490.0,1351633330.0,6368673400.0,0.0024139814013,10.3142686062,2005-03-31,2005-04-20,27.5127849141,5.79095854175,19.4333196974,2.16327447436
sh600236,2005-05-25,9.51,9.52,9.3,9.32,-0.011665,227334.0,2126766.0,1335866660.0,6294383470.0,0.00158605117071,10.1939526629,2005-03-31,2005-04-20,27.1918482781,5.72340701036,19.2066300231,2.13803987762
sh600236,2005-05-26,9.32,9.46,9.03,9.32,0.0,259600.0,2414119.0,1335866660.0,6294383470.0,0.00181116279974,10.1939526629,2005-03-31,2005-04-20,27.1918482781,5.72340701036,19.2066300231,2.13803987762
sh600236,2005-05-27,9.11,9.31,9.06,9.11,-0.022532,137540.0,1256996.0,1305766660.0,6152557230.0,0.000959581400248,9.96426252154,2005-03-31,2005-04-20,26.5791615526,5.59444720361,18.7738662354,2.0898655631
sh600236,2005-05-30,9.0,9.11,8.85,9.0,-0.012075,155164.0,1397599.0,1290000000.0,6078267300.0,0.00108253953488,9.84394405159,2005-03-31,2005-04-20,26.2582181769,5.52689425362,18.5471718006,2.06463043642
sh600236,2005-05-31,9.17,9.28,8.99,9.03,0.003333,95833.0,871945.0,1294300000.0,6098528190.0,0.000668602325581,9.87675391712,2005-03-31,2005-04-20,26.3457368181,5.54531539217,18.6089895242,2.07151184967
sh600236,2005-06-01,9.02,9.05,8.7,8.75,-0.031008,368042.0,3269730.0,1254166660.0,5909426540.0,0.00256773489737,9.57049553166,2005-03-31,2005-04-20,25.5288082108,5.37336625249,18.0319619771,2.00727841023
sh600236,2005-06-02,8.61,8.71,8.23,8.5,-0.028571,644295.0,5450201.0,1218333330.0,5740585780.0,0.00449508140765,9.29705690382,2005-03-31,2005-04-20,24.7994246314,5.21984380529,17.5167707914,1.94992845878
sh600236,2005-06-03,8.5,8.55,8.32,8.5,0.0,122000.0,1032200.0,1218333330.0,5740585780.0,0.000851162793026,9.29705690382,2005-03-31,2005-04-20,24.7994246314,5.21984380529,17.5167707914,1.94992845878
sh600236,2005-06-06,8.5,9.15,8.38,8.95,0.052941,200390.0,1745606.0,1282833330.0,6044499150.0,0.00139806977107,9.78925239337,2005-03-31,2005-04-20,26.1123309709,5.49618755618,18.4441261539,2.05315962131
sh600236,2005-06-07,8.95,9.02,8.77,8.99,0.004469,123700.0,1107058.0,1288566660.0,6071513670.0,0.000863023260279,9.83300056231,2005-03-31,2005-04-20,26.229026978,5.52075001837,18.5265529537,2.06233519166
sh600236,2005-06-08,9.2,9.88,9.2,9.72,0.081201,1558496.0,14947755.0,1393200000.0,6564528680.0,0.010873227907,10.631450041,2005-03-31,2005-04-20,28.3588501976,5.96904044062,20.0309275801,2.22979887156
sh600236,2005-06-09,9.6,9.8,9.45,9.69,-0.003086,850483.0,8204575.0,1388900000.0,6544267790.0,0.00593360232558,10.5986413861,2005-03-31,2005-04-20,28.2713347859,5.95061998182,19.9691121376,2.22291771224
sh600236,2005-06-10,9.69,9.75,9.45,9.66,-0.003096,674361.0,6475391.0,1384600000.0,6524006900.0,0.00470484418605,10.5658279924,2005-03-31,2005-04-20,28.1838067334,5.93219686235,19.9072877664,2.216035559
sh600236,2005-06-13,9.66,9.66,9.41,9.6,-0.006211,644933.0,6130762.0,1376000000.0,6483485120.0,0.00449953255814,10.5002036348,2005-03-31,2005-04-20,28.0087571098,5.89535198764,19.7836436021,2.20227176214
sh600236,2005-06-14,9.6,9.68,9.46,9.58,-0.002083,253400.0,2424701.0,1373133330.0,6469977860.0,0.00176790698104,10.4783317106,2005-03-31,2005-04-20,27.9504148687,5.88307196945,19.7424342724,2.19768443006
sh600236,2005-06-15,9.41,9.5,9.32,9.49,-0.009395,175043.0,1647370.0,1360233330.0,6409195180.0,0.00122123023555,10.3798877842,2005-03-31,2005-04-20,27.687820721,5.8278005083,19.5569541025,2.17703718484
sh600236,2005-06-16,9.31,9.65,9.31,9.58,0.009484,160900.0,1531477.0,1373133330.0,6469977860.0,0.00112255814226,10.4783306399,2005-03-31,2005-04-20,27.9504120127,5.88307136832,19.7424322552,2.1976842055
sh600236,2005-06-17,9.58,9.58,9.4,9.45,-0.01357,393500.0,3729170.0,1354500000.0,6382180660.0,0.00274534883721,10.3361396931,2005-03-31,2005-04-20,27.5711249217,5.80323808985,19.4745274495,2.16786163084
sh600236,2005-06-20,9.51,9.98,9.4,9.9,0.047619,2892459.0,28226026.0,1419000000.0,6686094030.0,0.0201799465116,10.8283363292,2005-03-31,2005-04-20,28.8840343194,6.07958248445,20.4018849721,2.27109303384
sh600236,2005-06-21,9.92,10.12,9.8,9.9,0.0,1050728.0,10472862.0,1419005480.0,6686099510.0,0.00733063215513,10.8283363292,2005-03-31,2005-04-20,28.8840343194,6.07958248445,20.4018849721,2.27109303384
sh600236,2005-06-22,4.85,4.86,4.73,4.84,0.0,300100.0,1433286.0,1387472030.0,6537519520.0,0.00104685641843,10.8283363292,2005-03-31,2005-04-20,28.8840343194,6.07958248445,20.4018849721,2.27109303384
sh600236,2005-06-23,4.77,4.82,4.71,4.73,-0.022727,417800.0,1992974.0,1355938570.0,6388939530.0,0.00145743623179,10.5822407294,2005-03-31,2005-04-20,28.2275868714,5.94141181333,19.9382113323,2.21947790246
sh600236,2005-06-24,4.71,4.76,4.68,4.73,0.0,289224.0,1365171.0,1355938570.0,6388939530.0,0.00100891703376,10.5822407294,2005-03-31,2005-04-20,28.2275868714,5.94141181333,19.9382113323,2.21947790246
sh600236,2005-06-27,4.82,5.14,4.81,4.98,0.052854,2256093.0,11071820.0,1427605510.0,6726621330.0,0.00787006148498,11.1415544809,2005-03-31,2005-04-20,29.7195277479,6.25543919331,20.9920255541,2.33678618751
sh600236,2005-06-28,4.98,4.99,4.86,4.95,-0.006024,1200492.0,5947879.0,1419005480.0,6686099510.0,0.00418774661815,11.0744377567,2005-03-31,2005-04-20,29.5404973127,6.21775642761,20.8655695921,2.32270938752
sh600236,2005-06-29,4.95,4.97,4.9,4.95,0.0,489587.0,2421235.0,1419005480.0,6686099510.0,0.00170785503239,11.0744377567,2005-03-31,2005-04-20,29.5404973127,6.21775642761,20.8655695921,2.32270938752
sh600236,2005-06-30,4.95,4.95,4.8,4.85,-0.020202,452168.0,2198576.0,1390338700.0,6551026790.0,0.00157732414411,10.8507119652,2005-03-31,2005-04-20,28.943720186,6.09214531226,20.4440433552,2.27578601247
sh600236,2005-07-01,4.8,4.85,4.63,4.66,-0.039175,589200.0,2784553.0,1335871830.0,6294388630.0,0.002055340893,10.4256353239,2005-03-31,2005-04-20,27.8098499477,5.85348551965,19.6431479568,2.18663209543
sh600236,2005-07-04,4.66,4.7,4.4,4.63,-0.006438,748945.0,3406311.0,1327271790.0,6253866820.0,0.00261258875245,10.3585150837,2005-03-31,2005-04-20,27.6308101338,5.81580077987,19.5166853702,2.172554558
sh600236,2005-07-05,4.59,4.64,4.48,4.62,-0.00216,372776.0,1701959.0,1324405120.0,6240359540.0,0.00130037636822,10.3361406911,2005-03-31,2005-04-20,27.5711275839,5.80323865019,19.4745293298,2.16786184016
sh600236,2005-07-06,4.56,4.56,4.16,4.16,-0.099567,3879900.0,16292013.0,1192537940.0,5619025040.0,0.013534482601,9.30700217095,2005-03-31,2005-04-20,24.8259531237,5.2254275875,17.5355088681,1.95201434032
sh600236,2005-07-07,4.01,4.16,4.01,4.13,-0.007212,1372305.0,5633578.0,1183937910.0,5578503230.0,0.00478709195992,9.23988007129,2005-03-31,2005-04-20,24.6469083498,5.18774180374,17.4090427781,1.9379364129
sh600236,2005-07-08,4.13,4.14,4.0,4.09,-0.009685,1083453.0,4394851.0,1172471200.0,5524474140.0,0.003779472596,9.1503918328,2005-03-31,2005-04-20,24.4082030424,5.13749852437,17.2404361988,1.91916749874
sh600236,2005-07-11,4.17,4.17,3.8,3.88,-0.051345,1071073.0,4248928.0,1112270960.0,5240821440.0,0.00373628674078,8.68056496415,2005-03-31,2005-04-20,23.1549638572,4.87371366264,16.3552260022,1.82062784351
sh600236,2005-07-12,3.85,3.95,3.76,3.89,0.002577,1345384.0,5194752.0,1115137640.0,5254328710.0,0.00469318187484,8.70293478006,2005-03-31,2005-04-20,23.2146341991,4.88627322275,16.3973734196,1.82531960147
sh600236,2005-07-13,3.9,3.93,3.84,3.88,-0.002571,705521.0,2728935.0,1112270960.0,5240821440.0,0.00246111026759,8.68055953474,2005-03-31,2005-04-20,23.1549493746,4.87371061429,16.3552157725,1.82062670477
sh600236,2005-07-14,3.9,3.92,3.8,3.88,0.0,480711.0,1851779.0,1112270960.0,5240821440.0,0.00167689236443,8.68055953474,2005-03-31,2005-04-20,23.1549493746,4.87371061429,16.3552157725,1.82062670477
sh600236,2005-07-15,3.49,3.88,3.49,3.76,-0.030928,1869475.0,7069415.0,1077870830.0,5078734170.0,0.00652139922926,8.41208718945,2005-03-31,2005-04-20,22.4388131003,4.72297649241,15.8493816591,1.76431836205
sh600236,2005-07-18,3.76,3.88,3.74,3.86,0.026596,507190.0,1942125.0,1106537610.0,5213806890.0,0.0017692606038,8.63581506034,2005-03-31,2005-04-20,23.0355957735,4.84858877521,16.2709118137,1.8112421732
sh600236,2005-07-19,3.86,3.94,3.85,3.9,0.010363,387069.0,1503381.0,1118004320.0,5267835980.0,0.00135023548031,8.72530801181,2005-03-31,2005-04-20,23.2743136525,4.89883470068,16.4395272728,1.83001207584
sh600236,2005-07-20,3.87,4.09,3.85,4.07,0.04359,800947.0,3213662.0,1166737840.0,5497459600.0,0.00279399037062,9.10564418804,2005-03-31,2005-04-20,24.2888409846,5.11237490529,17.1561262667,1.90978230223
sh600236,2005-07-21,4.07,4.07,4.02,4.05,-0.004914,347701.0,1407613.0,1161004480.0,5470445050.0,0.00121290578483,9.0608990525,2005-03-31,2005-04-20,24.16948562,5.087252695,17.0718210622,1.900397632
sh600236,2005-07-22,4.05,4.18,4.05,4.17,0.02963,1361334.0,5587012.0,1195404620.0,5632532320.0,0.00474882118157,9.32937349143,2005-03-31,2005-04-20,24.885627479,5.23798799236,17.5776591203,1.95670641383
sh600236,2005-07-25,4.1,4.2,4.1,4.14,-0.007194,694627.0,2875341.0,1186804580.0,5592010500.0,0.0024231080908,9.26225797853,2005-03-31,2005-04-20,24.7066002749,5.20030590674,17.4512054405,1.94262986789
sh600236,2005-07-26,4.14,4.34,4.11,4.32,0.043478,1100693.0,4691622.0,1238404780.0,5835141390.0,0.00383961192398,9.66496243092,2005-03-31,2005-04-20,25.7807938416,5.42640480695,18.2099489507,2.02709152929
sh600236,2005-07-27,4.32,4.48,4.26,4.44,0.027778,952490.0,4139209.0,1272804920.0,5997228650.0,0.00332262669129,9.93343575733,2005-03-31,2005-04-20,26.496932733,5.57713947968,18.7157849126,2.08340007779
sh600236,2005-07-28,4.4,4.46,4.29,4.42,-0.004505,1104834.0,4822509.0,1267071560.0,5970214110.0,0.00385405720889,9.88868562924,2005-03-31,2005-04-20,26.377564051,5.55201446632,18.6314703016,2.07401436044
sh600236,2005-07-29,4.32,4.36,4.31,4.33,-0.020362,299877.0,1297773.0,1241271460.0,5848648660.0,0.00104607851855,9.68733221246,2005-03-31,2005-04-20,25.8404640918,5.43896434776,18.2520963033,2.03178328003
sh600236,2005-08-01,4.3,4.4,4.24,4.36,0.006928,678002.0,2908888.0,1249871490.0,5889170480.0,0.00236511412865,9.75444605003,2005-03-31,2005-04-20,26.019486827,5.47664549276,18.3785468265,2.0458594746
sh600236,2005-08-02,4.34,4.36,4.28,4.35,-0.002294,371622.0,1599955.0,1247004820.0,5875663210.0,0.0012963508032,9.73206935079,2005-03-31,2005-04-20,25.9597981242,5.464082068,18.3363864401,2.04116627296
sh600236,2005-08-03,4.35,4.35,4.24,4.28,-0.016092,1843374.0,7911415.0,1226938070.0,5781112300.0,0.00643034959377,9.5754608908,2005-03-31,2005-04-20,25.5420530528,5.37615405936,18.0413173095,2.0083198253
sh600236,2005-08-04,4.26,4.29,4.22,4.25,-0.007009,1261752.0,5380414.0,1218338040.0,5740590490.0,0.00440144346146,9.50834648541,2005-03-31,2005-04-20,25.363028803,5.33847259556,17.9148657165,1.99424351164
sh600236,2005-08-05,4.24,4.31,4.24,4.29,0.009412,1166466.0,5007770.0,1229804750.0,5794619580.0,0.00406905172549,9.59783904253,2005-03-31,2005-04-20,25.6017456301,5.38871829963,18.0834804326,2.01301333157
sh600236,2005-08-08,4.3,4.57,4.27,4.45,0.037296,4245201.0,18884331.0,1275671590.0,6010735920.0,0.0148087835444,9.95580004746,2005-03-31,2005-04-20,26.5565883351,5.58969593733,18.7579219188,2.08809067679
sh600236,2005-08-09,4.5,4.5,4.36,4.41,-0.008989,1465679.0,6458090.0,1264204880.0,5956706840.0,0.00511281398471,9.86630736084,2005-03-31,2005-04-20,26.3178711626,5.53945016055,18.5893069587,2.06932082969
sh600236,2005-08-10,4.41,4.41,4.29,4.38,-0.006803,2040043.0,8864493.0,1255604850.0,5916185020.0,0.00711640158128,9.79918687186,2005-03-31,2005-04-20,26.138830685,5.50176528111,18.4628439035,2.05524324009
sh600236,2005-08-11,4.41,4.42,4.35,4.41,0.006849,2886597.0,12653217.0,1264204880.0,5956706840.0,0.0100694855489,9.86630150275,2005-03-31,2005-04-20,26.3178555364,5.53944687152,18.5892959213,2.06931960104
sh600236,2005-08-12,4.41,4.57,4.41,4.49,0.018141,5474948.0,24659773.0,1287138310.0,6064765010.0,0.0190985819698,10.0452860783,2005-03-31,2005-04-20,26.7952877537,5.63993797722,18.9265243387,2.10685912792
sh600236,2005-08-15,4.51,4.54,4.35,4.46,-0.006682,3578233.0,15811491.0,1278538270.0,6024243200.0,0.0124821599435,9.97816347673,2005-03-31,2005-04-20,26.6162416409,5.60225191165,18.800057303,2.09278109523
sh600236,2005-08-16,4.44,4.48,4.29,4.3,-0.035874,2450932.0,10722753.0,1232671430.0,5808126850.0,0.0085497297524,9.62020684017,2005-03-31,2005-04-20,25.6614105883,5.40127672657,18.1256240473,2.01770466622
sh600236,2005-08-17,4.26,4.39,4.23,4.39,0.02093,1931936.0,8397161.0,1258471530.0,5929692290.0,0.006739285584,9.82155776933,2005-06-30,2005-08-17,36.4666400851,3.89928649275,9.81971100076,2.08886577443
sh600236,2005-08-18,4.38,4.44,4.25,4.26,-0.029613,2053081.0,8861126.0,1221204720.0,5754097760.0,0.00716188278408,9.53071197911,2005-06-30,2005-08-17,35.3867534722,3.78381692184,9.5289198989,2.02700819226
sh600236,2005-08-19,4.24,4.32,4.13,4.16,-0.023474,2781073.0,11637560.0,1192537940.0,5619025040.0,0.00970137996616,9.30698804611,2005-06-30,2005-08-17,34.5560848212,3.69499560341,9.30523803319,1.97942620195
sh600236,2005-08-22,4.16,4.16,4.02,4.07,-0.021635,3023951.0,12290343.0,1166737840.0,5497459600.0,0.0105486255336,9.10563135973,2005-06-30,2005-08-17,33.8084639261,3.61505437353,9.10391920834,1.93660131607
sh600236,2005-08-23,4.06,4.17,4.06,4.12,0.012285,1403439.0,5752294.0,1181071230.0,5564995960.0,0.00489569852616,9.21749404099,2005-06-30,2005-08-17,34.2238009054,3.65946531651,9.21576085581,1.96039246324
sh600236,2005-08-24,4.16,4.34,4.1,4.31,0.046117,1839668.0,7817087.0,1235538110.0,5821634120.0,0.00641742170138,9.64257721368,2005-06-30,2005-08-17,35.8020999318,3.82822887851,9.6407640992,2.05079988247
sh600236,2005-08-25,4.32,4.32,4.22,4.29,-0.00464,1495140.0,6408261.0,1229804750.0,5794619580.0,0.0052155845064,9.5978356554,2005-06-30,2005-08-17,35.6359781881,3.81046589652,9.59603095378,2.04128417101
sh600236,2005-08-26,4.29,4.35,4.23,4.31,0.004662,637217.0,2735534.0,1235538110.0,5821634120.0,0.00222284140632,9.64258076523,2005-06-30,2005-08-17,35.8021131184,3.82823028853,9.64076765009,2.05080063782
sh600236,2005-08-29,4.3,4.43,4.3,4.36,0.011601,1455018.0,6362529.0,1249871490.0,5889170480.0,0.00507562459881,9.75444434469,2005-06-30,2005-08-17,36.2174534327,3.87264158811,9.7526101956,2.07459197602
sh600236,2005-08-30,4.35,4.4,4.3,4.32,-0.009174,533366.0,2320505.0,1238404780.0,5835141390.0,0.0018605718883,9.66495707227,2005-06-30,2005-08-17,35.8851945149,3.83711397418,9.66313974966,2.05555966923
sh600236,2005-08-31,4.35,4.38,4.3,4.37,0.011574,392875.0,1705045.0,1252738170.0,5902677750.0,0.00137048889474,9.77681928542,2005-06-30,2005-08-17,36.3005297562,3.88152473131,9.77498092913,2.07935071684
sh600236,2005-09-01,4.34,4.43,4.3,4.42,0.011442,1096266.0,4801431.0,1267071560.0,5970214110.0,0.00382416895223,9.88868565169,2005-06-30,2005-08-17,36.7158804177,3.92593713729,9.88682626092,2.10314264774
sh600236,2005-09-02,4.45,4.52,4.35,4.51,0.020362,1297669.0,5746617.0,1292871660.0,6091779550.0,0.00452673484234,10.0900390689,2005-06-30,2005-08-17,37.4634891748,4.00587706928,10.0881418172,2.14596683834
sh600236,2005-09-05,4.52,4.55,4.39,4.46,-0.011086,2377363.0,10578809.0,1278538270.0,6024243200.0,0.00829309472293,9.97818089581,2005-06-30,2005-08-17,37.0481689338,3.96146791609,9.97630467706,2.12217664997
sh600236,2005-09-06,4.46,4.51,4.28,4.31,-0.033632,2541493.0,11097739.0,1235538110.0,5821634120.0,0.00886563898057,9.64259471592,2005-06-30,2005-08-17,35.8021649162,3.82823582713,9.64078159816,2.05080360487
sh600236,2005-09-07,4.32,4.38,4.28,4.37,0.013921,2060782.0,8887110.0,1252738170.0,5902677750.0,0.00718874666364,9.77682927696,2005-06-30,2005-08-17,36.300566854,3.88152869808,9.77499091878,2.07935284186
sh600236,2005-09-08,4.36,4.48,4.36,4.42,0.011442,2064324.0,9148843.0,1267071560.0,5970214110.0,0.00720110242234,9.88869575755,2005-06-30,2005-08-17,36.7159179399,3.92594114945,9.88683636488,2.10314479707
sh600236,2005-09-09,4.43,4.55,4.43,4.53,0.024887,3021387.0,13610771.0,1298605020.0,6118794100.0,0.0105396813498,10.1347957289,2005-06-30,2005-08-17,37.6296669897,4.02364604683,10.1328900615,2.15548576164
sh600236,2005-09-12,4.53,4.81,4.52,4.71,0.039735,7350744.0,34645400.0,1350205220.0,6361924990.0,0.0256420310981,10.5375018372,2005-06-30,2005-08-17,39.1248818076,4.1835256225,10.5355204481,2.24113398838
sh600236,2005-09-13,4.72,4.77,4.69,4.76,0.010616,3950235.0,18716429.0,1364538600.0,6429461350.0,0.0137798363491,10.6493679567,2005-06-30,2005-08-17,39.5402315528,4.22793793051,10.6473655332,2.2649258668
sh600236,2005-09-14,4.77,4.89,4.76,4.83,0.014706,2613898.0,12608882.0,1384605350.0,6524012250.0,0.00911821360505,10.8059775618,2005-06-30,2005-08-17,40.121710198,4.29011398572,10.8039456907,2.2982338666
sh600236,2005-09-15,4.83,4.87,4.77,4.87,0.008282,1379664.0,6639043.0,1396072060.0,6578041340.0,0.00481276280252,10.895472668,2005-06-30,2005-08-17,40.4539982019,4.32564470975,10.8934239689,2.31726783948
sh600236,2005-09-16,4.89,4.91,4.73,4.75,-0.024641,1918518.0,9156531.0,1361671930.0,6415954080.0,0.00669247878232,10.626997326,2005-06-30,2005-08-17,39.4571712322,4.21905649846,10.6249991089,2.26016804265
sh600236,2005-09-19,4.75,4.83,4.69,4.82,0.014737,1458138.0,6892865.0,1381738670.0,6510504980.0,0.00508650826136,10.7836073856,2005-06-30,2005-08-17,40.0386515647,4.28123273407,10.7815797208,2.29347613909
sh600236,2005-09-20,4.82,4.83,4.67,4.68,-0.029046,1861400.0,8763393.0,1341605180.0,6321403170.0,0.00649323074319,10.4703867255,2005-06-30,2005-08-17,38.8756888913,4.15688004808,10.4684179562,2.22685983115
sh600236,2005-09-21,4.63,4.72,4.54,4.56,-0.025641,1571248.0,7235956.0,1307205050.0,6159315910.0,0.00548107649982,10.2019155394,2005-06-30,2005-08-17,37.8788773524,4.05029348677,10.1999972514,2.16976091822
sh600236,2005-09-22,4.55,4.65,4.42,4.47,-0.019737,1784248.0,7996246.0,1281404950.0,6037750470.0,0.00622409688678,10.0005603324,2005-06-30,2005-08-17,37.1312619501,3.97035284422,9.99867990562,2.12693634698
sh600236,2005-09-23,4.48,4.55,4.4,4.48,0.002237,745115.0,3342620.0,1284271630.0,6051257740.0,0.0025992283268,10.0229315859,2005-06-30,2005-08-17,37.2143245831,3.97923452353,10.0210469526,2.13169430359
sh600236,2005-09-26,4.45,4.54,4.42,4.51,0.006696,761662.0,3413383.0,1292871660.0,6091779550.0,0.00265695020339,10.0900451358,2005-06-30,2005-08-17,37.4635117005,4.0058794779,10.088147883,2.14596812865
sh600236,2005-09-27,4.56,4.56,4.38,4.42,-0.019956,1368756.0,6050641.0,1267071560.0,5970214110.0,0.00477471179292,9.88868819506,2005-06-30,2005-08-17,36.715889861,3.92593814704,9.88682880381,2.10314318867
sh600236,2005-09-28,4.41,4.49,4.41,4.49,0.015837,462434.0,2058718.0,1287138310.0,6064765010.0,0.00161313562332,10.04529535,2005-06-30,2005-08-17,37.2973594088,3.98811322947,10.0434065116,2.13645066735
sh600236,2005-09-29,4.45,4.6,4.45,4.59,0.022272,794532.0,3607291.0,1315805080.0,6199837730.0,0.00277161255526,10.269024168,2005-06-30,2005-08-17,38.1280461975,4.07693648732,10.2670932614,2.18403369661
sh600236,2005-09-30,4.54,4.59,4.46,4.49,-0.021786,482200.0,2183500.0,1287138310.0,6064765010.0,0.00168208651951,10.0453032075,2005-06-30,2005-08-17,37.2973885831,3.98811634901,10.0434143676,2.1364523385
sh600236,2005-10-10,4.5,4.64,4.43,4.59,0.022272,1085517.0,4974344.0,1315805080.0,6199837730.0,0.00378667258983,10.2690322006,2005-06-30,2005-08-17,38.1280760216,4.07693967633,10.2671012924,2.18403540498
sh600236,2005-10-11,4.59,4.76,4.55,4.75,0.034858,2542074.0,11922554.0,1361671930.0,6415954080.0,0.00886766572327,10.626990125,2005-06-30,2005-08-17,39.4571444955,4.21905363957,10.6249919093,2.26016651113
sh600236,2005-10-12,4.75,4.86,4.66,4.85,0.021053,4730154.0,22664861.0,1390338700.0,6551026790.0,0.0165004735177,10.8507201481,2005-06-30,2005-08-17,40.2878357586,4.30787737585,10.8486798639,2.30774979669
sh600236,2005-10-13,4.85,4.85,4.68,4.73,-0.024742,2867283.0,13622172.0,1355938570.0,6388939530.0,0.0100021113715,10.5822516302,2005-06-30,2005-08-17,39.2910341263,4.20129187381,10.5802618267,2.25065145122
sh600236,2005-10-14,4.7,4.82,4.58,4.65,-0.016913,2042600.0,9554668.0,1333005150.0,6280881360.0,0.00712532130877,10.4032740084,2005-06-30,2005-08-17,38.6265048661,4.13023542435,10.4013178585,2.21258618322
sh600236,2005-10-17,4.61,4.61,4.43,4.48,-0.036559,1876800.0,8409747.0,1284271630.0,6051257740.0,0.00654695144204,10.0229407139,2005-06-30,2005-08-17,37.2143584747,3.97923814747,10.0210560789,2.13169624495
sh600236,2005-10-18,4.5,4.61,4.39,4.52,0.008929,2288557.0,10279603.0,1295738340.0,6105286830.0,0.00798330752488,10.1124355515,2005-06-30,2005-08-17,37.5466454815,4.01476876489,10.1105340886,2.15073016072
sh600236,2005-10-19,4.59,4.6,4.43,4.48,-0.00885,1617268.0,7316485.0,1284271630.0,6051257740.0,0.00564161075488,10.0229404969,2005-06-30,2005-08-17,37.214357669,3.97923806132,10.0210558619,2.1316961988
sh600236,2005-10-20,4.48,4.51,4.43,4.5,0.004464,1480832.0,6598008.0,1290004980.0,6078272280.0,0.00516567308136,10.0676829033,2005-06-30,2005-08-17,37.3804825616,3.99700138003,10.0657898553,2.14121209063
sh600236,2005-10-21,4.5,4.55,4.42,4.54,0.008889,1508550.0,6750720.0,1301471690.0,6132301370.0,0.00526236340953,10.1571745366,2005-06-30,2005-08-17,37.7127576711,4.03253072529,10.1552646613,2.1602453249
sh600236,2005-10-24,4.51,4.52,4.45,4.49,-0.011013,440334.0,1978091.0,1287138310.0,6064765010.0,0.00153604289814,10.0453135734,2005-06-30,2005-08-17,37.2974270709,3.98812046442,10.0434247316,2.13645454314
sh600236,2005-10-25,4.46,4.48,4.17,4.25,-0.053452,4471272.0,19146786.0,1218338040.0,5740590490.0,0.0155974002092,9.50837147231,2005-06-30,2005-08-17,35.3038049991,3.77494744935,9.50658359283,2.0222567749
sh600236,2005-10-26,4.21,4.28,4.11,4.13,-0.028235,1561933.0,6520792.0,1183937910.0,5578503230.0,0.00544858242608,9.23990260379,2005-06-30,2005-08-17,34.3070020649,3.66836180812,9.23816520509,1.96515835486
sh600236,2005-10-27,4.14,4.17,4.09,4.15,0.004843,950434.0,3918739.0,1189671260.0,5605517770.0,0.00331545464081,9.2846514521,2005-06-30,2005-08-17,34.4731508759,3.68612768436,9.28290563918,1.97467561677
sh600236,2005-10-28,4.15,4.21,4.1,4.15,0.0,764698.0,3159408.0,1189671260.0,5605517770.0,0.00266754086335,9.2846514521,2005-06-30,2005-08-17,34.4731508759,3.68612768436,9.28290563918,1.97467561677
sh600236,2005-10-31,4.08,4.24,4.08,4.24,0.021687,377495.0,1581853.0,1215471360.0,5727083220.0,0.00131683793849,9.48600768814,2005-09-30,2005-10-29,28.5388127854,2.70307238372,10.3518894069,1.89556834392
sh600236,2005-11-01,4.24,4.24,4.05,4.1,-0.033019,1569195.0,6438659.0,1175337870.0,5537981410.0,0.00547391491776,9.17278920029,2005-09-30,2005-10-29,27.596489726,2.61381963668,10.0100803706,1.83297857277
sh600236,2005-11-02,4.1,4.16,4.02,4.11,0.002439,1678395.0,6847923.0,1178204550.0,5551488690.0,0.0058548436687,9.19516163315,2005-09-30,2005-10-29,27.6637975645,2.62019474277,10.0344949566,1.83744920751
sh600236,2005-11-03,4.1,4.14,4.0,4.03,-0.019465,1167650.0,4723745.0,1155271130.0,5443430510.0,0.00407318193782,9.01617781196,2005-09-30,2005-10-29,27.1253217449,2.56919265211,9.83917351227,1.80168325868
sh600236,2005-11-04,4.0,4.05,3.98,4.0,-0.007444,646194.0,2590849.0,1146671100.0,5402908700.0,0.00225415640108,8.94906138433,2005-09-30,2005-10-29,26.9234008498,2.550067582,9.76593070464,1.78827152851
sh600236,2005-11-07,4.01,4.08,4.0,4.06,0.015,663466.0,2677195.0,1163871160.0,5483952330.0,0.00231440734385,9.08329730509,2005-09-30,2005-10-29,27.3272518626,2.58831859573,9.91241966521,1.81509560143
sh600236,2005-11-08,4.06,4.09,4.01,4.08,0.004926,536062.0,2178066.0,1169604520.0,5510966870.0,0.00186997649428,9.12804162762,2005-09-30,2005-10-29,27.4618659052,2.60106865314,9.96124824448,1.82403676237
sh600236,2005-11-09,4.08,4.11,4.03,4.08,0.0,1921508.0,7781853.0,1169604520.0,5510966870.0,0.00670290897987,9.12804162762,2005-09-30,2005-10-29,27.4618659052,2.60106865314,9.96124824448,1.82403676237
sh600236,2005-11-10,4.1,4.1,3.98,3.99,-0.022059,1828139.0,7359425.0,1143804420.0,5389401420.0,0.00637720442626,8.92668615735,2005-09-30,2005-10-29,26.8560846052,2.54369167972,9.74151306946,1.78380033543
sh600236,2005-11-11,4.01,4.15,4.01,4.1,0.027569,1257486.0,5126271.0,1175337870.0,5537981410.0,0.00438656213809,9.17278596802,2005-09-30,2005-10-29,27.5964800017,2.61381871564,10.0100768433,1.83297792687
sh600236,2005-11-14,4.1,4.18,4.07,4.16,0.014634,1249025.0,5175068.0,1192537940.0,5619025040.0,0.00435704712254,9.30702051788,2005-09-30,2005-10-29,28.0003268901,2.65206933872,10.1565643078,1.85980172586
sh600236,2005-11-15,4.18,4.29,4.14,4.2,0.009615,1460399.0,6152046.0,1204004650.0,5673054130.0,0.00509439544108,9.39650752016,2005-09-30,2005-10-29,28.2695500331,2.67756898541,10.2542196736,1.87768371945
sh600236,2005-11-16,4.22,4.23,4.12,4.2,0.0,1140630.0,4767170.0,1204004650.0,5673054130.0,0.00397892649335,9.39650752016,2005-09-30,2005-10-29,28.2695500331,2.67756898541,10.2542196736,1.87768371945
sh600236,2005-11-17,4.24,4.3,4.18,4.2,0.0,859128.0,3612832.0,1204004650.0,5673054130.0,0.00299694656495,9.39650752016,2005-09-30,2005-10-29,28.2695500331,2.67756898541,10.2542196736,1.87768371945
sh600236,2005-11-18,4.21,4.26,4.16,4.24,0.009524,1855511.0,7839691.0,1215471360.0,5727083220.0,0.00647268779743,9.48599985778,2005-09-30,2005-10-29,28.5387892276,2.70307015243,10.3518808618,1.89556677919
sh600236,2005-11-21,4.24,4.28,4.17,4.23,-0.002358,872936.0,3673247.0,1212604680.0,5713575950.0,0.00304511382885,9.46363187012,2005-09-30,2005-10-29,28.4714947626,2.69669631301,10.3274711267,1.89109703273
sh600236,2005-11-22,4.18,4.18,3.97,4.01,-0.052009,2816386.0,11315291.0,1149537770.0,5416415970.0,0.00982456440731,8.97143784018,2005-09-30,2005-10-29,26.9907207915,2.55644383447,9.79034968088,1.79274296715
sh600236,2005-11-23,4.01,4.01,3.88,3.93,-0.01995,1908911.0,7485874.0,1126604350.0,5308357790.0,0.00665896614903,8.79245765527,2005-09-30,2005-10-29,26.4522559117,2.50544277997,9.59503220475,1.75697774496
sh600236,2005-11-24,3.9,3.92,3.86,3.87,-0.015267,2055234.0,7995399.0,1109404290.0,5227314160.0,0.00716939320651,8.65822320425,2005-09-30,2005-10-29,26.0484093207,2.46719218505,9.44854484808,1.73015396573
sh600236,2005-11-25,3.87,3.94,3.85,3.9,0.007752,1947318.0,7574468.0,1118004320.0,5267835980.0,0.00679294351922,8.72534175053,2005-09-30,2005-10-29,26.2503365898,2.48631785887,9.52178996774,1.74356611927
sh600236,2005-11-28,3.91,3.95,3.89,3.93,0.007692,755356.0,2967585.0,1126604350.0,5308357790.0,0.00263495261668,8.79245707927,2005-09-30,2005-10-29,26.4522541788,2.50544261584,9.59503157617,1.75697762986
sh600236,2005-11-29,3.93,3.94,3.89,3.91,-0.005089,721100.0,2824896.0,1120871000.0,5281343250.0,0.00251545539139,8.7477122652,2005-09-30,2005-10-29,26.3176386573,2.49269241836,9.54620246048,1.7480363707
sh600236,2005-11-30,3.89,3.91,3.87,3.9,-0.002558,353800.0,1376420.0,1118004320.0,5267835980.0,0.00123418127758,8.72533561722,2005-09-30,2005-10-29,26.2503181376,2.48631611116,9.52178327459,1.74356489366
sh600236,2005-12-01,3.9,3.93,3.87,3.9,0.0,492088.0,1917770.0,1118004320.0,5267835980.0,0.00171657941358,8.72533561722,2005-09-30,2005-10-29,26.2503181376,2.48631611116,9.52178327459,1.74356489366
sh600236,2005-12-02,3.88,3.95,3.87,3.91,0.002564,502644.0,1965724.0,1120871000.0,5281343250.0,0.00175340252357,8.74770737775,2005-09-30,2005-10-29,26.3176239533,2.49269102567,9.5461971269,1.74803539405
sh600236,2005-12-05,3.9,3.9,3.77,3.77,-0.035806,750594.0,2857176.0,1080737510.0,5092241450.0,0.00261834104379,8.43448696738,2005-09-30,2005-10-29,25.37529511,2.4034377308,9.20438599258,1.68544523873
sh600236,2005-12-08,3.82,3.92,3.81,3.82,0.013263,741335.0,2853093.0,1095070900.0,5159777800.0,0.0025860423284,8.54635356803,2005-09-30,2005-10-29,25.7118476491,2.43531452543,9.326463764,1.70779929893
sh600236,2005-12-09,3.83,3.88,3.8,3.87,0.013089,469336.0,1807977.0,1109404290.0,5227314160.0,0.00163721227362,8.65821678988,2005-09-30,2005-10-29,26.048390023,2.46719035725,9.4485378482,1.73015268396
sh600236,2005-12-12,3.88,3.93,3.88,3.93,0.015504,1014429.0,3972454.0,1126604350.0,5308357790.0,0.00353869215044,8.79245378299,2005-09-30,2005-10-29,26.4522442619,2.50544167655,9.595027979,1.75697697117
sh600236,2005-12-13,3.94,3.94,3.82,3.9,-0.007634,941882.0,3635591.0,1118004320.0,5267835980.0,0.00328562218794,8.72533219081,2005-09-30,2005-10-29,26.2503078292,2.48631513479,9.52177953541,1.74356420897
sh600236,2005-12-14,3.86,3.9,3.81,3.89,-0.002564,1069504.0,4150538.0,1115137640.0,5254328710.0,0.0037308134985,8.70296043907,2005-09-30,2005-10-29,26.1830020399,2.47994022278,9.49736569268,1.73909371034
sh600236,2005-12-15,3.88,3.93,3.87,3.89,0.0,838904.0,3274255.0,1115137640.0,5254328710.0,0.00292639800052,8.70296043907,2005-09-30,2005-10-29,26.1830020399,2.47994022278,9.49736569268,1.73909371034
sh600236,2005-12-16,3.88,3.91,3.85,3.86,-0.007712,675536.0,2611614.0,1106537610.0,5213806890.0,0.00235651182249,8.63584320817,2005-09-30,2005-10-29,25.9810787282,2.46081492378,9.42412200846,1.72568181964
sh600236,2005-12-19,3.88,3.91,3.86,3.9,0.010363,563491.0,2187208.0,1118004320.0,5267835980.0,0.00196565868368,8.72533645133,2005-09-30,2005-10-29,26.250320647,2.48631634884,9.52178418483,1.74356506034
sh600236,2005-12-20,3.87,3.9,3.85,3.89,-0.002564,643397.0,2486633.0,1115137640.0,5254328710.0,0.00224439947162,8.70296468867,2005-09-30,2005-10-29,26.1830148249,2.47994143372,9.49737033018,1.73909455953
sh600236,2005-12-21,3.89,3.91,3.84,3.9,0.002571,1005660.0,3890350.0,1118004320.0,5267835980.0,0.00350810272361,8.72534001089,2005-09-30,2005-10-29,26.250331356,2.48631736315,9.5217880693,1.74356577164
sh600236,2005-12-22,3.9,3.93,3.85,3.9,0.0,969506.0,3762884.0,1118004320.0,5267835980.0,0.00338198460628,8.72534001089,2005-09-30,2005-10-29,26.250331356,2.48631736315,9.5217880693,1.74356577164
sh600236,2005-12-23,3.9,3.94,3.89,3.93,0.007692,952578.0,3729714.0,1126604350.0,5308357790.0,0.0033229336812,8.79245532625,2005-09-30,2005-10-29,26.4522489048,2.50544211631,9.59502966313,1.75697727955
sh600236,2005-12-26,3.94,4.03,3.93,4.0,0.017812,2535338.0,10124692.0,1146671100.0,5402908700.0,0.00884416813156,8.94906654052,2005-09-30,2005-10-29,26.9234163623,2.55006905128,9.76593633149,1.78827255886
sh600236,2005-12-27,4.02,4.02,3.95,3.98,-0.005,1051332.0,4184035.0,1140937740.0,5375894150.0,0.00366742304449,8.90432120782,2005-09-30,2005-10-29,26.7887992805,2.53731870602,9.71710664983,1.77933119606
sh600236,2005-12-28,4.0,4.05,3.96,4.02,0.01005,930235.0,3734039.0,1152404450.0,5429923240.0,0.00324499328339,8.99380963596,2005-09-30,2005-10-29,27.0580267133,2.56281875902,9.81476357167,1.79721347458
sh600236,2005-12-29,4.01,4.07,4.01,4.02,0.0,1495600.0,6043058.0,1152404450.0,5429923240.0,0.00521718915612,8.99380963596,2005-09-30,2005-10-29,27.0580267133,2.56281875902,9.81476357167,1.79721347458
sh600236,2005-12-30,4.05,4.08,3.99,4.0,-0.004975,947468.0,3801167.0,1146671100.0,5402908700.0,0.00330510815176,8.94906543302,2005-09-30,2005-10-29,26.9234130304,2.55006873569,9.7659351229,1.78827233755
sh600236,2006-01-04,3.99,4.03,3.95,3.99,-0.0025,1324672.0,5305839.0,1143804420.0,5389401420.0,0.00462093098049,8.92669276943,2005-09-30,2005-10-29,26.8561044978,2.54369356385,9.74152028509,1.7838016567
sh600236,2006-01-05,4.0,4.39,4.0,4.39,0.100251,10386899.0,44476149.0,1258471530.0,5929692290.0,0.0362332285817,9.82160264626,2005-09-30,2005-10-29,29.5484558298,2.79870138732,10.7181174352,1.96262955659
sh600236,2006-01-06,4.2,4.47,4.2,4.42,0.006834,5149081.0,22742657.0,1267071560.0,5970214110.0,0.0179618410976,9.88872347875,2005-09-30,2005-10-29,29.7503899769,2.81782771261,10.7913650497,1.97604216698
sh600236,2006-01-09,4.4,4.46,4.34,4.42,0.0,2545687.0,11172850.0,1267071560.0,5970214110.0,0.00888026919332,9.88872347875,2005-09-30,2005-10-29,29.7503899769,2.81782771261,10.7913650497,1.97604216698
sh600236,2006-01-10,4.45,4.53,4.4,4.44,0.004525,2743481.0,12221778.0,1272804920.0,5997228650.0,0.00957024556442,9.93346995249,2005-09-30,2005-10-29,29.8850104916,2.83057838301,10.8401959766,1.98498375779
sh600236,2006-01-11,4.45,4.62,4.44,4.61,0.038288,6703054.0,30652908.0,1321538440.0,6226852270.0,0.0233826561564,10.31380265,2005-09-30,2005-10-29,31.0292477733,2.93895556813,11.2552454001,2.0609848159
sh600236,2006-01-12,4.6,4.81,4.52,4.79,0.039046,3793120.0,17812672.0,1373138640.0,6469983160.0,0.0132317628175,10.7165153883,2005-09-30,2005-10-29,32.2408157818,3.05371002725,11.694717712,2.14145802903
sh600236,2006-01-13,4.77,4.79,4.64,4.65,-0.029228,2560265.0,12069255.0,1333005150.0,6280881360.0,0.00893112247166,10.4032930765,2005-09-30,2005-10-29,31.2984812182,2.96445619057,11.3529045028,2.07886749375
sh600236,2006-01-16,4.65,4.76,4.56,4.64,-0.002151,3083400.0,14447694.0,1330138470.0,6267374090.0,0.0107560049744,10.3809155931,2005-09-30,2005-10-29,31.2311581851,2.9580796453,11.3284844052,2.07439584977
sh600236,2006-01-17,4.64,4.72,4.6,4.7,0.012931,1329098.0,6215322.0,1347338540.0,6348417720.0,0.00463637045519,10.5151512127,2005-09-30,2005-10-29,31.6350082916,2.9963305732,11.474973037,2.10121986251
sh600236,2006-01-18,4.69,4.76,4.67,4.74,0.008511,1613410.0,7612839.0,1358805250.0,6402446800.0,0.00562815267309,10.6046456646,2005-09-30,2005-10-29,31.9042538471,3.02183234271,11.5726365325,2.11910334476
sh600236,2006-01-19,4.8,4.8,4.65,4.68,-0.012658,2229121.0,10465718.0,1341605180.0,6321403170.0,0.00777597346486,10.4704120598,2005-09-30,2005-10-29,31.5004098019,2.98358198891,11.4261500993,2.09227973462
sh600236,2006-01-20,4.68,5.15,4.68,5.14,0.098291,17052243.0,87349800.0,1473472360.0,6942737670.0,0.0594843387629,11.4995593316,2005-09-30,2005-10-29,34.5966165818,3.27684124618,12.5492378187,2.29793200201
sh600236,2006-01-23,5.09,5.2,5.05,5.1,-0.007782,3447227.0,17706496.0,1462005650.0,6888708590.0,0.012025163993,11.4100697609,2005-09-30,2005-10-29,34.3273857115,3.25134086761,12.45157965,2.28004949518
sh600236,2006-01-24,5.33,5.33,4.83,4.85,-0.04902,6678534.0,33162318.0,1390338700.0,6551026790.0,0.0232971217014,10.8507481412,2005-09-30,2005-10-29,32.644657264,3.09196013828,11.8412032156,2.16828146892
sh600236,2006-01-25,4.85,4.99,4.85,4.93,0.016495,4482686.0,22119814.0,1413272130.0,6659084970.0,0.0156372162946,11.0297312318,2005-09-30,2005-10-29,33.1831308855,3.14296202076,12.0365238626,2.20404727175
sh600236,2006-02-06,4.98,5.04,4.87,5.04,0.022312,2472824.0,12207339.0,1444805580.0,6807664960.0,0.00862609691748,11.275826595,2005-09-30,2005-10-29,33.9235129018,3.21308778936,12.305082783,2.25322397448
sh600236,2006-02-07,5.04,5.04,4.88,4.89,-0.029762,3007067.0,14877444.0,1401805410.0,6605055880.0,0.0104897281214,10.9402354439,2005-09-30,2005-10-29,32.9138813109,3.11745987058,11.9388589092,2.18616352255
sh600236,2006-02-08,4.89,4.92,4.72,4.83,-0.01227,5766241.0,27741206.0,1384605350.0,6524012250.0,0.0201147164642,10.805998755,2005-09-30,2005-10-29,32.5100279872,3.07920863797,11.7923691104,2.15933929613
sh600236,2006-02-09,4.81,4.89,4.79,4.81,-0.004141,1068916.0,5169036.0,1378871990.0,6496997710.0,0.00372876234871,10.7612511142,2005-09-30,2005-10-29,32.3754039613,3.066457635,11.7435369099,2.1503974721
sh600236,2006-02-10,4.82,5.05,4.74,5.04,0.047817,2089136.0,10310329.0,1444805580.0,6807664960.0,0.00728765557508,11.2758218587,2005-09-30,2005-10-29,33.9234986525,3.21308643973,12.3050776144,2.25322302803
sh600236,2006-02-13,5.1,5.25,4.99,5.13,0.017857,3546442.0,18157476.0,1470605680.0,6929230400.0,0.0123712615199,11.4771742096,2005-09-30,2005-10-29,34.5292705679,3.27046252428,12.5248093853,2.29345883164
sh600236,2006-02-14,5.16,5.23,5.08,5.13,0.0,1843502.0,9466003.0,1470605680.0,6929230400.0,0.00643079609212,11.4771742096,2005-09-30,2005-10-29,34.5292705679,3.27046252428,12.5248093853,2.29345883164
sh600236,2006-02-15,5.12,5.18,5.04,5.06,-0.013645,1820642.0,9261414.0,1450538940.0,6834679500.0,0.00635105219581,11.3205681675,2005-09-30,2005-10-29,34.058118671,3.22583706314,12.3539083613,2.26216458588
sh600236,2006-02-16,5.06,5.15,4.82,4.87,-0.037549,1959671.0,9693067.0,1396072060.0,6578041340.0,0.0068360352187,10.8954921534,2005-09-30,2005-10-29,32.7792703731,3.10471010726,11.8900314562,2.17722256785
sh600236,2006-02-17,4.84,5.0,4.83,4.95,0.016427,1539297.0,7535630.0,1419005480.0,6686099510.0,0.00536961996088,11.074472403,2005-09-30,2005-10-29,33.3177354475,3.15571118019,12.0853490029,2.21298780297
sh600236,2006-02-20,4.95,4.95,4.7,4.83,-0.024242,2516805.0,12105735.0,1384605350.0,6524012250.0,0.00877951840212,10.806005043,2005-09-30,2005-10-29,32.5100469048,3.07921042976,11.7923759724,2.15934055265
sh600236,2006-02-21,4.82,4.88,4.67,4.8,-0.006211,1622068.0,7674993.0,1376005320.0,6483490440.0,0.00565835486741,10.7388889457,2005-09-30,2005-10-29,32.3081270034,3.06008545378,11.7191335252,2.14592888848
sh600236,2006-02-22,4.79,4.84,4.7,4.81,0.002083,2477600.0,11828648.0,1378871990.0,6496997710.0,0.00864275733094,10.7612580514,2005-09-30,2005-10-29,32.375424832,3.06645961178,11.7435444804,2.15039885835
sh600236,2006-02-23,4.75,4.81,4.56,4.61,-0.04158,3233032.0,15011973.0,1321538440.0,6226852270.0,0.0112779750243,10.3138049416,2005-09-30,2005-10-29,31.0292546675,2.93895622112,11.2552479009,2.06098527382
sh600236,2006-02-24,4.62,4.79,4.61,4.62,0.002169,2052149.0,9572254.0,1324405120.0,6240359540.0,0.00715863162776,10.3361755845,2005-09-30,2005-10-29,31.0965571208,2.94533081716,11.2796605336,2.06545555088
sh600236,2006-02-27,4.63,4.74,4.63,4.73,0.02381,1347588.0,6321404.0,1355938570.0,6388939530.0,0.00470087021715,10.5822799252,2005-09-30,2005-10-29,31.8369661459,3.01545914392,11.5482292509,2.11463404755
sh600236,2006-02-28,4.7,4.76,4.63,4.7,-0.006342,1145442.0,5363254.0,1347338540.0,6348417720.0,0.00399571246585,10.5151671059,2005-09-30,2005-10-29,31.6350561066,2.99633510203,11.474990381,2.10122303842
sh600236,2006-03-01,4.75,4.8,4.65,4.79,0.019149,3310215.0,15629504.0,1373138640.0,6469983160.0,0.0115472170021,10.7165220408,2005-09-30,2005-10-29,32.240835796,3.0537119229,11.6947249718,2.14145935838
sh600236,2006-03-02,4.78,4.85,4.62,4.7,-0.018789,1944447.0,9282467.0,1347338540.0,6348417720.0,0.00678292843905,10.5151693082,2005-09-30,2005-10-29,31.6350627322,2.99633572958,11.4749927843,2.10122347849
sh600236,2006-03-03,4.66,4.74,4.57,4.69,-0.002128,2189784.0,10183256.0,1344471860.0,6334910450.0,0.00763875188879,10.4927930279,2005-09-30,2005-10-29,31.5677433187,2.98995952715,11.4505739996,2.09675207493
sh600236,2006-03-06,4.66,4.68,4.51,4.62,-0.014925,3929436.0,18089048.0,1324405120.0,6240359540.0,0.0137072818927,10.3361880919,2005-09-30,2005-10-29,31.0965947497,2.9453343812,11.2796741827,2.06545805021
sh600236,2006-03-07,4.58,4.65,4.53,4.6,-0.004329,1946592.0,8914995.0,1318671760.0,6213345000.0,0.00679041098143,10.2914427337,2005-09-30,2005-10-29,30.961977591,2.93258402867,11.2308444731,2.05651668231
sh600236,2006-03-08,4.59,4.64,4.45,4.54,-0.013043,2423711.0,10902133.0,1301471690.0,6132301370.0,0.00845477318066,10.1572114461,2005-09-30,2005-10-29,30.5581405173,2.89433433518,11.0843605687,2.02969353523
sh600236,2006-03-09,4.52,4.58,4.45,4.52,-0.004405,623197.0,2811735.0,1295738340.0,6105286830.0,0.00217393462325,10.1124689297,2005-09-30,2005-10-29,30.4235319083,2.88158479244,11.0355339604,2.0207527352
sh600236,2006-03-10,4.47,4.6,4.47,4.56,0.00885,1514260.0,6876963.0,1307205050.0,6159315910.0,0.00528228191897,10.2019642797,2005-09-30,2005-10-29,30.6927801657,2.90708681785,11.1331984359,2.03863639691
sh600236,2006-03-13,4.56,4.73,4.56,4.71,0.032895,4535908.0,21157766.0,1350205220.0,6361924990.0,0.015822873711,10.5375578947,2005-09-30,2005-10-29,31.7024191692,3.00271543872,11.4994249985,2.10569734119
sh600236,2006-03-14,4.72,4.78,4.67,4.75,0.008493,2626767.0,12379834.0,1361671930.0,6415954080.0,0.00916310527896,10.6270533739,2005-09-30,2005-10-29,31.9716678152,3.02821750094,11.597089615,2.12358102871
sh600236,2006-03-15,4.75,4.8,4.68,4.79,0.008421,2702242.0,12829594.0,1373138640.0,6469983160.0,0.00942638915179,10.7165437904,2005-09-30,2005-10-29,32.2409012299,3.05371812052,11.6947487066,2.14146370455
sh600236,2006-03-16,4.79,4.89,4.75,4.78,-0.002088,2281885.0,10932830.0,1370271960.0,6456475890.0,0.00796003320392,10.6941676469,2005-09-30,2005-10-29,32.1735822282,3.04734195708,11.6703300713,2.13699232833
sh600236,2006-03-17,4.79,4.85,4.76,4.78,0.0,1649884.0,7923476.0,1370271960.0,6456475890.0,0.00575538706929,10.6941676469,2005-09-30,2005-10-29,32.1735822282,3.04734195708,11.6703300713,2.13699232833
sh600236,2006-03-20,4.72,4.86,4.72,4.79,0.002092,1592249.0,7629516.0,1373138640.0,6469983160.0,0.00555433551123,10.7165398456,2005-09-30,2005-10-29,32.2408893622,3.05371699646,11.6947444018,2.14146291628
sh600236,2006-03-21,4.79,4.93,4.79,4.91,0.025052,2607327.0,12720819.0,1407538770.0,6632070420.0,0.00909529161318,10.9850106019,2005-09-30,2005-10-29,33.0485881225,3.13021871465,11.9877211386,2.19511084526
sh600236,2006-03-22,4.9,4.98,4.76,4.81,-0.020367,2415827.0,11693042.0,1378871990.0,6496997710.0,0.00842727095356,10.7612788909,2005-09-30,2005-10-29,32.3754875282,3.06646555009,11.7435672222,2.15040302268
sh600236,2006-03-23,4.83,4.89,4.79,4.86,0.010395,1668869.0,8077159.0,1393205380.0,6564534070.0,0.00582161356569,10.873142385,2005-09-30,2005-10-29,32.712030721,3.09834145948,11.8656416034,2.1727564621
sh600236,2006-03-24,4.82,4.89,4.75,4.79,-0.014403,1347651.0,6460802.0,1373138640.0,6469983160.0,0.00470108997151,10.7165365152,2005-09-30,2005-10-29,32.2408793426,3.05371604744,11.6947407674,2.14146225077
sh600236,2006-03-27,4.78,4.88,4.69,4.79,0.0,1513062.0,7192613.77,1373138640.0,6469983160.0,0.00527810285784,10.7165365152,2005-09-30,2005-10-29,32.2408793426,3.05371604744,11.6947407674,2.14146225077
sh600236,2006-03-28,4.79,4.96,4.79,4.88,0.018789,2491727.0,12182035.0,1398938740.0,6591548610.0,0.00869203733682,10.9178895198,2005-09-30,2005-10-29,32.8466532245,3.11109231826,11.9144732517,2.181698185
sh600236,2006-03-29,4.91,5.06,4.9,5.0,0.02459,5548297.0,27705735.0,1433338870.0,6753635870.0,0.0193544496564,11.1863604231,2005-09-30,2005-10-29,33.6543524273,3.18759407836,12.207450149,2.23534614337
sh600236,2006-03-30,5.0,5.05,4.85,4.89,-0.022,4522510.0,22465691.0,1401805410.0,6605055880.0,0.0157761367892,10.9402604938,2005-09-30,2005-10-29,32.9139566739,3.11746700864,11.9388862457,2.18616852822
sh600236,2006-03-31,4.89,5.13,4.86,5.1,0.042945,6165050.0,30987483.0,1462027100.0,6888730040.0,0.0215055897391,11.4100899807,2005-09-30,2005-10-29,34.3274465433,3.25134662933,12.4516017155,2.28005353566
sh600236,2006-04-03,5.09,5.12,5.0,5.11,0.001961,4318256.0,21842981.0,1464893820.0,6902237350.0,0.0150634044999,11.4324651672,2005-09-30,2005-10-29,34.394762666,3.25772252007,12.4760193065,2.28452472065
sh600236,2006-04-04,5.15,5.29,5.12,5.22,0.021526,7450176.0,38774266.0,1496427740.0,7050817800.0,0.0259885042762,11.6785604123,2005-09-30,2005-10-29,35.1351443271,3.32784825503,12.7445780981,2.33370139978
sh600236,2006-04-05,5.26,5.44,5.2,5.41,0.036398,8342378.0,44381403.0,1550895410.0,7307456770.0,0.0291007792589,12.1036366542,2005-09-30,2005-10-29,36.4139933103,3.44897527582,13.2084552517,2.41864346333
sh600236,2006-04-06,5.41,5.48,5.25,5.35,-0.011091,4455468.0,23726488.0,1533695090.0,7226412880.0,0.015542042193,11.9693952201,2005-09-30,2005-10-29,36.0101257105,3.41072269104,13.0619602745,2.39181828868
sh600236,2006-04-07,5.35,5.66,5.32,5.65,0.056075,7691643.0,42221640.0,1619696690.0,7631632300.0,0.026830815435,12.6405790571,2005-09-30,2005-10-29,38.0293935097,3.60197896594,13.7944096969,2.52593949922
sh600236,2006-04-10,5.69,5.76,5.55,5.75,0.017699,7038950.0,39722335.0,1648363890.0,7766705440.0,0.0245540215638,12.8643046658,2005-09-30,2005-10-29,38.7024757455,3.66573039165,14.0385569541,2.57064610242
sh600236,2006-04-11,5.76,5.81,5.55,5.61,-0.024348,3646766.0,20544125.0,1608229810.0,7577603040.0,0.0127210409438,12.5510845758,2005-09-30,2005-10-29,37.760147866,3.57647718808,13.6967461694,2.50805601111
sh600236,2006-04-12,5.62,5.65,5.35,5.4,-0.037433,4489866.0,24518184.0,1548028690.0,7293949450.0,0.0156620329821,12.0812598269,2005-09-30,2005-10-29,36.3466722509,3.4425989175,13.18403587,2.41417195045
sh600236,2006-04-13,5.36,5.52,5.16,5.19,-0.038889,4312349.0,22803134.0,1487827580.0,7010295860.0,0.015042799052,11.6114317135,2005-09-30,2005-10-29,34.9331865138,3.30871968819,12.6713218991,2.32028721747
sh600236,2006-04-14,5.18,5.34,5.1,5.31,0.023121,5115955.0,26841690.0,1522228210.0,7172383630.0,0.0178460239217,11.8798996261,2005-09-30,2005-10-29,35.7408767192,3.3852205961,12.9642955327,2.37393457822
sh600236,2006-04-17,5.2,5.29,5.18,5.21,-0.018832,3500771.0,18322195.0,1493561020.0,7037310490.0,0.0122117654825,11.6561773564,2005-09-30,2005-10-29,35.0678045288,3.32147012184,12.7201519192,2.32922864225
sh600236,2006-04-18,5.24,5.43,5.2,5.37,0.03071,5154868.0,27545299.0,1539428530.0,7253427510.0,0.0179817644149,12.014138563,2005-09-30,2005-10-29,36.1447368059,3.42347246928,13.1107877847,2.40075925385
sh600236,2006-04-19,5.39,5.61,5.36,5.57,0.037244,8206570.0,45069874.0,1596762930.0,7523573790.0,0.0286270391435,12.4615931396,2005-09-30,2005-10-29,37.4909113835,3.55097627793,13.5990859649,2.4901731315
sh600236,2006-04-20,5.57,5.7,5.45,5.53,-0.007181,5623741.0,31285081.0,1585296050.0,7469544530.0,0.0196173375503,12.3721064393,2005-09-30,2005-10-29,37.2216891488,3.52547671727,13.5014309286,2.47229119824
sh600236,2006-04-21,5.55,5.68,5.44,5.58,0.009042,4397738.0,24270453.0,1599629650.0,7537081100.0,0.0153406621589,12.4839750257,2005-09-30,2005-10-29,37.5582476621,3.55735407775,13.6235108671,2.49464565526
sh600236,2006-06-08,6.02,6.02,6.02,6.02,0.098566,9119632.0,54900185.0,1725765320.0,8131402910.0,0.0318120801269,13.7144705081,2006-03-31,2006-04-26,35.4087504116,2.95290964287,8.49675138471,2.73331297691
sh600236,2006-06-09,6.15,6.48,6.02,6.08,0.009967,21927303.0,137035116.0,1742965640.0,8212446790.0,0.0764891740723,13.8511626356,2006-03-31,2006-04-26,35.7616694269,2.98234129328,8.58143850576,2.76055590735
sh600236,2006-06-12,6.08,6.15,5.81,6.04,-0.006579,12357184.0,73938299.0,1731498760.0,8158417540.0,0.0431056568357,13.7600358367,2006-03-31,2006-04-26,35.5263934038,2.96272046991,8.52498122183,2.74239421004
sh600236,2006-07-06,5.5,5.55,5.07,5.4,0.117549,22915478.0,121535189.0,2031575280.0,7371180980.0,0.0609101628762,15.3775142892,2006-03-31,2006-04-26,39.702485422,3.31098529843,9.52708423947,3.06475990703
sh600236,2006-07-07,5.35,5.43,5.18,5.22,-0.033333,13003226.0,68457855.0,1963856100.0,7125474950.0,0.0345630414163,14.8649356054,2006-03-31,2006-04-26,38.3790824754,3.20062022547,9.20951794052,2.96260226505
sh600236,2006-07-10,5.24,5.37,5.21,5.3,0.015326,7528339.0,39741479.0,1993953510.0,7234677630.0,0.0200105952821,15.0927556085,2006-03-31,2006-04-26,38.9672802934,3.24967293105,9.35066301248,3.00800710736
sh600236,2006-07-11,5.32,5.34,5.2,5.26,-0.007547,5775343.0,30223355.0,1978904810.0,7180076290.0,0.0153510689481,14.9788505819,2006-03-31,2006-04-26,38.673194229,3.22514764944,9.28009355872,2.98530567772
sh600236,2006-07-12,5.24,5.31,5.19,5.23,-0.005703,5210681.0,27328037.0,1967618280.0,7139125280.0,0.0138501770933,14.8934261971,2006-03-31,2006-04-26,38.4526410024,3.20675463239,9.22716918516,2.96828047944
sh600236,2006-07-13,5.25,5.3,4.82,4.84,-0.07457,10309779.0,51790151.0,1820893400.0,6606762210.0,0.0274037625486,13.7828234055,2006-03-31,2006-04-26,35.5852275628,2.96762693946,8.53909917902,2.74693580409
sh600236,2006-07-14,4.79,4.98,4.77,4.88,0.008264,4917130.0,24073869.0,1835942100.0,6661363550.0,0.0130699080325,13.8967246582,2006-03-31,2006-04-26,35.8793038834,2.99215140848,8.60966629463,2.76963648158
sh600236,2006-07-17,4.87,4.9,4.79,4.9,0.004098,4183965.0,20285841.0,1843466460.0,6688664220.0,0.0111211291037,13.9536734358,2006-03-31,2006-04-26,36.0263372707,3.00441324496,8.64494870711,2.78098645188
sh600236,2006-07-18,4.91,4.94,4.82,4.92,0.004082,3119553.0,15224580.0,1850990810.0,6715964890.0,0.00829188382626,14.0106323308,2006-03-31,2006-04-26,36.1733967794,3.01667725982,8.68023738773,2.79233843858
sh600236,2006-07-19,4.92,4.92,4.78,4.8,-0.02439,3018950.0,14567932.0,1805844690.0,6552160870.0,0.00802447745382,13.6689130082,2006-03-31,2006-04-26,35.291127632,2.94310050145,8.46852639785,2.72423330406
sh600236,2006-07-20,4.75,4.85,4.68,4.78,-0.004167,3766780.0,17855951.0,1798320340.0,6524860200.0,0.0100122364183,13.6119546477,2006-03-31,2006-04-26,35.1440695032,2.93083660166,8.43323804835,2.71288142388
sh600236,2006-07-21,4.83,4.91,4.77,4.89,0.023013,3331190.0,16137352.0,1839704280.0,6675013890.0,0.00885442257057,13.92520656,2006-03-31,2006-04-26,35.9528399746,2.99828394438,8.62731215555,2.77531296409
sh600236,2006-07-24,4.87,5.03,4.85,5.0,0.022495,6285989.0,31201007.0,1881088220.0,6825167580.0,0.0167083843627,14.2384540816,2006-03-31,2006-04-26,36.7615991099,3.06573034171,8.82138354249,2.83774362922
sh600236,2006-07-25,5.03,5.2,4.96,5.14,0.028,5874851.0,29899211.0,1933758690.0,7016272270.0,0.0156155648045,14.6371307959,2006-03-31,2006-04-26,37.7909238849,3.15157079128,9.06838228168,2.91720045083
sh600236,2006-07-26,5.12,5.13,4.99,5.02,-0.023346,4823510.0,24265300.0,1888612570.0,6852468250.0,0.0128210627127,14.2954123403,2006-03-31,2006-04-26,36.9086569759,3.07799421958,8.85667182893,2.84909548911
sh600236,2006-07-27,5.02,5.09,4.8,4.87,-0.02988,4291144.0,21200594.0,1832179930.0,6647713220.0,0.0114060147357,13.8682654196,2006-03-31,2006-04-26,35.8058263055,2.9860237523,8.59203447468,2.76396451589
sh600236,2006-07-28,4.87,4.92,4.74,4.78,-0.01848,4876800.0,23427245.0,1798320340.0,6524860200.0,0.0129627094136,13.6119798746,2006-03-31,2006-04-26,35.1441346353,2.93084203336,8.43325367759,2.71288645164
sh600236,2006-07-31,4.78,4.83,4.54,4.54,-0.050209,3490567.0,16137494.0,1708028100.0,6197252160.0,0.00927805238099,12.9285359771,2006-03-31,2006-04-26,33.3795827794,2.78368738571,8.00982844369,2.57667513579
sh600236,2006-08-01,4.47,4.63,4.45,4.46,-0.017621,2386466.0,10759222.0,1677930690.0,6088049480.0,0.00634331228544,12.7007222447,2006-03-31,2006-04-26,32.7914011513,2.73463603028,7.86868725669,2.53127154322
sh600236,2006-08-02,4.46,4.53,4.35,4.53,0.015695,4286392.0,19041815.0,1704265930.0,6183601820.0,0.0113933837544,12.9000600803,2006-03-31,2006-04-26,33.3060621924,2.77755614278,7.99218630318,2.57099985009
sh600236,2006-08-03,4.57,4.59,4.4,4.45,-0.01766,5293655.0,23707419.0,1674168520.0,6074399140.0,0.0140707249411,12.6722450193,2006-03-31,2006-04-26,32.717877134,2.7285045013,7.85104429307,2.52559599274
sh600236,2006-08-04,4.47,4.48,4.16,4.2,-0.05618,3687325.0,15913907.0,1580114100.0,5733140760.0,0.00980104221588,11.9603182941,2006-03-31,2006-04-26,30.8797867966,2.57521711841,7.40997262468,2.38370800987
sh600236,2006-08-07,4.18,4.18,3.96,4.02,-0.042857,4572633.0,18617468.0,1512394930.0,5487434730.0,0.0121542226143,11.447734933,2006-03-31,2006-04-26,29.5563717739,2.46485103837,7.09240342791,2.28154943569
sh600236,2006-08-08,4.02,4.17,4.02,4.13,0.027363,2628433.0,10728761.0,1553778870.0,5637588420.0,0.00698646924578,11.7609793039,2006-03-31,2006-04-26,30.3651227748,2.53229675733,7.2864728629,2.3439794729
sh600236,2006-08-09,4.14,4.14,4.08,4.1,-0.007264,1358589.0,5577363.0,1542492340.0,5596637410.0,0.00361117832196,11.6755475503,2006-03-31,2006-04-26,30.1445505229,2.51390215369,7.23354392403,2.32695280601
sh600236,2006-08-10,4.09,4.23,4.09,4.21,0.026829,2877998.0,11933130.0,1583876280.0,5746791100.0,0.00764982197978,11.9887908155,2006-03-31,2006-04-26,30.9532986689,2.58134763457,7.42761267397,2.38938262284
sh600236,2006-08-11,4.21,4.24,4.15,4.21,0.0,2279775.0,9565267.0,1583876280.0,5746791100.0,0.00605972377464,11.9887908155,2006-03-31,2006-04-26,30.9532986689,2.58134763457,7.42761267397,2.38938262284
sh600236,2006-08-14,4.18,4.24,4.06,4.11,-0.023753,1465249.0,6058085.0,1546254520.0,5610287750.0,0.00389468442104,11.7040210673,2006-03-31,2006-04-26,30.2180649656,2.5200328842,7.25118459012,2.3326276174
sh600236,2006-08-15,4.11,4.2,4.04,4.19,0.019465,1415824.0,5842082.0,1576351930.0,5719490430.0,0.00376331100124,11.9318398373,2006-03-31,2006-04-26,30.8062596002,2.5690853243,7.39232889817,2.37803221397
sh600236,2006-08-16,4.2,4.29,4.2,4.25,0.01432,3388412.0,14403079.0,1598924990.0,5801392440.0,0.00900652068738,12.1027037838,2006-06-30,2006-08-16,20.4351484553,1.95325874796,5.87936646714,1.89534316414
sh600236,2006-08-17,4.24,4.24,4.17,4.2,-0.011765,2396730.0,10059649.0,1580114100.0,5733140760.0,0.0063705943767,11.9603154738,2006-06-30,2006-08-16,20.1947289338,1.93027865879,5.81019572065,1.87304445182
sh600236,2006-08-18,4.17,4.22,4.12,4.15,-0.011905,1824862.0,7616571.0,1561303220.0,5664889090.0,0.00485054869739,11.8179279181,2006-06-30,2006-08-16,19.9543106858,1.90729869135,5.7410253406,1.85074585762
sh600236,2006-08-21,4.0,4.16,3.95,4.08,-0.016867,6678992.0,27138611.0,1534967990.0,5569336740.0,0.0177530004127,11.6185949279,2006-06-30,2006-08-16,19.6177413275,1.87512828433,5.64419146618,1.81952932724
sh600236,2006-08-22,4.08,4.19,4.08,4.17,0.022059,6734520.0,27910588.0,1568827580.0,5692189760.0,0.0179005958067,11.8748895134,2006-06-30,2006-08-16,20.0504890834,1.91649173915,5.76869668573,1.85966632467
sh600236,2006-08-23,4.18,4.26,4.14,4.17,0.0,2497429.0,10467641.0,1568827580.0,5692189760.0,0.00663825589425,11.8748895134,2006-06-30,2006-08-16,20.0504890834,1.91649173915,5.76869668573,1.85966632467
sh600236,2006-08-24,4.13,4.59,4.13,4.59,0.100719,15337978.0,68234086.0,1726838990.0,6265503830.0,0.0407688959004,13.0709165103,2006-06-30,2006-08-16,22.0699542934,2.10951887063,6.34971404722,2.04697005722
sh600236,2006-08-25,4.59,4.59,4.48,4.55,-0.008715,7474647.0,33879821.0,1711790280.0,6210902490.0,0.0198678799894,12.9570034729,2006-06-30,2006-08-16,21.8776146417,2.09113441367,6.2943762893,2.02913071317
sh600236,2006-08-28,4.55,4.85,4.5,4.81,0.057143,9080795.0,42734395.0,1809606870.0,6565811210.0,0.0241370789833,13.6974055224,2006-06-30,2006-08-16,23.1277671752,2.21062810747,6.6540558336,2.14508132952
sh600236,2006-08-29,4.79,4.82,4.68,4.74,-0.014553,7051851.0,33418100.0,1783271630.0,6470258860.0,0.018744073072,13.4980671798,2006-06-30,2006-08-16,22.7911887795,2.17845683662,6.55721935905,2.11386396093
sh600236,2006-08-30,4.76,4.76,4.65,4.71,-0.006329,3084440.0,14477414.0,1771985100.0,6429307860.0,0.00819855223388,13.4126379126,2006-06-30,2006-08-16,22.6469433457,2.1646693833,6.51571871773,2.10048531592
sh600236,2006-08-31,4.71,4.86,4.65,4.8,0.019108,4484571.0,21297612.0,1805844690.0,6552160870.0,0.0119201506748,13.6689265978,2006-06-30,2006-08-16,23.0796811392,2.20603188588,6.64022107099,2.14062138934
sh600236,2006-09-01,4.8,4.8,4.52,4.53,-0.05625,3304550.0,15310419.0,1704265930.0,6183601820.0,0.0087836124847,12.9000494767,2006-06-30,2006-08-16,21.7814490751,2.0819425923,6.26670863574,2.02021143619
sh600236,2006-09-04,4.52,4.7,4.52,4.68,0.033113,2812738.0,13005520.0,1760698570.0,6388356850.0,0.00747635856829,13.327208815,2006-06-30,2006-08-16,22.5026981983,2.15088195736,6.4742181588,2.08710669747
sh600236,2006-09-05,4.65,4.69,4.61,4.65,-0.00641,3410222.0,15895177.0,1749412040.0,6347405840.0,0.00906449249086,13.2417814065,2006-06-30,2006-08-16,22.3584559029,2.13709480401,6.4327184204,2.07372834354
sh600236,2006-09-06,4.65,4.85,4.58,4.73,0.017204,7335082.0,34843254.0,1779509460.0,6456608530.0,0.0194969111656,13.4695930138,2006-06-30,2006-08-16,22.7431107782,2.17386138302,6.5433869081,2.10940476596
sh600236,2006-09-07,4.75,4.75,4.58,4.62,-0.023256,3432175.0,15865216.0,1738125520.0,6306454840.0,0.00912284430413,13.1563441587,2006-06-30,2006-08-16,22.214196994,2.12330606269,6.39121390217,2.06034844873
sh600236,2006-09-08,4.62,4.63,4.49,4.5,-0.025974,4026858.0,18255751.0,1692979400.0,6142650820.0,0.0107035330731,12.8146212755,2006-06-30,2006-08-16,21.6372054412,2.06815531102,6.22520851228,2.00683295812
sh600236,2006-09-11,4.51,4.6,4.33,4.55,0.011111,5228765.0,23305474.0,1711790280.0,6210902490.0,0.0138982450292,12.9570045325,2006-06-30,2006-08-16,21.8776164309,2.09113458468,6.29437680405,2.02913087912
sh600236,2006-09-12,4.52,4.62,4.45,4.55,0.0,4878726.0,22247166.0,1711790280.0,6210902490.0,0.0129678288044,12.9570045325,2006-06-30,2006-08-16,21.8776164309,2.09113458468,6.29437680405,2.02913087912
sh600236,2006-09-13,4.55,4.68,4.55,4.56,0.002198,6014823.0,27787849.0,1715552460.0,6224552830.0,0.0159876153714,12.9854840285,2006-06-30,2006-08-16,21.9257034318,2.0957308985,6.30821184427,2.03359090879
sh600236,2006-09-14,4.58,4.62,4.4,4.48,-0.017544,3153626.0,14074448.0,1685455050.0,6115350150.0,0.00838245106566,12.7576666967,2006-06-30,2006-08-16,21.5410388908,2.05896339562,6.19754057567,1.99791358989
sh600236,2006-09-15,4.46,4.61,4.46,4.6,0.026786,3777136.0,17295100.0,1730601160.0,6279154170.0,0.0100397630613,13.0993935568,2006-06-30,2006-08-16,22.1180371585,2.11411478913,6.36354789753,2.0514297033
sh600236,2006-09-18,4.7,4.79,4.67,4.72,0.026087,6777306.0,31976126.0,1775747280.0,6442958190.0,0.0180143225786,13.4411174366,2006-06-30,2006-08-16,22.6950303939,2.16926570164,6.52955377154,2.10494534997
sh600236,2006-09-19,4.72,4.83,4.68,4.8,0.016949,6025912.0,28798419.0,1805844690.0,6552160870.0,0.0160170903734,13.668930936,2006-06-30,2006-08-16,23.079688464,2.20603258601,6.64022317841,2.14062206871
sh600236,2006-09-20,4.8,4.85,4.7,4.75,-0.010417,4422046.0,21124659.0,1787033810.0,6483909200.0,0.0117539569663,13.5265416824,2006-06-30,2006-08-16,22.8392673493,2.18305234456,6.57105197356,2.11832320862
sh600236,2006-09-21,4.72,4.94,4.72,4.91,0.033684,7796660.0,37977486.0,1847228630.0,6702314560.0,0.0207238021208,13.9821697125,2006-06-30,2006-08-16,23.6085852307,2.25658627974,6.79239128824,2.18967680758
sh600236,2006-09-22,4.9,4.93,4.78,4.8,-0.022403,3901678.0,18907776.0,1805844690.0,6552160870.0,0.01037080016,13.6689271644,2006-06-30,2006-08-16,23.0796820958,2.20603197731,6.64022134621,2.14062147806
sh600236,2006-09-25,4.8,4.81,4.67,4.7,-0.020833,5022186.0,23759509.0,1768222930.0,6415657520.0,0.0133491506074,13.3841624048,2006-06-30,2006-08-16,22.5988630787,2.16007371313,6.5018856149,2.09602591081
sh600236,2006-09-26,4.7,4.76,4.59,4.61,-0.019149,3216131.0,14968980.0,1734363340.0,6292804500.0,0.00854859161749,13.1278690789,2006-06-30,2006-08-16,22.1661174496,2.1187104616,6.37738100726,2.05588911064
sh600236,2006-09-27,4.61,4.69,4.53,4.62,0.002169,4011631.0,18394587.0,1738125520.0,6306454840.0,0.0106630591443,13.1563434269,2006-06-30,2006-08-16,22.2141957583,2.12330594459,6.39121354667,2.06034833412
sh600236,2006-09-28,4.64,4.7,4.59,4.66,0.008658,3156334.0,14694253.0,1753174220.0,6361056180.0,0.0083896490561,13.2702510483,2006-06-30,2006-08-16,22.4065262652,2.14168952746,6.44654867356,2.07818683
sh600236,2006-09-29,4.66,4.72,4.65,4.7,0.008584,2730456.0,12806849.0,1768225250.0,6415659840.0,0.00725764050706,13.3841628833,2006-06-30,2006-08-16,22.5988638867,2.16007379036,6.50188584737,2.09602598575
sh600236,2006-10-09,4.71,4.9,4.71,4.87,0.03617,5887569.0,28518760.0,1832182330.0,6647715620.0,0.0156493491726,13.8682680548,2006-06-30,2006-08-16,23.4162647935,2.23820365936,6.73705905847,2.17183924565
sh600236,2006-10-10,4.86,4.9,4.75,4.81,-0.01232,3600449.0,17334030.0,1809609240.0,6565813580.0,0.00957011011394,13.6974109924,2006-06-30,2006-08-16,23.1277764112,2.21062899027,6.65405849087,2.14508218615
sh600236,2006-10-11,4.8,5.04,4.79,5.0,0.039501,7543058.0,37197579.0,1881090690.0,6825170050.0,0.0200496925536,14.238472424,2006-06-30,2006-08-16,24.0413467072,2.29795104602,6.91690045532,2.22981507758
sh600236,2006-10-12,4.97,5.15,4.95,5.05,0.01,8132978.0,41214620.0,1899901600.0,6893421750.0,0.0216177189913,14.3808571482,2006-06-30,2006-08-16,24.2817601743,2.32093055648,6.98606945987,2.25211322836
sh600236,2006-10-13,5.05,5.08,4.96,4.99,-0.011881,5000253.0,25185505.0,1877328510.0,6811519700.0,0.0132908344688,14.2099981844,2006-06-30,2006-08-16,23.9932685817,2.29335558054,6.90306796862,2.22535587109
sh600236,2006-10-16,4.98,5.08,4.87,4.92,-0.014028,4253877.0,21081649.0,1850993240.0,6715967320.0,0.0113069428822,14.0106603299,2006-06-30,2006-08-16,23.65669101,2.26118438845,6.80623173115,2.19413857893
sh600236,2006-10-17,4.92,4.95,4.8,4.83,-0.018293,6109083.0,29756037.0,1817133610.0,6593114260.0,0.016238140513,13.7543633205,2006-06-30,2006-08-16,23.2239391613,2.21982054244,6.68172533409,2.15400120191
sh600236,2006-10-18,4.85,4.94,4.83,4.93,0.020704,2156840.0,10557352.0,1854755420.0,6729617660.0,0.00573295060111,14.0391336587,2006-06-30,2006-08-16,23.7047675977,2.26577970695,6.82006377541,2.19859764279
sh600236,2006-10-19,4.93,4.97,4.83,4.85,-0.016227,3278419.0,16009731.0,1824657970.0,6620414940.0,0.00871414391707,13.8113206368,2006-06-30,2006-08-16,23.3201103339,2.22901289964,6.70939460053,2.16292099884
sh600236,2006-10-20,4.86,4.99,4.81,4.9,0.010309,5177589.0,25415206.0,1843468880.0,6688666640.0,0.0137621992838,13.9537015412,2006-06-30,2006-08-16,23.5605173514,2.25199179362,6.77856174946,2.18521855142
sh600236,2006-10-23,4.92,5.01,4.78,4.81,-0.018367,5794607.0,28459002.0,1809609240.0,6565813580.0,0.0154022531793,13.697413905,2006-06-30,2006-08-16,23.1277813292,2.21062946035,6.65405990581,2.14508264228
sh600236,2006-10-24,4.85,4.98,4.79,4.94,0.027027,5943971.0,29080582.0,1858517600.0,6743268000.0,0.015799267513,14.0676139106,2006-06-30,2006-08-16,23.7528558752,2.27037614278,6.83389918289,2.20305779086
sh600236,2006-10-25,4.94,5.04,4.8,4.9,-0.008097,5389633.0,26569276.0,1843468880.0,6688666640.0,0.0143258191047,13.9537084408,2006-06-30,2006-08-16,23.5605290011,2.25199290715,6.7785651012,2.18521963192
sh600236,2006-10-26,4.93,4.95,4.76,4.82,-0.016327,5095218.0,24578653.0,1813371430.0,6579463920.0,0.0135432544892,13.7258862431,2006-06-30,2006-08-16,23.1758562441,2.21522461895,6.6678914688,2.14954155099
sh600236,2006-10-27,4.94,4.94,4.65,4.7,-0.024896,6853939.0,32670796.0,1768225250.0,6415659840.0,0.0182179919103,13.3841665792,2006-06-30,2006-08-16,22.5988701271,2.16007438684,6.50188764279,2.09602656454
sh600236,2006-10-30,4.68,4.81,4.65,4.8,0.021277,4229482.0,20129740.0,1805847060.0,6552163240.0,0.0112421002031,13.6689414915,2006-09-30,2006-10-28,20.1503991494,2.08811396659,5.13876861984,1.99627164415
sh600236,2006-10-31,4.81,5.15,4.79,5.06,0.054167,14758176.0,74340711.0,1903663780.0,6907072090.0,0.0392277099268,14.4093470453,2006-09-30,2006-10-28,21.2418858201,2.20122083582,5.41712029967,2.1044036903
sh600236,2006-11-01,5.06,5.14,5.01,5.07,0.001976,9618060.0,48711264.0,1907425960.0,6920722430.0,0.0255651150936,14.437819915,2006-09-30,2006-10-28,21.2838597865,2.20557044819,5.42782452938,2.10856199199
sh600236,2006-11-02,5.11,5.32,5.09,5.14,0.013807,17899146.0,93017544.0,1933761230.0,7016274810.0,0.0475765099707,14.6371628946,2006-09-30,2006-10-28,21.5777260386,2.23602275937,5.50276650266,2.13767490741
sh600236,2006-11-03,5.15,5.24,5.02,5.08,-0.011673,13258733.0,68290060.0,1911188140.0,6934372770.0,0.0352421419066,14.4663032921,2006-09-30,2006-10-28,21.3258492425,2.2099216657,5.43853270927,2.11272182822
sh600236,2006-11-06,5.08,5.2,4.96,5.19,0.021654,10150082.0,51749914.0,1952572140.0,7084526510.0,0.0269792467591,14.7795566236,2006-09-30,2006-10-28,21.787639182,2.25777530945,5.55629869656,2.15847070669
sh600236,2006-11-07,5.24,5.38,5.15,5.34,0.028902,23538458.0,124194914.0,2009004860.0,7289281610.0,0.0625659838971,15.2067153691,2006-09-30,2006-10-28,22.4173455297,2.32302953145,5.71688684148,2.22085482705
sh600236,2006-11-08,5.34,5.34,5.13,5.15,-0.035581,10843840.0,56679373.0,1937523410.0,7029925150.0,0.028823278063,14.6656452296,2006-09-30,2006-10-28,21.6197139584,2.24037381769,5.51347429078,2.14183459145
sh600236,2006-11-09,5.15,5.28,5.07,5.18,0.005825,9202218.0,47543861.0,1948809950.0,7070876170.0,0.02445979365,14.7510726131,2006-09-30,2006-10-28,21.7456487922,2.25342399518,5.54559027852,2.15431077795
sh600236,2006-11-10,5.21,5.24,4.97,5.03,-0.028958,8809612.0,44776817.0,1892377230.0,6866121070.0,0.0234162341723,14.3239110523,2006-09-30,2006-10-28,21.1159382945,2.18816934312,5.38500107524,2.09192624644
sh600236,2006-11-13,5.0,5.09,4.8,4.87,-0.031809,7144170.0,35378691.0,1832182330.0,6647715620.0,0.0189894353473,13.8682817657,2006-09-30,2006-10-28,20.4442614132,2.11856586449,5.21370957603,2.02538416447
sh600236,2006-11-14,4.86,4.94,4.76,4.9,0.00616,4363143.0,21220592.0,1843468880.0,6688666640.0,0.0115973754328,13.9537103813,2006-09-30,2006-10-28,20.5701980636,2.13161623021,5.24582602702,2.03786053092
sh600236,2006-11-15,4.93,5.05,4.86,5.04,0.028571,4549776.0,22551767.0,1896139420.0,6879771410.0,0.0120934519889,14.3523818406,2006-09-30,2006-10-28,21.1579091924,2.19251863753,5.39570452244,2.09608424415
sh600236,2006-11-16,5.05,5.08,4.85,4.88,-0.031746,6684009.0,33134602.0,1835944510.0,6661365960.0,0.0177663125124,13.8967511267,2006-09-30,2006-10-28,20.4862302072,2.12291494086,5.22441248667,2.02954195373
sh600236,2006-11-17,4.85,4.98,4.84,4.95,0.014344,5560534.0,27335938.0,1862279780.0,6756918340.0,0.0147800795539,14.0960861249,2006-09-30,2006-10-28,20.7800846933,2.15336603277,5.29935145938,2.05865370352
sh600236,2006-11-20,5.0,5.18,4.95,5.14,0.038384,8705343.0,44186690.0,1933761230.0,7016274810.0,0.0231390837327,14.6371502947,2006-09-30,2006-10-28,21.5777074642,2.23602083457,5.5027617658,2.13767306727
sh600236,2006-11-21,5.14,5.17,4.98,5.14,0.0,9137978.0,46302777.0,1933761230.0,7016274810.0,0.0242890415793,14.6371502947,2006-09-30,2006-10-28,21.5777074642,2.23602083457,5.5027617658,2.13767306727
sh600236,2006-11-22,5.14,5.4,5.05,5.2,0.011673,12129972.0,63854221.0,1956334320.0,7098176850.0,0.0322418585388,14.8080097501,2006-09-30,2006-10-28,21.8295840434,2.26212190577,5.56699550389,2.16262612499
sh600236,2006-11-23,5.19,5.33,5.17,5.32,0.023077,9517378.0,50013607.0,2001480490.0,7261980930.0,0.0252974991328,15.1497341911,2006-09-30,2006-10-28,22.3333453544,2.31432489299,5.69546505913,2.21253304807
sh600236,2006-11-24,5.27,5.32,5.19,5.2,-0.022556,7142080.0,37472980.0,1956334320.0,7098176850.0,0.0189838800149,14.8080167867,2006-09-30,2006-10-28,21.8295944165,2.26212298071,5.56699814926,2.16262715264
sh600236,2006-11-27,5.22,5.32,5.16,5.31,0.021154,8619546.0,44904660.0,1997718310.0,7248330590.0,0.0229110325669,15.1212655738,2006-09-30,2006-10-28,22.2913776568,2.30997593024,5.68476242811,2.20837536743
sh600236,2006-11-28,5.3,5.43,5.2,5.28,-0.00565,10459572.0,55434301.0,1986431770.0,7207379570.0,0.0278018812395,15.0358304233,2006-09-30,2006-10-28,22.1654313731,2.29692456624,5.65264352039,2.1958980466
sh600236,2006-11-29,5.24,5.38,5.12,5.32,0.007576,8782256.0,46392358.0,2001480490.0,7261980930.0,0.0233435210353,15.1497418746,2006-09-30,2006-10-28,22.3333566812,2.31432606675,5.6954679477,2.2125341702
sh600236,2006-11-30,5.32,5.44,5.32,5.36,0.007519,12207178.0,65690653.0,2016529220.0,7316582290.0,0.0324470746226,15.2636527837,2006-09-30,2006-10-28,22.50128119,2.33172748445,5.7382921712,2.22917021463
sh600236,2006-12-01,5.36,5.5,5.26,5.45,0.016791,14173437.0,76468397.0,2050388850.0,7439435350.0,0.0376734547937,15.5199447776,2006-09-30,2006-10-28,22.8791002025,2.37087952064,5.83464383504,2.2666002117
sh600236,2006-12-04,5.53,5.8,5.53,5.75,0.055046,23767284.0,136259437.5,2163254290.0,7848945550.0,0.0631742110171,16.3742556579,2006-09-30,2006-10-28,24.1385031523,2.50138695473,6.15581763959,2.39136748696
sh600236,2006-12-05,5.7,5.75,5.55,5.66,-0.015652,17023169.0,96345206.0,2129394660.0,7726092490.0,0.0452481347633,16.1179658083,2006-09-30,2006-10-28,23.7606873009,2.46223524611,6.05946678189,2.35393780305
sh600236,2006-12-06,5.67,5.68,5.22,5.44,-0.038869,12575376.0,68456348.0,2046626670.0,7425785010.0,0.0334257568529,15.4914765953,2006-09-30,2006-10-28,22.8371331462,2.36653062433,5.82394136755,2.26244259458
sh600236,2006-12-07,5.42,5.59,5.32,5.37,-0.012868,13482946.0,73358634.0,2020291400.0,7330232630.0,0.0358381073245,15.2921322745,2006-09-30,2006-10-28,22.5432649169,2.33607810826,5.74899889003,2.23332948328
sh600236,2006-12-08,5.34,5.35,5.11,5.11,-0.048417,10812634.0,56227786.0,1922474690.0,6975323790.0,0.0287403314215,14.5517331061,2006-09-30,2006-10-28,21.4517876594,2.22297221449,5.47064961077,2.12519836969
sh600236,2006-12-11,5.07,5.29,5.05,5.26,0.029354,9872623.0,50856087.0,1978907410.0,7180078890.0,0.0262417517452,14.9788846797,2006-09-30,2006-10-28,22.0814834344,2.28822534088,5.63123505945,2.18758144263
sh600236,2006-12-12,5.28,5.31,5.1,5.21,-0.009506,11106271.0,57801263.0,1960096500.0,7111827190.0,0.0295208281378,14.836495402,2006-09-30,2006-10-28,21.8715768528,2.26647347079,5.57770453897,2.16678629344
sh600236,2006-12-13,5.22,5.37,5.2,5.26,0.009597,10505368.0,55516019.0,1978907410.0,7180078890.0,0.0279236084522,14.9788812483,2006-09-30,2006-10-28,22.0814783759,2.28822481668,5.63123376943,2.18758094149
sh600236,2006-12-14,5.26,5.36,5.22,5.35,0.01711,12164986.0,64387543.0,2012767040.0,7302931950.0,0.0323349268975,15.2351699065,2006-09-30,2006-10-28,22.4592924709,2.3273763433,5.72758417923,2.2250104514
sh600236,2006-12-15,5.37,5.41,5.27,5.3,-0.009346,15339923.0,81494840.0,1993956130.0,7234680250.0,0.0407740123651,15.0927820086,2006-09-30,2006-10-28,22.2493879235,2.30562468399,5.67405417749,2.20421550372
sh600236,2006-12-18,5.35,5.48,5.29,5.45,0.028302,27751551.0,149469904.0,2050388850.0,7439435350.0,0.0737645217638,15.519937925,2006-09-30,2006-10-28,22.8790901005,2.3708784738,5.83464125882,2.26659921091
sh600236,2006-12-19,5.46,5.71,5.3,5.7,0.045872,23470118.0,128925587.0,2144443390.0,7780693850.0,0.06238433396,16.2318685175,2006-09-30,2006-10-28,23.9285997216,2.47963541115,6.10228792264,2.37057264991
sh600236,2006-12-20,5.65,5.72,5.5,5.6,-0.017544,14242368.0,79887215.0,2106821570.0,7644190450.0,0.0378566756368,15.9470966162,2006-09-30,2006-10-28,23.5087963681,2.4361326875,5.99522938333,2.32898332334
sh600236,2006-12-21,5.6,5.6,5.39,5.42,-0.032143,16238325.0,88987257.0,2039102310.0,7398484330.0,0.0431619939168,15.4345090897,2006-09-30,2006-10-28,22.7531531264,2.35782807452,5.80252472526,2.25412281238
sh600236,2006-12-22,5.38,5.42,5.29,5.36,-0.01107,10747670.0,57550552.0,2016529220.0,7316582290.0,0.0285676550722,15.263649074,2006-09-30,2006-10-28,22.5012757213,2.33172691774,5.73829077655,2.22916967285
sh600236,2006-12-25,5.33,5.42,5.29,5.36,0.0,15560313.0,83332647.0,2016529220.0,7316582290.0,0.0413598160903,15.263649074,2006-09-30,2006-10-28,22.5012757213,2.33172691774,5.73829077655,2.22916967285
sh600236,2006-12-26,5.36,5.38,5.22,5.3,-0.011194,14309129.0,75282710.0,1993956130.0,7234680250.0,0.0380341285142,15.0927877863,2006-09-30,2006-10-28,22.2493964409,2.30562556662,5.6740563496,2.20421634753
sh600236,2006-12-27,5.28,5.33,5.23,5.27,-0.00566,11008179.0,58010075.0,1982669590.0,7193729230.0,0.0292600963986,15.0073626074,2006-09-30,2006-10-28,22.123464857,2.29257572591,5.64194119066,2.191740483
sh600236,2006-12-28,5.3,5.49,5.25,5.33,0.011385,13074811.0,70135425.0,2005242680.0,7275631270.0,0.0347532711751,15.1782214307,2006-09-30,2006-10-28,22.3753405044,2.31867670055,5.70617469112,2.2166934484
sh600236,2006-12-29,5.35,5.41,5.28,5.33,0.0,10545522.0,56294295.0,2005242680.0,7275631270.0,0.028030339081,15.1782214307,2006-09-30,2006-10-28,22.3753405044,2.31867670055,5.70617469112,2.2166934484
sh600236,2007-01-04,5.36,5.52,5.28,5.33,0.0,17266414.0,93070890.62,2005242680.0,7275631270.0,0.0458946877293,15.1782214307,2006-09-30,2006-10-28,22.3753405044,2.31867670055,5.70617469112,2.2166934484
sh600236,2007-01-05,5.33,5.68,5.28,5.58,0.046904,24287396.0,134065034.0,2099297210.0,7616889770.0,0.0645566854633,15.8901407287,2006-09-30,2006-10-28,23.4248334754,2.42743191252,5.97381710883,2.32066523791
sh600236,2007-01-08,5.58,5.91,5.58,5.78,0.035842,27358727.0,158107251.0,2174540840.0,7889896570.0,0.0727203826901,16.4596751527,2006-09-30,2006-10-28,24.2644263568,2.51443592712,6.18793066164,2.40384252136
sh600236,2007-01-09,5.83,5.85,5.65,5.77,-0.00173,19848532.0,113952157.0,2170778660.0,7876246230.0,0.0527580410432,16.4311999147,2006-09-30,2006-10-28,24.2224488993,2.51008595297,6.1772255416,2.3996838738
sh600236,2007-01-10,5.75,6.04,5.74,6.0,0.039861,25368389.0,150137836.0,2257308830.0,8190204050.0,0.0674299998197,17.0861639745,2006-09-30,2006-10-28,25.1879799348,2.61014048914,6.42345592891,2.49533767269
sh600236,2007-01-11,6.0,6.6,5.86,6.6,0.1,53080318.0,339711164.0,2483039710.0,9009224460.0,0.141089205053,18.7947803719,2006-09-30,2006-10-28,27.7067779283,2.87115453806,7.0658015218,2.74487143996
sh600236,2007-01-12,6.5,6.75,6.2,6.2,-0.060606,27941313.0,181202726.0,2332552460.0,8463210860.0,0.0742689150923,17.6557039127,2006-09-30,2006-10-28,26.0275809452,2.69714534612,6.63757155477,2.57851576147
sh600236,2007-01-15,6.19,6.51,6.18,6.47,0.043548,18191662.0,116291426.0,2434131350.0,8831770040.0,0.0483540270495,18.4245745067,2006-09-30,2006-10-28,27.1610300402,2.81460063166,6.92662452084,2.69080496585
sh600236,2007-01-16,6.5,6.6,6.28,6.55,0.012365,15721291.0,100965474.0,2464228800.0,8940972760.0,0.0417877009026,18.6523943705,2006-09-30,2006-10-28,27.4968761766,2.84940316847,7.01227223304,2.72407676926
sh600236,2007-01-17,6.54,6.85,6.28,6.36,-0.029008,23462396.0,154137507.0,2392747360.0,8681616300.0,0.0623638086722,18.1113257146,2006-09-30,2006-10-28,26.6992467925,2.76674768136,6.8088602401,2.64505675033
sh600236,2007-01-18,6.31,6.53,6.16,6.45,0.014151,13095929.0,82969612.0,2426606990.0,8804469360.0,0.0348094035821,18.3676190848,2006-09-30,2006-10-28,27.0770678339,2.80589992779,6.90521242136,2.68248694841
sh600236,2007-01-19,6.44,6.75,6.44,6.64,0.029457,16008337.0,105416876.0,2498088440.0,9063825820.0,0.0425506783419,18.9086740401,2006-09-30,2006-10-28,27.874677021,2.88855332197,7.10861926366,2.76150496645
sh600236,2007-01-22,6.79,7.01,6.71,7.0,0.054217,21640008.0,148756684.0,2633526970.0,9555238060.0,0.0575198422973,19.9338456206,2006-09-30,2006-10-28,29.3859583851,3.04516201742,7.49402727428,2.91122548121
sh600236,2007-01-23,7.0,7.0,6.61,6.84,-0.022857,14272418.0,96947125.0,2573332060.0,9336832620.0,0.0379365495178,19.4782177112,2006-09-30,2006-10-28,28.7142835343,2.97555874919,7.32273629287,2.84468360039
sh600236,2007-01-24,6.86,7.11,6.73,7.08,0.035088,15043935.0,104163456.0,2663624420.0,9664440780.0,0.0399872665982,20.1616694143,2006-09-30,2006-10-28,29.7218103149,3.07996515458,7.57967646391,2.94449785856
sh600236,2007-01-25,7.01,7.15,6.7,6.99,-0.012712,15943409.0,110342944.0,2629764780.0,9541587720.0,0.0423780977514,19.9053742727,2006-09-30,2006-10-28,29.3439866622,3.04081263754,7.4833236167,2.90706740178
sh600236,2007-01-26,6.85,7.09,6.54,7.07,0.011445,16977251.0,116324762.0,2659862240.0,9650790440.0,0.045126083135,20.1331912812,2006-09-30,2006-10-28,29.6798285896,3.07561473818,7.5689702555,2.9403387882
sh600236,2007-01-29,7.1,7.55,7.1,7.45,0.053748,17014031.0,125452549.0,2802825130.0,10169503370.0,0.0452238456097,21.2153100462,2006-09-30,2006-10-28,31.2750600166,3.24092287912,7.97578726879,3.09837611738
sh600236,2007-01-30,7.5,7.58,7.25,7.35,-0.013423,11511219.0,85145889.0,2765203310.0,10032999970.0,0.0305971931048,20.9305369395,2006-09-30,2006-10-28,30.855254886,3.19741997132,7.86872827628,3.05678661476
sh600236,2007-01-31,7.35,7.69,7.0,7.04,-0.042177,17183870.0,127872059.0,2648575690.0,9609839420.0,0.0456752832312,20.047749683,2006-09-30,2006-10-28,29.5538728007,3.06256238919,7.53684892377,2.92786052571
sh600236,2007-02-01,7.0,7.23,6.71,7.11,0.009943,11977963.0,83915238.0,2674910960.0,9705391800.0,0.0318378137454,20.2470844581,2006-09-30,2006-10-28,29.8477269579,3.09301344702,7.61178781262,2.95697224292
sh600236,2007-02-02,7.04,7.43,6.99,7.12,0.001406,12807888.0,91837692.0,2678673140.0,9719042140.0,0.0340437813029,20.2755518588,2006-09-30,2006-10-28,29.889692862,3.09736222393,7.62248998628,2.96112974589
sh600236,2007-02-05,7.14,7.26,6.96,7.05,-0.009831,4554824.0,32258507.0,2652337870.0,9623489760.0,0.0121068697782,20.0762229085,2006-09-30,2006-10-28,29.5958472915,3.0669120559,7.54755328723,2.93201887936
sh600236,2007-02-06,7.06,7.45,6.8,7.39,0.048227,15059634.0,107087766.0,2780252040.0,10087601330.0,0.0400289950907,21.0444389107,2006-09-30,2006-10-28,31.0231662188,3.21482002362,7.91154913961,3.07342135385
sh600236,2007-02-07,7.42,7.77,7.36,7.45,0.008119,16375937.0,123831417.0,2802825130.0,10169503370.0,0.043527771085,21.2152987102,2006-09-30,2006-10-28,31.2750433054,3.2409211474,7.97578300708,3.09837446182
sh600236,2007-02-08,7.58,8.2,7.58,8.2,0.100671,31536436.0,255722695.0,3084988730.0,11193278870.0,0.0838248686892,23.3510640467,2006-09-30,2006-10-28,34.4235331899,3.56718792023,8.77871305818,3.41029091727
sh600236,2007-02-09,8.32,9.0,8.13,8.72,0.063415,28515787.0,241948026.0,3280622160.0,11903096560.0,0.0757958858145,24.8318717732,2006-09-30,2006-10-28,36.6065015472,3.79340114219,9.33541514677,3.62655451579
sh600236,2007-02-12,8.63,8.94,8.43,8.89,0.019495,17781919.0,155289024.0,3344579250.0,12135152340.0,0.0472649167784,25.3159691134,2006-09-30,2006-10-28,37.3201452949,3.86735349745,9.51740906505,3.69725419607
sh600236,2007-02-13,8.81,8.85,8.65,8.78,-0.012373,10565392.0,92399670.0,3303195250.0,11984998600.0,0.028083154261,25.0027346276,2006-09-30,2006-10-28,36.8583831371,3.81950273263,9.39965016269,3.65150806991
sh600236,2007-02-14,8.74,9.35,8.6,9.0,0.025057,10571477.0,95758450.0,3385963240.0,12285306080.0,0.0280993283908,25.6292281491,2006-09-30,2006-10-28,37.7819436434,3.9152080126,9.63517719682,3.74300390761
sh600236,2007-02-15,8.97,9.9,8.8,9.86,0.095556,16419590.0,151590840.0,3709510840.0,13459235330.0,0.0436438022109,28.0782546742,2006-09-30,2006-10-28,41.3922350502,4.28932962945,10.555876189,4.10067038901
sh600236,2007-02-16,9.74,10.08,9.45,9.61,-0.025355,13736811.0,133210724.0,3615456310.0,13117976830.0,0.0365128886622,27.3663305269,2006-09-30,2006-10-28,40.3427349305,4.1805736767,10.2882319483,3.9966978913
sh600236,2007-02-26,9.71,10.0,9.3,9.81,0.020812,10035006.0,95465338.0,3690699930.0,13390983630.0,0.0266733711023,27.9358785978,2006-09-30,2006-10-28,41.1823479298,4.26757977606,10.5023506316,4.07987716781
sh600236,2007-02-27,9.75,9.9,8.83,8.83,-0.099898,13551840.0,123844169.0,3322006160.0,12053250300.0,0.036021229774,25.1451401977,2006-09-30,2006-10-28,37.0683137364,3.84125709159,9.45318680818,3.6723055985
sh600236,2007-02-28,8.63,9.2,8.45,9.09,0.029445,13814619.0,120480842.0,3419822870.0,12408159140.0,0.0367197049331,25.8855388508,2006-09-30,2006-10-28,38.1597902343,3.95436290665,9.73153589375,3.78043663685
sh600236,2007-03-01,9.11,9.11,8.18,8.32,-0.084708,11781898.0,100803666.0,3130134910.0,11357082950.0,0.0313166665906,23.6928266258,2006-09-30,2006-10-28,34.9273507231,3.61939673356,8.90719695126,3.46020341021
sh600236,2007-03-02,8.23,8.75,8.23,8.53,0.02524,10431396.0,89306151.0,3209140720.0,11643740100.0,0.027726988513,24.2908335698,2006-09-30,2006-10-28,35.8089170554,3.71075030711,9.13201460231,3.54753894429
sh600236,2007-03-05,8.5,8.77,8.3,8.67,0.016413,7353904.0,62915332.0,3261811260.0,11834844860.0,0.019546915072,24.6895190212,2006-09-30,2006-10-28,36.396648811,3.7716548519,9.28189835798,3.60576470098
sh600236,2007-03-06,8.67,8.98,8.51,8.86,0.021915,8970686.0,79186502.0,3333292700.0,12094201320.0,0.0238443740509,25.2305898306,2006-09-30,2006-10-28,37.1942813697,3.85431066798,9.48531116049,3.6847850344
sh600236,2007-03-07,8.87,9.1,8.71,9.0,0.015801,9767588.0,87399800.0,3385963240.0,12285306080.0,0.0259625653821,25.6292583805,2006-09-30,2006-10-28,37.7819882096,3.91521263084,9.63518856214,3.74300832273
sh600236,2007-03-08,9.04,9.15,8.9,9.09,0.01,8004747.0,72588584.0,3419822870.0,12408159140.0,0.0212768769015,25.8855509643,2006-09-30,2006-10-28,38.1598080917,3.95436475715,9.73154044776,3.78043840596
sh600236,2007-03-09,9.1,9.16,8.68,8.79,-0.033003,12192371.0,107376590.0,3306957430.0,11998648940.0,0.0324077171716,25.0312501258,2006-09-30,2006-10-28,36.9004199453,3.82385885707,9.41037041836,3.65567259725
sh600236,2007-03-12,8.85,9.67,8.83,9.66,0.098976,21171228.0,196487378.0,3634267210.0,13186228530.0,0.0562738100042,27.5087431383,2006-09-30,2006-10-28,40.5526759098,4.20232911131,10.3417712409,4.01749644823
sh600236,2007-03-13,9.47,9.65,9.2,9.5,-0.016563,13776476.0,129624403.0,3574072310.0,12967823090.0,0.0366183195661,27.0531158257,2006-09-30,2006-10-28,39.8810019387,4.13272593424,10.1704804838,3.95095465456
sh600236,2007-03-14,9.38,9.38,8.95,9.07,-0.045263,18524041.0,168356721.0,3412298510.0,12380858460.0,0.0492375011675,25.8286106441,2006-09-30,2006-10-28,38.075868148,3.94566636028,9.71013402569,3.77212259403
sh600236,2007-03-15,9.08,9.98,9.08,9.77,0.077178,31841695.0,307573894.0,3675651210.0,13336382270.0,0.0846362569179,27.8220111563,2006-09-30,2006-10-28,41.0144874999,4.25018499863,10.4595427495,4.06324747159
sh600236,2007-03-16,9.68,9.79,9.24,9.39,-0.038895,15793667.0,149616622.0,3532688320.0,12817669340.0,0.0419800785397,26.7398740324,2006-09-30,2006-10-28,39.4192290086,4.08487405311,10.0527188343,3.90520746119
sh600236,2007-03-19,9.0,9.6,8.88,9.51,0.01278,13829975.0,129441535.0,3577834490.0,12981473430.0,0.0367605216557,27.0816096226,2006-09-30,2006-10-28,39.9230067553,4.13707874351,10.181192581,3.95511601254
sh600236,2007-03-20,9.5,9.66,9.4,9.56,0.005258,12036320.0,114616750.0,3596645400.0,13049725130.0,0.0319929285217,27.2240047259,2006-09-30,2006-10-28,40.1329219248,4.15883150354,10.2347252916,3.97591201253
sh600236,2007-03-21,9.56,9.6,9.28,9.54,-0.002092,12125118.0,114122187.0,3589121040.0,13022424450.0,0.0322289564578,27.1670521081,2006-09-30,2006-10-28,40.0489638522,4.15013122804,10.2133142463,3.9675944046
sh600236,2007-03-22,9.53,9.63,9.45,9.51,-0.003145,17409253.0,166052013.0,3577834490.0,12981473430.0,0.046274358552,27.0816117292,2006-09-30,2006-10-28,39.9230098608,4.13707906532,10.181193373,3.9551163202
sh600236,2007-03-23,9.47,9.75,9.16,9.72,0.022082,23270710.0,220654506.0,3656840300.0,13268130570.0,0.0618543011572,27.6796278794,2006-09-30,2006-10-28,40.8045897646,4.22843404525,10.406014485,4.04245319878
sh600236,2007-03-26,9.79,10.34,9.75,10.17,0.046296,34623765.0,346668908.0,3826138460.0,13882395870.0,0.0920310892382,28.9610839317,2006-09-30,2006-10-28,42.6936790523,4.4241936278,10.8877713316,4.22960261207
sh600236,2007-03-27,10.01,10.33,9.91,10.19,0.001967,19961544.0,201750144.0,3833662830.0,13909696550.0,0.0530584306393,29.0180503838,2006-09-30,2006-10-28,42.777657519,4.43289601667,10.9091875778,4.23792224041
sh600236,2007-03-28,10.2,10.24,9.5,9.99,-0.019627,21235448.0,210380387.0,3758419200.0,13636689750.0,0.0564445087765,28.4485131089,2006-09-30,2006-10-28,41.9380604349,4.34589156655,10.6950729532,4.1547445406
sh600236,2007-03-29,9.81,9.9,9.4,9.42,-0.057057,22367994.0,215200285.0,3543974860.0,12858620360.0,0.0594548527582,26.8253262964,2006-09-30,2006-10-28,39.5452005207,4.09792803144,10.0848441757,3.91768728135
sh600236,2007-03-30,9.42,9.74,9.36,9.6,0.019108,11769722.0,113023360.0,3936387010.0,13429019380.0,0.0287038167012,27.3379046313,2006-09-30,2006-10-28,40.3008302122,4.17623124026,10.2775453783,3.99254644992
sh600236,2007-04-02,9.63,9.75,9.45,9.72,0.0125,17766827.0,169948149.0,3985591850.0,13596882120.0,0.0433294639641,27.6796284392,2006-09-30,2006-10-28,40.8045905899,4.22843413077,10.4060146955,4.04245328054
sh600236,2007-04-03,9.78,10.1,9.78,10.05,0.033951,26207225.0,259961850.0,4120905160.0,14058504660.0,0.0639137764699,28.6193795043,2006-09-30,2006-10-28,42.189947245,4.37199369794,10.7593093004,4.17969861187
sh600236,2007-04-04,10.18,10.26,9.86,9.88,-0.016915,22477501.0,225272796.0,4051198300.0,13820699110.0,0.0548177831433,28.1352827,2006-09-30,2006-10-28,41.4763042873,4.29804142454,10.5773155836,4.10899900985
sh600236,2007-04-05,9.88,10.45,9.87,10.28,0.040486,28137036.0,286396294.0,4215214430.0,14380241580.0,0.0686201698356,29.2743677554,2006-09-30,2006-10-28,43.1555139427,4.47205192965,11.0055487823,4.27535594376
sh600236,2007-04-06,10.2,10.84,10.08,10.45,0.016537,21641518.0,228245305.0,4284921280.0,14618047130.0,0.0527790006681,29.758477975,2006-09-30,2006-10-28,43.8691766768,4.54600625241,11.1875475425,4.34605750501
sh600236,2007-04-09,10.45,10.82,10.4,10.5,0.004785,17105365.0,181206768.0,4305423300.0,14687989940.0,0.0417163005784,29.9008722921,2006-09-30,2006-10-28,44.0790906872,4.56775889233,11.2410799575,4.36685339017
sh600236,2007-04-10,10.5,11.55,9.95,11.35,0.080952,40323685.0,432838486.0,4653957560.0,15877017700.0,0.0983407817647,32.3214077059,2006-09-30,2006-10-28,47.6473812365,4.93752811018,12.1510678622,4.72035890581
sh600236,2007-04-11,11.1,11.49,10.99,11.23,-0.010573,28231874.0,317454491.0,4604752730.0,15709154960.0,0.0688514592661,31.9796734622,2006-09-30,2006-10-28,47.1436054747,4.88532362547,12.0225946217,4.6704505511
sh600236,2007-04-12,11.2,11.56,11.13,11.31,0.007124,25583177.0,289872849.0,4637555950.0,15821063450.0,0.0623918579074,32.207496656,2006-09-30,2006-10-28,47.4794565201,4.92012667098,12.1082435858,4.70372284082
sh600236,2007-04-13,11.32,11.9,11.14,11.55,0.02122,30301348.0,347194620.0,4735965630.0,16156788940.0,0.0738984605765,32.890939735,2006-09-30,2006-10-28,48.4869705874,5.02453175894,12.3651805147,4.8035358395
sh600236,2007-04-16,11.95,12.55,11.95,12.33,0.067532,33800791.0,416191450.0,5055797070.0,17247896760.0,0.0824328483243,35.1121306772,2006-09-30,2006-10-28,51.7613926851,5.36384843769,13.2002258852,5.12792822182
sh600236,2007-04-17,12.33,12.85,12.0,12.56,0.018654,26926731.0,335923954.0,5150106340.0,17569633680.0,0.0656684967324,35.7671123628,2006-09-30,2006-10-28,52.7269497043,5.46390566644,13.4464628989,5.22358459487
sh600236,2007-04-18,12.2,13.17,12.2,12.77,0.01672,24165580.0,310174746.0,5236214810.0,17863393480.0,0.0589346441652,36.3651384816,2007-03-31,2007-04-18,55.062090376,5.46239821097,13.186468226,5.12578236418
sh600236,2007-04-19,12.76,13.85,12.3,13.45,0.05325,46781702.0,616019574.0,5515042220.0,18814615690.0,0.114090494107,38.3015821057,2007-03-31,2007-04-18,57.9941466885,5.7532709157,13.888647659,5.39873027507
sh600236,2007-04-20,13.81,14.4,13.6,13.82,0.027509,32589505.0,455698571.0,5666757140.0,19332192480.0,0.079478782657,39.3552203278,2007-03-31,2007-04-18,59.5895076698,5.91153764532,14.2707104675,5.54724394621
sh600236,2007-04-23,14.0,14.54,13.82,14.45,0.045586,22767871.0,324785260.0,5925082540.0,20213471870.0,0.0555259329687,41.1492674017,2007-03-31,2007-04-18,62.3059549664,6.18102100042,14.9212550748,5.80012060874
sh600236,2007-04-24,14.5,14.6,13.8,13.85,-0.041522,29921693.0,420178108.0,5679058350.0,19374158160.0,0.0729725638494,39.4406675207,2007-03-31,2007-04-18,59.7188871043,5.92437264644,14.3016947216,5.55928800082
sh600236,2007-04-25,13.65,13.66,13.08,13.32,-0.038267,28256012.0,376812542.0,5461736980.0,18632764380.0,0.0689103267364,37.9313914966,2007-03-31,2007-04-18,57.4336244515,5.69766467838,13.7544117697,5.3465507269
sh600236,2007-04-26,13.24,14.22,13.2,14.08,0.057057,19257101.0,264671987.0,5773367620.0,19695895080.0,0.04696392122,40.0956429013,2007-03-31,2007-04-18,60.7106147618,6.02275633194,14.5391972421,5.65160887172
sh600236,2007-04-27,14.99,15.49,13.71,13.74,-0.024148,24018847.0,341854029.0,5633953910.0,19220283980.0,0.0585767940334,39.1274133165,2007-03-31,2007-04-18,59.2445748365,5.87731881203,14.188104707,5.51513382069
sh600236,2007-04-30,13.6,13.95,13.1,13.67,-0.005095,22676612.0,305259692.0,5605251090.0,19122364050.0,0.0553033719744,38.9280591456,2007-03-31,2007-04-18,58.9427237277,5.84737387268,14.1158163136,5.48703421387
sh600236,2007-05-08,13.92,14.35,13.59,14.19,0.03804,25717681.0,358457112.0,5818472060.0,19849769270.0,0.0627198841254,40.4088825155,2007-03-31,2007-04-18,61.1849049383,6.0698079748,14.6527819661,5.69576099536
sh600236,2007-05-09,14.0,14.19,13.5,13.99,-0.014094,20709202.0,285785146.0,5736463990.0,19569998030.0,0.0505052827814,39.8393597254,2007-03-31,2007-04-18,60.3225648881,5.9842601012,14.4462656571,5.6154849399
sh600236,2007-05-10,14.07,14.9,14.07,14.49,0.03574,32142388.0,467055675.0,5941484150.0,20269426120.0,0.0783883606119,41.2632184419,2007-03-31,2007-04-18,62.4784933572,6.19813755722,14.9625751917,5.81618237165
sh600236,2007-05-11,14.28,14.3,13.78,13.97,-0.035887,16739434.0,234163842.0,5728263190.0,19542020900.0,0.0408238736984,39.7824053217,2007-03-31,2007-04-18,60.2363276661,5.97570499471,14.4256132558,5.60745703488
sh600236,2007-05-14,13.15,14.0,13.15,13.69,-0.020043,13586822.0,186049650.0,5613451900.0,19150341170.0,0.0331353321438,38.9850465719,2007-03-31,2007-04-18,59.0290109507,5.8559339395,14.1364806893,5.49506677353
sh600236,2007-05-15,13.7,13.93,12.71,12.87,-0.059898,19735611.0,262207756.0,5277218840.0,18003279100.0,0.0481309040369,36.6499202523,2007-03-31,2007-04-18,55.4932912528,5.50517520839,13.289733769,5.16592326393
sh600236,2007-05-16,12.8,13.36,12.1,13.23,0.027972,18425809.0,233965244.0,5424833350.0,18506867330.0,0.0449365791246,37.6750918216,2007-03-31,2007-04-18,57.0455495957,5.65916596932,13.661474202,5.31042446946
sh600236,2007-05-17,13.23,13.75,13.09,13.49,0.019652,15878791.0,214484907.0,5531443840.0,18870569940.0,0.038724950806,38.4154827261,2007-03-31,2007-04-18,58.1666087364,5.77037989895,13.929949493,5.41478493114
sh600236,2007-05-18,13.5,13.7,13.3,13.39,-0.007413,15834624.0,213949488.0,5490439800.0,18730684320.0,0.0386172370672,38.1307087526,2007-03-31,2007-04-18,57.7354196658,5.72760407276,13.8266867774,5.37464513044
sh600236,2007-05-22,14.03,14.2,13.75,13.83,0.03286,23518611.0,327626782.0,5670857540.0,19346181040.0,0.0573568261653,39.3836838422,2007-03-31,2007-04-18,59.632605556,5.91581314259,14.2810317049,5.55125596943
sh600236,2007-05-23,13.96,14.14,13.56,14.11,0.020246,26312608.0,364218603.0,5785668830.0,19737860770.0,0.0641707829793,40.1810459053,2007-03-31,2007-04-18,60.8399272881,6.03558469547,14.5701654728,5.66364669779
sh600236,2007-05-24,14.2,14.33,13.3,13.71,-0.028349,21930524.0,301848098.0,5621652700.0,19178318300.0,0.053483824079,39.0419534349,2007-03-31,2007-04-18,59.1151761894,5.86448190494,14.1571158518,5.50308797755
sh600236,2007-05-25,13.67,14.55,13.4,14.47,0.055434,41886459.0,590634761.0,5933283340.0,20241449000.0,0.102152050896,41.2062050816,2007-03-31,2007-04-18,62.3921668663,6.18957359486,14.9419014119,5.8081461565
sh600236,2007-05-28,14.9,15.9,14.9,15.48,0.0698,58765840.0,899871391.0,6347424060.0,21654293740.0,0.143317225161,44.0823981963,2007-03-31,2007-04-18,66.7471401136,6.62160583178,15.9848461305,6.21355475822
sh600236,2007-05-29,15.54,15.8,15.15,15.37,-0.007106,36015453.0,556996930.0,6302319630.0,21500419560.0,0.0878339318074,43.7691486748,2007-03-31,2007-04-18,66.2728349359,6.57455270074,15.8712578139,6.16940123811
sh600236,2007-05-30,14.3,15.15,13.83,13.83,-0.100195,30067459.0,431102055.0,5670857540.0,19346181040.0,0.0733280557723,39.3836988233,2007-03-31,2007-04-18,59.6326282395,5.91581539289,14.2810371372,5.55125808106
sh600236,2007-05-31,13.29,13.8,12.45,13.11,-0.052061,28133382.0,362848988.0,5375628520.0,18339004590.0,0.0686112585064,37.3333440789,2007-03-31,2007-04-18,56.5280939807,5.60783212772,13.5375520628,5.2622540341
sh600236,2007-06-01,13.12,13.55,11.8,11.81,-0.099161,23173160.0,291664672.0,4842576110.0,16520491540.0,0.0565143455432,33.6313323466,2007-03-31,2007-04-18,50.9227116535,5.0517538861,12.1951548627,4.74044366183
sh600236,2007-06-04,12.0,12.3,10.63,10.63,-0.099915,22630467.0,247775010.0,4358728540.0,14869841250.0,0.0551908342083,30.2710577752,2007-03-31,2007-04-18,45.8347689187,4.54700789657,10.9766759646,4.26680223335
sh600236,2007-06-05,10.7,11.69,10.19,11.69,0.099718,36355819.0,397865596.0,4793371270.0,16352628800.0,0.0886640112294,33.2896271145,2007-03-31,2007-04-18,50.4053204057,5.00042643,12.0712481384,4.69227921846
sh600236,2007-06-06,12.0,12.39,11.7,12.09,0.034217,24755234.0,300603270.0,4957387400.0,16912171280.0,0.0603726832121,34.4286982854,2007-03-31,2007-04-18,52.130039254,5.17152602116,12.484290036,4.85283493648
sh600236,2007-06-07,12.1,12.69,11.88,12.47,0.031431,15090080.0,185566749.0,5113202720.0,17443736630.0,0.0368014545686,35.5108267013,2007-03-31,2007-04-18,53.7685385178,5.33407225553,12.8766837561,5.00536439137
sh600236,2007-06-08,12.45,12.59,12.2,12.39,-0.006415,15754275.0,195389387.0,5080399490.0,17331828130.0,0.0384212831361,35.283024748,2007-03-31,2007-04-18,53.4236133432,5.29985418201,12.7940798298,4.9732549788
sh600236,2007-06-11,12.22,12.85,12.22,12.73,0.027441,19331602.0,242332592.0,5367790000.0,17955416040.0,0.0458459241997,36.2512262301,2007-03-31,2007-04-18,54.889610717,5.44528748062,13.1451621744,5.10972606867
sh600236,2007-06-12,12.77,13.6,12.7,13.38,0.05106,21812959.0,289313658.0,5641871970.0,18872228330.0,0.0517305945565,38.1022138414,2007-03-31,2007-04-18,57.6922742402,5.72332385938,13.8163541551,5.37062868173
sh600236,2007-06-13,13.56,14.47,13.33,13.99,0.04559,21259568.0,294553747.0,5899087360.0,19732621400.0,0.0504181983025,39.8392937704,2007-03-31,2007-04-18,60.3224650228,5.98425019413,14.446241741,5.61547564333
sh600236,2007-06-14,14.0,14.01,13.4,13.71,-0.020014,20818853.0,285647423.0,5781021280.0,19337686870.0,0.049373019196,39.0419501449,2007-03-31,2007-04-18,59.1151712078,5.86448141074,14.1571146588,5.50308751381
sh600236,2007-06-15,13.81,14.15,13.71,14.03,0.023341,29652250.0,414023598.0,5915953950.0,19789040620.0,0.0703218907747,39.9532283032,2007-03-31,2007-04-18,60.494978419,6.00136427135,14.487555872,5.63153507947
sh600236,2007-06-18,14.41,14.55,13.95,14.04,0.000713,21062695.0,298159199.0,5920170590.0,19803145420.0,0.0499513034809,39.981714955,2007-03-31,2007-04-18,60.5381113386,6.00564324408,14.4978854994,5.63555036398
sh600236,2007-06-19,14.0,14.0,13.4,13.66,-0.014388,12105271.0,165150685.0,5759938050.0,19267162850.0,0.0287082951977,39.4064580402,2007-03-31,2007-04-18,59.6670889926,5.91923404908,14.2892899228,5.55446606534
sh600236,2007-06-20,13.66,13.85,12.85,13.06,-0.043924,11920554.0,160681291.0,5506939310.0,18420874590.0,0.0282702289741,37.6755687773,2007-03-31,2007-04-18,57.0462717757,5.65923761271,13.6616471522,5.31049169789
sh600236,2007-06-21,13.0,13.65,12.9,13.42,0.027565,10530351.0,140617656.0,5658738560.0,18928647550.0,0.0249732884673,38.7140958306,2007-03-31,2007-04-18,58.6187522572,5.8152344975,14.038230456,5.45687540154
sh600236,2007-06-22,13.63,13.75,12.08,12.31,-0.082712,13973756.0,179131026.0,5190690880.0,17363014250.0,0.0331395069244,35.5119755363,2007-03-31,2007-04-18,53.7702780205,5.33424482175,12.8771003385,5.00552632333
sh600236,2007-06-25,12.3,12.49,11.08,11.08,-0.099919,13967876.0,163352300.0,4672043460.0,15628123310.0,0.0331255621668,31.9636544527,2007-03-31,2007-04-18,48.397605611,4.8012524134,11.5904333498,4.50537913863
sh600236,2007-06-26,11.16,11.7,11.1,11.46,0.034296,15331033.0,174620559.0,4832276000.0,16164105880.0,0.0363583616043,33.0598799458,2007-03-31,2007-04-18,50.057449893,4.96591616617,11.987938852,4.65989562157
sh600236,2007-06-27,11.6,12.05,11.48,11.94,0.041885,10226783.0,120464253.0,5034674990.0,16841136490.0,0.0242533607954,34.4445930173,2007-03-31,2007-04-18,52.1541061818,5.17391356479,12.4900536708,4.85507534968
sh600236,2007-06-28,11.95,12.45,11.41,11.43,-0.042714,11474072.0,137742561.0,4819626060.0,16121791460.0,0.0272113731081,32.9733266712,2007-03-31,2007-04-18,49.9263956904,4.95291502079,11.9565535183,4.64769566119
sh600236,2007-06-29,11.19,11.3,10.5,10.9,-0.046369,9326687.0,102338931.0,4598009230.0,15376102220.0,0.0221097616848,31.4443864867,2007-03-31,2007-04-18,47.6113586486,4.72325330419,11.4021400882,4.43218666108
sh600236,2007-07-02,10.75,11.06,10.2,10.76,-0.012844,6281328.0,66777649.0,4538952230.0,15178611000.0,0.0148904605854,31.0405147867,2007-03-31,2007-04-18,46.9998383581,4.66258783875,11.2556910009,4.3752596556
sh600236,2007-07-03,11.0,11.7,11.0,11.68,0.085502,14573121.0,166381007.0,4927041080.0,16476410450.0,0.0345469117298,33.694540882,2007-03-31,2007-04-18,51.0184185374,5.06124842414,12.2180750929,4.74935310668
sh600236,2007-07-04,11.72,12.01,11.42,11.61,-0.005993,10935143.0,129304512.0,4897512580.0,16377664840.0,0.0259227532663,33.4926094985,2007-03-31,2007-04-18,50.7126651551,5.03091636233,12.1448521688,4.72089023351
sh600236,2007-07-05,11.5,11.5,10.83,10.86,-0.064599,8393399.0,92984911.0,4581135800.0,15319676160.0,0.0198973174163,31.3290204175,2007-03-31,2007-04-18,47.4366776987,4.70592419624,11.3603068636,4.41592544531
sh600236,2007-07-06,10.87,11.5,10.5,11.49,0.058011,9639786.0,106490592.0,6437835330.0,16208386650.0,0.0172047179622,33.1464482209,2007-03-31,2007-04-18,50.1885268087,4.97891956479,12.019329625,4.67209769632
sh600236,2007-07-09,11.55,11.91,11.4,11.68,0.016536,12807267.0,149543885.0,6544292130.0,16476410450.0,0.0228579158125,33.6945578887,2007-03-31,2007-04-18,51.018444288,5.06125097871,12.2180812597,4.74935550383
sh600236,2007-07-10,11.45,11.66,10.9,11.0,-0.058219,6765618.0,75607753.0,6163288820.0,15517167380.0,0.0120750138722,31.732894423,2007-03-31,2007-04-18,48.04820148,4.76659000798,11.5067567868,4.47285277575
sh600236,2007-07-11,10.89,11.18,10.75,11.09,0.008182,4743079.0,52088570.0,6213715730.0,15644126020.0,0.00846526432744,31.9925329652,2007-03-31,2007-04-18,48.4413318645,4.80559024743,11.6009050709,4.50944965716
sh600236,2007-07-12,11.07,11.15,10.84,10.97,-0.010821,3111848.0,34077937.0,6146479850.0,15474847830.0,0.0055539062021,31.646341766,2007-03-31,2007-04-18,47.9171482124,4.75358895536,11.4753716771,4.46065290242
sh600236,2007-07-13,11.0,11.12,10.83,11.09,0.010939,3186939.0,34912304.0,6213715730.0,15644126020.0,0.0056879257188,31.9925210985,2007-03-31,2007-04-18,48.4413138967,4.80558846494,11.6009007679,4.50944798452
sh600236,2007-07-16,11.08,11.08,10.56,10.6,-0.044184,3381355.0,36231319.0,5939169230.0,14952906750.0,0.00603491188952,30.5789635463,2007-03-31,2007-04-18,46.3009828835,4.59325834421,11.0883265684,4.31020253477
sh600236,2007-07-17,10.58,10.79,10.45,10.65,0.004717,3776239.0,40053755.0,5967184180.0,15023439330.0,0.00673968560997,30.7232045174,2007-03-31,2007-04-18,46.5193846198,4.61492474382,11.1406302048,4.33053376013
sh600236,2007-07-18,10.68,10.98,10.65,10.76,0.010329,4301488.0,46314532.0,6028817070.0,15178611000.0,0.0076771297491,31.0405444968,2007-03-31,2007-04-18,46.9998833435,4.6625923015,11.2557017742,4.37526384334
sh600236,2007-07-19,10.76,10.92,10.46,10.75,-0.000929,3060991.0,32781585.0,6023214080.0,15164504490.0,0.00546313858564,31.011707831,2007-03-31,2007-04-18,46.9562204519,4.65826075325,11.2452452272,4.37119922323
sh600236,2007-07-20,10.8,11.28,10.62,11.14,0.036279,5506834.0,61106210.0,6241730680.0,15714658600.0,0.009828384771,32.1367815794,2007-03-31,2007-04-18,48.6597451737,4.82725779511,11.6532114788,4.52978195985
sh600236,2007-07-23,11.0,12.21,11.0,12.13,0.088869,13507008.0,158433672.0,6796426680.0,17111203670.0,0.0241067865151,34.9927452216,2007-03-31,2007-04-18,52.9840880675,5.25625136811,12.6888207297,4.93233915284
sh600236,2007-07-24,12.32,12.48,11.8,11.99,-0.011542,14727653.0,180024562.0,6717984820.0,16913712440.0,0.0262853466034,34.5888589562,2007-03-31,2007-04-18,52.372545723,5.19558371482,12.5423663609,4.87541009433
sh600236,2007-07-25,12.01,12.68,12.01,12.5,0.042535,11056321.0,137040974.0,7003737300.0,17633144750.0,0.0197328949645,36.0600960719,2007-03-31,2007-04-18,54.6002119554,5.41657786813,13.075855914,5.0827856627
sh600236,2007-07-26,12.5,12.67,12.26,12.5,0.0,9520822.0,118780606.0,7003737300.0,17633144750.0,0.0169923956171,36.0600960719,2007-03-31,2007-04-18,54.6002119554,5.41657786813,13.075855914,5.0827856627
sh600236,2007-07-27,12.4,12.54,12.08,12.31,-0.0152,7465209.0,91774616.0,6897280490.0,17365120950.0,0.013323616884,35.5119826116,2007-03-31,2007-04-18,53.7702887336,5.33424588453,12.8771029041,5.00552732062
sh600236,2007-07-30,12.31,13.5,12.23,13.48,0.095045,20538238.0,268685605.0,7552830300.0,19015583300.0,0.0366558544603,38.8872189989,2007-03-31,2007-04-18,58.8808858263,5.84123928463,14.1010071496,5.48127766481
sh600236,2007-07-31,13.31,14.18,13.13,13.84,0.026706,25768351.0,357270844.0,7754537940.0,19523417870.0,0.0459903582392,39.9257410695,2007-03-31,2007-04-18,60.4533587632,5.99723542096,14.4775886466,5.62766066613
sh600236,2007-08-01,13.68,14.32,13.25,13.39,-0.032514,24694870.0,343671159.0,7502403400.0,18888624660.0,0.0440744507687,38.6275955244,2007-03-31,2007-04-18,58.4877782564,5.80224130849,14.0068643293,5.44468290723
sh600236,2007-08-02,13.33,14.6,13.33,14.43,0.07767,26532616.0,377342653.0,8085114340.0,20355702300.0,0.0473543889152,41.6278008688,2007-03-31,2007-04-18,63.0305239936,6.25290139092,15.0947774818,5.86757142863
sh600236,2007-08-03,14.43,14.7,14.1,14.39,-0.002772,17132883.0,247807665.0,8062702380.0,20299276240.0,0.0305781082757,41.5124086048,2007-03-31,2007-04-18,62.855803381,6.23556834826,15.0529347586,5.85130652063
sh600236,2007-08-06,14.4,14.79,14.15,14.59,0.013899,17834860.0,258376735.0,8174762180.0,20581406550.0,0.0318309697176,42.089389572,2007-03-31,2007-04-18,63.7294361922,6.32223651273,15.2621554988,5.93263382996
sh600236,2007-08-07,14.66,15.2,14.37,14.52,-0.004798,16749761.0,247981395.0,8135541250.0,20482660940.0,0.0298943269103,41.8874446808,2007-03-31,2007-04-18,63.4236623574,6.29190242194,15.1889276767,5.90416905285
sh600236,2007-08-08,14.4,14.4,13.5,13.92,-0.041322,13148670.0,182568695.0,7799361860.0,19636269990.0,0.0234672386902,40.1565716917,2007-03-31,2007-04-18,60.8028697815,6.03190843007,14.5612908073,5.66019697925
sh600236,2007-08-09,13.86,14.05,13.39,13.51,-0.029454,11318755.0,153785354.0,7569639270.0,19057902850.0,0.0202012770484,38.9738000291,2007-03-31,2007-04-18,59.0119820549,5.85424459917,14.1324025478,5.49348153742
sh600236,2007-08-10,13.53,13.98,13.35,13.71,0.014804,9679283.0,132417970.0,7681699070.0,19340033160.0,0.017275210695,39.5507681647,2007-03-31,2007-04-18,59.8855954373,5.94091083621,14.3416186352,5.5748070381
sh600236,2007-08-13,14.12,14.95,14.11,14.38,0.048869,19957253.0,290818540.0,8057099390.0,20285169720.0,0.0356189348361,41.4835746542,2007-03-31,2007-04-18,62.8121446007,6.23123720787,15.0424791962,5.84724228324
sh600236,2007-08-14,14.67,14.75,13.93,14.19,-0.013213,11534138.0,162858994.0,7950642580.0,20017145920.0,0.0205856843108,40.9354521823,2007-03-31,2007-04-18,61.9822077341,6.14890387064,14.8437229186,5.76998267096
sh600236,2007-08-15,14.19,14.69,14.0,14.51,0.022551,14614135.0,210990318.0,8129938260.0,20468554430.0,0.0260827440589,41.8585875644,2007-03-31,2007-04-18,63.3799685007,6.28756780183,15.1784637142,5.90010155017
sh600236,2007-08-16,14.6,14.7,14.0,14.12,-0.026878,12722927.0,182049025.0,7911421650.0,19918400310.0,0.0227073890367,40.7335124479,2007-03-31,2007-04-18,61.6764417073,6.11857055445,14.7704969665,5.7415186207
sh600236,2007-08-17,14.18,14.36,13.68,13.72,-0.028329,10077763.0,140049586.0,7687302060.0,19354139680.0,0.017986402418,39.5795727737,2007-03-31,2007-04-18,59.9292097902,5.94523756921,14.3520635579,5.5788671397
sh600236,2007-08-20,13.95,14.26,13.86,14.09,0.026968,14304171.0,200869509.0,7894612680.0,19876080760.0,0.0255295322975,40.6469546923,2007-03-31,2007-04-18,61.5453807198,6.10556873598,14.7391100079,5.72931802872
sh600236,2007-08-21,14.1,14.45,13.83,14.4,0.022001,17356485.0,244514058.0,8068305370.0,20313382750.0,0.0309771844939,41.5412283425,2007-03-31,2007-04-18,62.899440641,6.23989735374,15.0633851672,5.85536875467
sh600236,2007-08-22,14.18,14.64,14.02,14.23,-0.011806,9800747.0,140313398.0,7973054540.0,20073571980.0,0.0174919949576,41.0507926007,2007-03-31,2007-04-18,62.1568498448,6.16622912558,14.8855468419,5.78624027115
sh600236,2007-08-23,14.24,14.24,13.89,14.13,-0.007027,12359149.0,173325259.0,7917024640.0,19932506830.0,0.0220581321028,40.7623286811,2007-03-31,2007-04-18,61.720073661,6.12289903351,14.7809461043,5.74558036077
sh600236,2007-08-24,14.2,15.14,14.2,14.79,0.046709,26267118.0,387538646.0,8286821970.0,20863536870.0,0.0468805383567,42.6662962914,2007-03-31,2007-04-18,64.6029565816,6.40889352447,15.4713493158,6.01395067384
sh600236,2007-08-27,15.15,15.21,14.5,14.68,-0.007437,24450282.0,364555334.0,8225189090.0,20708365190.0,0.043637919546,42.3489870459,2007-03-31,2007-04-18,64.1225043935,6.36123058333,15.356288891,5.96922492268
sh600236,2007-08-28,14.51,15.0,14.18,14.95,0.018392,16373763.0,241162611.0,8376469810.0,21089241120.0,0.0292232602042,43.1278696157,2007-03-31,2007-04-18,65.3018454943,6.47822633622,15.6387217563,6.07901090746
sh600236,2007-08-29,15.05,15.7,15.05,15.1,0.010033,28029256.0,431450801.0,8460514660.0,21300838860.0,0.050025534215,43.5605715315,2007-06-30,2007-08-29,66.6160796217,6.35379887744,15.5992541284,6.19337522133
sh600236,2007-08-30,15.11,15.34,14.88,15.07,-0.001987,16809084.0,253243859.0,8443705690.0,21258519310.0,0.0300002043155,43.4740166759,2007-06-30,2007-08-29,66.4837134714,6.34117387907,15.5682584104,6.18106898477
sh600236,2007-08-31,15.06,15.25,14.7,14.9,-0.011281,11743903.0,175153135.0,8348454860.0,21018708540.0,0.0209600647826,42.9835862938,2007-06-30,2007-08-29,65.7337106998,6.26963909654,15.3926328873,6.11134034555
sh600236,2007-09-03,14.93,15.2,14.76,14.99,0.00604,14228216.0,212810537.0,8398881770.0,21145667180.0,0.0253939707309,43.243207155,2007-06-30,2007-08-29,66.1307423124,6.30750771668,15.4856043899,6.14825284124
sh600236,2007-09-04,15.0,15.76,14.95,15.15,0.010674,18506660.0,283818826.0,8488529610.0,21371371440.0,0.0330299724312,43.7047851481,2007-06-30,2007-08-29,66.8366218558,6.37483405405,15.6508977312,6.21387929206
sh600236,2007-09-05,15.37,15.56,14.5,14.83,-0.021122,12563868.0,187261943.0,8309233930.0,20919962930.0,0.0224235066686,42.7816526762,2007-06-30,2007-08-29,65.424898729,6.24018480916,15.3203194693,6.08262973366
sh600236,2007-09-06,14.83,15.0,14.7,14.8,-0.002023,10983529.0,162418255.0,8292424960.0,20877643380.0,0.0196029786201,42.6951053929,2007-06-30,2007-08-29,65.2925441589,6.22756091529,15.289326463,6.07032457371
sh600236,2007-09-07,14.74,14.74,14.0,14.08,-0.048649,15400395.0,220859493.0,7889009690.0,19861974250.0,0.0274860305819,40.6180312106,2007-06-30,2007-08-29,62.1161271781,5.92459630432,14.5455160199,5.77500935352
sh600236,2007-09-10,13.98,14.56,13.66,14.38,0.021307,7814023.0,111871502.0,8057099390.0,20285169720.0,0.0139461666415,41.4834796016,2007-06-30,2007-08-29,63.4396354999,6.05083167778,14.8554373298,5.89805747781
sh600236,2007-09-11,14.38,14.6,13.45,13.47,-0.063282,8093051.0,114183135.0,7547227310.0,19001476780.0,0.0144441650546,38.8583220455,2007-06-30,2007-08-29,59.4250484862,5.66792294755,13.9153555447,5.5248166045
sh600236,2007-09-12,13.48,13.96,13.0,13.61,0.010393,11358005.0,152083906.0,7625669170.0,19198968000.0,0.0202713289292,39.2621765865,2007-06-30,2007-08-29,60.0426530151,5.72682967074,14.0599778348,5.58223602347
sh600236,2007-09-13,13.62,13.79,13.4,13.69,0.005878,7305168.0,99008197.0,7670493090.0,19311820130.0,0.0130379818802,39.4929596605,2007-06-30,2007-08-29,60.3955837295,5.76049197555,14.1426223846,5.61504840682
sh600236,2007-09-14,13.7,13.8,13.18,13.52,-0.012418,8697181.0,116763517.0,7575242260.0,19072009360.0,0.0155223929591,39.0025360874,2007-06-30,2007-08-29,59.6455913708,5.68895818619,13.9669992998,5.5453207357
sh600236,2007-09-17,13.58,14.35,13.53,14.3,0.057692,9559788.0,135103887.0,8012275470.0,20172317590.0,0.0170619406325,41.2526703994,2007-06-30,2007-08-29,63.0866648281,6.01716556187,14.7727834234,5.86524137959
sh600236,2007-09-18,14.5,15.38,14.36,15.0,0.048951,18138629.0,271810525.0,8404484760.0,21159773700.0,0.0323731249172,43.2720298681,2007-06-30,2007-08-29,66.1748201581,6.31171183329,15.4959259447,6.15235081036
sh600236,2007-09-19,15.11,15.47,14.52,14.66,-0.022667,10136410.0,152266126.0,8213983110.0,20680152160.0,0.0180910733088,42.2911827671,2007-06-30,2007-08-29,64.6748355096,6.16864426117,15.1446797914,6.01289547454
sh600236,2007-09-20,14.69,15.3,14.68,15.03,0.025239,13191459.0,198180368.0,8421293730.0,21202093250.0,0.0235436068527,43.3585699289,2007-06-30,2007-08-29,66.307163683,6.32433467367,15.5269163646,6.16465494342
sh600236,2007-09-21,15.23,16.53,15.21,16.53,0.0998,41781929.0,670379384.0,9261742210.0,23318070620.0,0.0745707741276,47.6857552078,2007-06-30,2007-08-29,72.9246186186,6.95550327411,17.0765026178,6.77988750678
sh600236,2007-09-24,16.7,17.19,16.0,16.46,-0.004235,24925718.0,413999305.0,9222521280.0,23219325010.0,0.0444864593774,47.4838060345,2007-06-30,2007-08-29,72.6157828587,6.92604671774,17.0041836292,6.75117468319
sh600236,2007-09-25,16.48,17.15,16.1,16.68,0.013366,14645890.0,242981979.0,9345787050.0,23529668350.0,0.0261394191728,48.118474586,2007-06-30,2007-08-29,73.5863654124,7.01862025817,17.2314615476,6.841410884
sh600236,2007-09-26,16.8,17.19,16.22,16.4,-0.016787,13597666.0,226794145.0,9188903340.0,23134685910.0,0.0242685894223,47.3107097531,2007-06-30,2007-08-29,72.3510710963,6.9007986799,16.9421970026,6.72656411949
sh600236,2007-09-27,16.43,16.6,15.5,15.87,-0.032317,9145940.0,144559496.0,8891944880.0,22387040570.0,0.0163233206862,45.781769546,2007-06-30,2007-08-29,70.0129015316,6.67778556896,16.3946760221,6.50918174684
sh600236,2007-09-28,16.06,16.6,16.0,16.08,0.013233,10382196.0,167901062.0,9091279660.0,22764949400.0,0.0183632797498,46.3875997024,2007-06-30,2007-08-29,70.9393822576,6.76615270539,16.6116267699,6.5953177489
sh600236,2007-10-08,16.28,16.38,15.6,15.65,-0.026741,12461020.0,197570999.0,8848167080.0,22156185200.0,0.0220401537671,45.1471488988,2007-06-30,2007-08-29,69.0423922367,6.5852190159,16.1674152584,6.41895235698
sh600236,2007-10-09,15.53,15.65,15.0,15.51,-0.008946,12449245.0,190242325.0,8769014140.0,21957982910.0,0.0220193270152,44.7432625047,2007-06-30,2007-08-29,68.4247389957,6.52630764658,16.0227815615,6.36152840919
sh600236,2007-10-10,15.5,15.58,15.05,15.15,-0.023211,10817564.0,164915063.0,8565478030.0,21448319860.0,0.0191333272966,43.7047266387,2007-06-30,2007-08-29,66.8365323789,6.3748255198,15.6508767787,6.21387097328
sh600236,2007-10-11,15.0,15.5,14.89,15.2,0.0033,9771114.0,148918069.0,8593746940.0,21519106400.0,0.0172824419705,43.8489522366,2007-06-30,2007-08-29,67.0570929357,6.39586244401,15.7025246721,6.2343767475
sh600236,2007-10-12,15.35,15.38,13.75,14.39,-0.053289,15332051.0,219867240.0,8135790690.0,20372364540.0,0.0271182264019,41.5122854209,2007-06-30,2007-08-29,63.4836875103,6.05503333023,14.8657528348,5.902153045
sh600236,2007-10-15,14.4,14.88,13.9,14.61,0.015288,12712122.0,182224846.0,8260173870.0,20683825290.0,0.0224842848762,42.1469252404,2007-06-30,2007-08-29,64.4542261249,6.14760267978,15.0930204641,5.99238516075
sh600236,2007-10-16,14.66,14.9,14.31,14.48,-0.008898,7700437.0,111838127.0,8186674710.0,20499780300.0,0.0136199777944,41.7719018996,2007-06-30,2007-08-29,63.8807124209,6.09290131114,14.9587227681,5.93906491759
sh600236,2007-10-17,14.6,14.82,14.38,14.71,0.015884,10290643.0,150447224.0,8316711670.0,20825398360.0,0.0182013474239,42.4354067894,2007-06-30,2007-08-29,64.895393657,6.18968095557,15.1963271205,6.03340102474
sh600236,2007-10-18,14.7,14.71,13.75,13.9,-0.055065,9301292.0,130586925.0,7858755420.0,19678656510.0,0.0164514547012,40.0987011145,2007-06-30,2007-08-29,61.3219288052,5.84884617375,14.3595413676,5.70117179731
sh600236,2007-10-19,13.96,14.2,13.7,13.81,-0.006475,6509344.0,90378403.0,7807871400.0,19551240750.0,0.0115132583562,39.8390620248,2007-06-30,2007-08-29,60.9248693162,5.81097489477,14.2665633373,5.66425670993
sh600236,2007-10-22,13.99,14.21,13.73,13.99,0.013034,8310260.0,116165510.0,7909639450.0,19806072270.0,0.0146985887454,40.3583243592,2007-06-30,2007-08-29,61.7189640629,5.88671514155,14.4525137238,5.73808463188
sh600236,2007-10-23,14.0,14.15,13.15,13.77,-0.015726,7663529.0,103196974.0,7785256270.0,19494611520.0,0.0135546975809,39.7236493504,2007-06-30,2007-08-29,60.748371634,5.79414065923,14.225233493,5.64784751296
sh600236,2007-10-24,13.76,13.76,12.99,13.0,-0.055919,7656368.0,101486709.0,7349915140.0,18404498890.0,0.0135420317247,37.5023426023,2007-06-30,2007-08-29,57.3513834406,5.47013810771,13.4297726613,5.33202552789
sh600236,2007-10-25,12.8,12.8,11.7,11.7,-0.1,9648396.0,116245520.0,6614923630.0,16564049000.0,0.0170653872235,33.7521083421,2007-06-30,2007-08-29,51.6162450966,4.92312429694,12.0867953952,4.7988229751
sh600236,2007-10-26,11.5,12.07,11.5,11.77,0.005983,5201732.0,61593801.0,6654500100.0,16663150150.0,0.00920044852655,33.9540472063,2007-06-30,2007-08-29,51.925065091,4.95257934961,12.159110692,4.82753433296
sh600236,2007-10-29,12.0,12.15,11.36,11.98,0.017842,4245306.0,49600683.0,6773229490.0,16960453590.0,0.00750879118375,34.5598553166,2007-06-30,2007-08-29,52.8515121023,5.04094327036,12.376053545,4.91366720053
sh600236,2007-10-30,11.98,12.0,11.6,12.0,0.001669,6601127.0,77845578.0,6784537060.0,16988768210.0,0.0116755975094,34.6175357151,2007-06-30,2007-08-29,52.939721276,5.04935660468,12.3967091783,4.92186811108
sh600236,2007-10-31,12.28,12.6,12.1,12.49,0.040833,9169840.0,114173514.0,7061572320.0,17682476240.0,0.0162189518722,36.031073551,2007-09-30,2007-10-31,51.6403778968,5.24753756464,12.2329490418,4.90118943117
sh600236,2007-11-01,12.56,12.79,12.22,12.25,-0.019215,6263882.0,78111312.0,6925881580.0,17342700880.0,0.0110791028714,35.3387364727,2007-09-30,2007-10-31,50.6481080355,5.14670613033,11.9978929259,4.80701307625
sh600236,2007-11-02,12.1,12.1,11.73,11.78,-0.038367,4956736.0,58952563.0,6660153880.0,16677307460.0,0.00876711726667,33.9828951704,2007-09-30,2007-10-31,48.7048920745,4.94924245623,11.5375697681,4.62258240555
sh600236,2007-11-05,11.78,12.34,11.53,12.18,0.033956,8793269.0,106647211.0,6886305110.0,17243599730.0,0.0155529002432,35.1368183588,2007-09-30,2007-10-31,50.3587153898,5.11729893308,11.9293394871,4.77954681371
sh600236,2007-11-06,12.22,12.5,12.2,12.39,0.017241,5905600.0,73159271.0,7005034510.0,17540903170.0,0.0104453995045,35.7426122442,2007-09-30,2007-10-31,51.2269500018,5.20552628398,12.1350132292,4.86195098033
sh600236,2007-11-08,12.38,12.46,11.76,11.92,-0.037934,4211671.0,50911761.0,6739306810.0,16875509750.0,0.00744930001488,34.3867519913,2007-09-30,2007-10-31,49.2837068804,5.00805984992,11.6746836374,4.67751773184
sh600236,2007-11-09,11.77,12.22,11.61,12.21,0.024329,7705168.0,92727942.0,6903266450.0,17286071650.0,0.0136283456479,35.2233472805,2007-09-30,2007-10-31,50.4827301851,5.12990093801,11.9587170156,4.79131706074
sh600236,2007-11-12,11.9,12.68,11.72,12.4,0.015561,5977562.0,73011061.0,7010688290.0,17555060480.0,0.0105726807032,35.7714577875,2007-09-30,2007-10-31,51.2682919495,5.20972732651,12.1448066111,4.86587474552
sh600236,2007-11-13,12.46,12.83,12.3,12.48,0.006452,6247759.0,78866320.0,7055918540.0,17668318940.0,0.0110505856719,36.0022552332,2007-09-30,2007-10-31,51.5990749692,5.24334048722,12.2231649033,4.89726936938
sh600236,2007-11-14,12.6,12.8,12.36,12.74,0.020833,4527379.0,57386456.0,7202916840.0,18036408910.0,0.00800770156608,36.7522902164,2007-09-30,2007-10-31,52.674038498,5.35257499959,12.4778100977,4.99929418215
sh600236,2007-11-15,12.65,13.09,12.62,12.67,-0.005495,6730375.0,86448221.0,7163340370.0,17937307770.0,0.0119042020685,36.5503363817,2007-09-30,2007-10-31,52.3845946565,5.32316259997,12.4092445313,4.97182306062
sh600236,2007-11-16,12.58,12.82,12.22,12.53,-0.01105,4530353.0,56528352.0,7084187440.0,17739105470.0,0.0080129617646,36.1464551647,2007-09-30,2007-10-31,51.8057448855,5.26434165324,12.2721223792,4.9168844158
sh600236,2007-11-19,12.59,13.1,12.55,12.89,0.028731,3835835.0,49297889.0,7287723550.0,18248768520.0,0.00678454839989,37.184978968,2007-09-30,2007-10-31,53.2941757418,5.41559145328,12.6247127273,5.05815142195
sh600236,2007-11-20,12.85,13.06,12.8,13.0,0.008534,4063934.0,52761019.0,7349915140.0,18404498890.0,0.00718799346573,37.5023155785,2007-09-30,2007-10-31,53.7489882376,5.46180811074,12.7324520257,5.10131768619
sh600236,2007-11-21,13.05,13.1,12.59,12.6,-0.030769,3940771.0,50529659.0,7123763910.0,17838206620.0,0.00697015162593,36.3484068305,2007-09-30,2007-10-31,52.0951856185,5.29375373698,12.3406872093,4.9443552423
sh600236,2007-11-22,12.5,12.54,11.85,11.95,-0.051587,4416311.0,53639726.0,6756268150.0,16917981670.0,0.00781125249595,34.4733015673,2007-09-30,2007-10-31,49.407751278,5.02066486295,11.7040681782,4.68929078842
sh600236,2008-01-03,13.15,13.15,13.15,13.15,0.100418,9222086.0,121270431.0,7434724080.0,18616860720.0,0.0163113559555,37.9350415641,2007-09-30,2007-10-31,54.3691788459,5.52482998716,12.8793672966,5.16017999081
sh600236,2008-01-04,14.47,14.47,13.98,14.47,0.10038,21530081.0,311087865.0,8181023380.0,20485625440.0,0.0380808436303,41.7429610363,2007-09-30,2007-10-31,59.8267570184,6.07941242127,14.1721981858,5.67815885828
sh600236,2008-01-07,15.5,15.5,14.4,14.86,0.026952,47171988.0,698622799.0,8401520900.0,21037760480.0,0.0834343864669,42.8680173222,2007-09-30,2007-10-31,61.4392077736,6.24326474485,14.5541672713,5.83119659583
sh600236,2008-01-09,14.39,14.7,14.11,14.6,-0.017497,20586753.0,297400380.0,8446045240.0,20861193140.0,0.0355866663343,42.1179556231,2007-09-30,2007-10-31,60.3642059552,6.13402634161,14.2995130065,5.729168149
sh600236,2008-01-10,14.61,14.67,14.08,14.15,-0.030822,19583479.0,278654340.0,8185721920.0,20218211160.0,0.0338523871881,40.8197959949,2007-09-30,2007-10-31,58.5036603992,5.94496338171,13.8587734166,5.55258372831
sh600236,2008-01-11,14.1,14.1,13.6,13.9,-0.017668,16768700.0,231363100.0,8041097860.0,19860998950.0,0.028986704808,40.0985918392,2007-09-30,2007-10-31,57.4700177273,5.83992776868,13.6139166079,5.454480679
sh600236,2008-01-14,13.97,14.31,13.65,14.24,0.02446,16921425.0,237363052.0,8237786590.0,20346807550.0,0.0292507082294,41.0794033956,2007-09-30,2007-10-31,58.8757343609,5.9827724019,13.9469130082,5.5878972764
sh600236,2008-01-15,14.25,14.4,13.96,14.13,-0.007725,11793511.0,167248859.0,8174152000.0,20189634180.0,0.02038649519,40.7620650044,2007-09-30,2007-10-31,58.4209193129,5.93655548509,13.8391731052,5.54473076994
sh600236,2008-01-16,13.88,14.37,13.88,14.01,-0.008493,9550948.0,135372964.0,8104732450.0,20018172320.0,0.0165099566587,40.4158727863,2007-09-30,2007-10-31,57.9247504452,5.88613631936,13.721637008,5.49763937151
sh600236,2008-01-17,13.91,14.18,13.11,13.4,-0.04354,11286798.0,154104435.0,7751849740.0,19146574520.0,0.0195105811223,38.6561656852,2007-09-30,2007-10-31,55.4027068108,5.62985394401,13.1241969327,5.25827215328
sh600236,2008-01-18,13.4,13.85,13.15,13.59,0.014179,8279171.0,111889856.0,7861764020.0,19418055800.0,0.01431153792,39.2042714584,2007-09-30,2007-10-31,56.1882617907,5.70967964309,13.310284921,5.33282919414
sh600236,2008-01-21,13.66,13.9,13.25,13.3,-0.021339,8721140.0,119289059.0,7694000110.0,19003689640.0,0.0150755342269,38.3676915098,2007-09-30,2007-10-31,54.9892604723,5.58784078918,13.026256751,5.21903195197
sh600236,2008-01-22,13.01,13.2,11.97,12.1,-0.090226,12260642.0,152479572.0,6999804610.0,17289071020.0,0.0211939870419,34.9059281756,2007-09-30,2007-10-31,50.027799457,5.08367226614,11.8509497094,4.74813957507
sh600236,2008-01-23,12.2,12.57,11.7,12.47,0.030579,7537244.0,92349040.0,7213848230.0,17817745100.0,0.0130290282916,35.9733165533,2007-09-30,2007-10-31,51.5575995366,5.23912588036,12.2133399006,4.89333293513
sh600236,2008-01-24,12.47,12.68,12.25,12.39,-0.006415,8479940.0,105766912.0,7167568530.0,17703437190.0,0.0146585911471,35.7425477276,2007-09-30,2007-10-31,51.2268575355,5.20551688784,12.1349913251,4.86194220436
sh600236,2008-01-25,12.47,12.88,12.12,12.81,0.033898,6992805.0,87558891.0,7410536950.0,18303553700.0,0.0120879003309,36.9541486105,2007-09-30,2007-10-31,52.9633455523,5.38197349931,12.5463432611,5.0267523212
sh600236,2008-01-28,12.7,12.73,11.8,11.82,-0.077283,4685682.0,56714618.0,6837825660.0,16888993350.0,0.00809976211649,34.0982211434,2007-09-30,2007-10-31,48.870179318,4.96603844136,11.5767242148,4.63826982156
sh600236,2008-01-29,11.85,12.22,11.75,11.9,0.006768,3027701.0,36110654.0,6884105360.0,17003301260.0,0.00523374353178,34.3289979041,2007-09-30,2007-10-31,49.2009326916,4.99964858953,11.6550754843,4.66966163171
sh600236,2008-01-30,12.04,12.29,11.76,12.04,0.011765,2953348.0,35578038.0,6965094840.0,17203340090.0,0.00510521546897,34.7328785645,2007-09-30,2007-10-31,49.7797816647,5.05846945519,11.7921974474,4.72460020081
sh600236,2008-01-31,12.07,12.38,12.06,12.31,0.022425,4390081.0,53681711.0,7121288830.0,17589129280.0,0.00758878040199,35.5117633663,2007-09-30,2007-10-31,50.8960932685,5.17190563272,12.0566374751,4.83054936031
sh600236,2008-02-01,12.35,12.59,11.8,11.96,-0.028432,5967908.0,72772233.0,6918815140.0,17089032190.0,0.0103162432058,34.5020929102,2007-09-30,2007-10-31,49.4490155447,5.02485801177,11.7138431584,4.6932071809
sh600236,2008-02-04,12.3,12.8,12.23,12.78,0.068562,5094926.0,64110830.0,7393182060.0,18260688240.0,0.0088071893471,36.8676254044,2007-09-30,2007-10-31,52.8393389485,5.36937232677,12.5169676731,5.01498285164
sh600236,2008-02-05,12.66,12.78,12.45,12.59,-0.014867,3199491.0,40274752.0,7283267770.0,17989206960.0,0.00553070310773,36.3195144175,2007-09-30,2007-10-31,52.0537764964,5.28954586839,12.3308779147,4.94042510158
sh600236,2008-02-13,12.61,12.64,12.29,12.57,-0.001589,2303411.0,28810830.0,7271697850.0,17960629980.0,0.00398172158239,36.2618027091,2007-09-30,2007-10-31,51.9710630455,5.28114078,12.3112841497,4.93257476609
sh600236,2008-02-14,12.57,12.84,12.5,12.7,0.010342,1907164.0,24246923.0,7346902360.0,18146380330.0,0.00329676122169,36.6368222727,2007-09-30,2007-10-31,52.5085477795,5.33575833795,12.4386074503,4.98358745433
sh600236,2008-02-15,12.52,12.68,12.3,12.61,-0.007087,2018120.0,25113016.0,7294837700.0,18017783940.0,0.00348856194566,36.3771771132,2007-09-30,2007-10-31,52.1364197014,5.29794381861,12.3504550393,4.94826877004
sh600236,2008-02-18,12.7,12.86,12.58,12.67,0.004758,5585091.0,71145047.0,7329547470.0,18103514870.0,0.00965449821556,36.5502597219,2007-09-30,2007-10-31,52.3844847863,5.3231514353,12.4092185044,4.97181263284
sh600236,2008-02-19,12.68,13.05,12.52,12.9,0.018153,4580096.0,58682289.0,7462601610.0,18432150100.0,0.00791724407757,37.2137565867,2007-09-30,2007-10-31,53.3354203387,5.4197826033,12.6344830479,5.06206594757
sh600236,2008-02-20,12.96,13.28,12.82,13.07,0.013178,6442527.0,83985648.0,7560945970.0,18675054400.0,0.0111366789584,37.704159471,2007-09-30,2007-10-31,54.0382745079,5.49120449845,12.8009802655,5.12877385263
sh600236,2008-02-21,13.02,13.9,12.84,13.78,0.054323,12159309.0,164210801.0,7971678310.0,19689537080.0,0.0210188208184,39.7523625259,2007-09-30,2007-10-31,56.973795694,5.78950320042,13.4963679165,5.40738423462
sh600236,2008-02-22,13.8,14.65,13.78,14.0,0.015965,26680628.0,380953901.0,8098947490.0,20003883830.0,0.0461206585746,40.3870089936,2007-09-30,2007-10-31,57.8833823422,5.88193261902,13.7118374303,5.49371312393
sh600236,2008-02-25,14.06,14.22,13.15,13.21,-0.056429,9000689.0,122172048.0,7641935450.0,18875093240.0,0.0155587681246,38.1080104631,2007-09-30,2007-10-31,54.61708096,5.55002104326,12.9380921559,5.18370838606
sh600236,2008-02-26,13.55,13.88,13.0,13.36,0.011355,6753171.0,90091099.0,7728709890.0,19089420570.0,0.0116736642783,38.5407269219,2007-09-30,2007-10-31,55.2372579143,5.6130415322,13.0850041924,5.24256939478
sh600236,2008-02-27,13.5,14.0,13.36,13.76,0.02994,5653709.0,77745075.0,7960108390.0,19660960110.0,0.00977311262969,39.694636286,2007-09-30,2007-10-31,56.8910614163,5.78109599568,13.4767692179,5.39953192246
sh600236,2008-02-28,13.8,13.85,13.34,13.55,-0.015262,4794590.0,64767678.0,7838624170.0,19360901850.0,0.00828802262885,39.088816747,2007-09-30,2007-10-31,56.022790037,5.69286490859,13.2710867661,5.31712426626
sh600236,2008-02-29,13.5,13.7,13.39,13.46,-0.006642,3923998.0,52964224.0,7786559510.0,19232305450.0,0.00678310016281,38.8291888262,2007-09-30,2007-10-31,55.6506866655,5.65505289987,13.1829402078,5.28180792688
sh600236,2008-03-03,13.46,13.79,13.15,13.71,0.018574,6628111.0,89616022.0,7931183570.0,19589517660.0,0.0114574831118,39.5504021794,2007-09-30,2007-10-31,56.6843425197,5.76008985243,13.4278001392,5.37991222732
sh600236,2008-03-04,13.78,13.92,13.51,13.73,0.001459,5249932.0,71999535.0,7942753500.0,19618094640.0,0.00907513576495,39.6081062162,2007-09-30,2007-10-31,56.7670449754,5.76849382352,13.4473912996,5.38776151926
sh600236,2008-03-05,13.69,14.1,13.6,14.04,0.022578,9042431.0,125902097.0,8122087340.0,20061037780.0,0.0156309241609,40.5023780383,2007-09-30,2007-10-31,58.0487313169,5.89873487707,13.7510065004,5.50940639884
sh600236,2008-03-06,14.0,14.25,13.76,13.8,-0.017094,6334578.0,88549441.0,7983248240.0,19718114060.0,0.010950076181,39.8100303882,2007-09-30,2007-10-31,57.0564463037,5.79790190308,13.5159467952,5.41522860586
sh600236,2008-03-07,13.79,13.8,13.27,13.32,-0.034783,4491204.0,60438460.0,7705570040.0,19032266620.0,0.00776358361152,38.4253181012,2007-09-30,2007-10-31,55.0718519319,5.59623348119,13.0458216179,5.22687070926
sh600236,2008-03-10,13.3,13.3,12.52,12.69,-0.047297,4655375.0,60248684.0,7341117400.0,18132091840.0,0.00804737283591,36.6079158309,2007-09-30,2007-10-31,52.4671185511,5.33154842623,12.4287933928,4.97965540532
sh600236,2008-03-11,12.6,12.92,12.4,12.81,0.009456,2377655.0,30034333.0,7410536950.0,18303553700.0,0.00411006122168,36.954080283,2007-09-30,2007-10-31,52.9632476241,5.38196354815,12.5463200631,5.02674302684
sh600236,2008-03-12,13.05,13.1,12.41,12.42,-0.030445,2688942.0,34033306.0,7184923410.0,17746302650.0,0.0046481580574,35.8290133088,2007-09-30,2007-10-31,51.3507815502,5.21810966792,12.1643473488,4.87370383538
sh600236,2008-03-13,12.34,12.47,12.0,12.11,-0.02496,3447103.0,42190859.0,7005589580.0,17303359510.0,0.00595873007593,34.9347211366,2007-09-30,2007-10-31,50.0690660427,5.08786565061,11.860725239,4.75205618765
sh600236,2008-03-14,12.15,12.39,11.24,11.41,-0.057803,5642250.0,65741523.0,6600642200.0,16303165320.0,0.00975330438302,32.9153894508,2007-12-31,2008-03-14,48.3001807553,4.80503800444,10.6393394471,4.37109819149
sh600236,2008-03-17,11.41,11.61,10.27,10.27,-0.099912,6864098.0,73179894.0,5941156480.0,14674277640.0,0.0118654148729,29.62674706,2007-12-31,2008-03-14,43.4744130957,4.32495704734,9.5763417643,3.93437302898
sh600236,2008-03-18,10.1,10.28,9.24,9.24,-0.100292,5840140.0,55897056.0,5345305340.0,13202563330.0,0.010095380931,26.6554213438,2007-12-31,2008-03-14,39.1142772575,3.89119845515,8.61591129608,3.53978688916
sh600236,2008-03-19,9.61,9.9,9.29,9.51,0.029221,6137598.0,59085039.0,5501499330.0,13588352520.0,0.0106095726781,27.4343194109,2007-12-31,2008-03-14,40.2572355532,4.00490316521,8.86767684006,3.64322300185
sh600236,2008-03-20,9.49,10.08,8.98,9.97,0.04837,7716766.0,73533420.0,5767607600.0,14245622980.0,0.0133393535684,28.7613174408,2007-12-31,2008-03-14,42.2044780369,4.19862033131,9.29660636881,3.81944569845
sh600236,2008-03-21,10.12,10.58,10.12,10.55,0.058175,12614176.0,130754214.0,6103135430.0,15074355310.0,0.0218051128516,30.4345070829,2007-12-31,2008-03-14,44.6597235467,4.44287506908,9.83743644432,4.04164195196
sh600236,2008-03-24,10.79,10.79,10.03,10.11,-0.041706,6201202.0,65017350.0,5848597080.0,14445661820.0,0.0107195198032,29.1652055305,2007-12-31,2008-03-14,42.7971451165,4.25758052145,9.42715631997,3.87308123271
sh600236,2008-03-25,9.82,10.3,9.7,10.13,0.001978,4514545.0,45038074.0,5860167000.0,14474238800.0,0.00780393132994,29.2228943071,2007-12-31,2008-03-14,42.8817978695,4.26600201572,9.44580323517,3.88074218739
sh600236,2008-03-26,10.17,10.32,9.88,10.0,-0.012833,3524759.0,35455808.0,5784962490.0,14288488450.0,0.00609296776961,28.8478769044,2007-12-31,2008-03-14,42.3314957575,4.21125641185,9.32458524226,3.83094062289
sh600236,2008-03-27,9.9,9.9,9.19,9.23,-0.077,5121523.0,48550844.0,5339520380.0,13188274840.0,0.00885316543918,26.6265903828,2007-12-31,2008-03-14,39.0719705841,3.88698966814,8.6065921786,3.53595819493
sh600236,2008-03-28,9.1,9.48,8.74,9.46,0.024919,6026700.0,54901024.0,5472574520.0,13516910070.0,0.0104178722083,27.2900983885,2007-12-31,2008-03-14,40.0456050191,3.98384956368,8.8210598491,3.62407073719
sh600236,2008-03-31,8.9,9.2,8.89,9.01,-0.047569,4399986.0,39749557.0,5302087890.0,12963764780.0,0.00747703068724,25.9919356983,2007-12-31,2008-03-14,38.140675634,3.79434182379,8.40145085314,3.45167731629
sh600236,2008-04-01,9.04,9.13,8.11,8.12,-0.098779,4989364.0,41878969.0,4778352230.0,11683215310.0,0.00847857875057,23.424478282,2007-12-31,2008-03-14,34.3731778355,3.41954053277,7.57156393932,3.11072408267
sh600236,2008-04-02,8.16,8.38,7.48,7.6,-0.064039,5316061.0,41864353.0,4472349380.0,10935029110.0,0.00903374494414,21.9243981173,2007-12-31,2008-03-14,32.1719539001,3.2005565766,7.08668855621,2.91151642314
sh600236,2008-04-03,7.58,7.9,7.35,7.88,0.036842,4349757.0,33408303.0,4637120150.0,11337898610.0,0.00739167501623,22.7321367927,2007-12-31,2008-03-14,33.3572330257,3.31847148199,7.347776336,3.0187825112
sh600236,2008-04-07,7.8,8.41,7.6,8.4,0.06599,5740790.0,46922254.0,4943123000.0,12086084810.0,0.00975549991372,24.2322304996,2007-12-31,2008-03-14,35.5584768331,3.53745741509,7.83265609641,3.21799196911
sh600236,2008-04-08,8.41,8.61,8.2,8.49,0.010714,4652485.0,39435986.0,4996085030.0,12215578570.0,0.00790610996667,24.4918546172,2007-12-31,2008-03-14,35.9394503538,3.57535773383,7.91657517382,3.25246953507
sh600236,2008-04-09,8.42,8.6,7.86,7.95,-0.063604,4219569.0,34869298.0,4678312840.0,11438615980.0,0.00717044257134,22.9340746961,2007-12-31,2008-03-14,33.6535575535,3.34795068053,7.41304932647,3.04559946276
sh600236,2008-04-10,7.85,8.04,7.7,8.0,0.006289,4033329.0,31769665.0,4707736190.0,11510556960.0,0.00685395924872,23.0783070919,2007-12-31,2008-03-14,33.865204777,3.36900594236,7.45966999368,3.06475323778
sh600236,2008-04-11,8.04,8.3,7.92,8.27,0.03375,5573623.0,45277608.0,4866622290.0,11899038260.0,0.00947142791515,23.8571999563,2007-12-31,2008-03-14,35.0081554382,3.48270989291,7.71143385597,3.16818865956
sh600236,2008-04-14,8.16,8.64,8.08,8.41,0.016929,14901781.0,124992580.0,4949007670.0,12100473000.0,0.0253230519261,24.2610784943,2007-12-31,2008-03-14,35.6008085016,3.54166868869,7.84198071972,3.22182292538
sh600236,2008-04-15,8.38,8.47,7.83,8.44,0.003567,6111142.0,50054401.0,4966661680.0,12143637590.0,0.0103848503891,24.3476177613,2007-12-31,2008-03-14,35.7277965856,3.5543018209,7.86995306494,3.23331516775
sh600236,2008-04-16,8.4,8.45,7.99,8.03,-0.048578,4757607.0,38788554.0,4725390200.0,11553721550.0,0.00808474699296,23.1648591857,2007-12-31,2008-03-14,33.992211683,3.38164094705,7.48764648496,3.07624718353
sh600236,2008-04-17,7.95,8.15,7.3,7.45,-0.072229,5335265.0,41104672.0,4384079330.0,10719206170.0,0.00906637888097,21.4916845716,2007-12-31,2008-03-14,31.5369882254,3.13738840308,6.94682126699,2.85405292571
sh600236,2008-04-18,7.4,7.41,6.9,7.0,-0.060403,4404486.0,31197087.0,4119269170.0,10071737340.0,0.00748467767645,20.1935223484,2007-12-31,2008-03-14,29.6320595256,2.94788073137,6.527212422,2.68165956684
sh600236,2008-04-21,7.6,7.68,7.0,7.02,0.002857,4981324.0,36243851.0,4131038510.0,10100513730.0,0.00846491612106,20.2512152417,2007-12-31,2008-03-14,29.7167183197,2.95630282662,6.54586066789,2.68932106822
sh600236,2008-04-22,7.12,7.12,6.52,6.85,-0.024217,5103037.0,34671678.0,4030999110.0,9855914400.0,0.00867174675462,19.7607915622,2007-12-31,2008-03-14,28.9970685521,2.88471004107,6.3873395601,2.62419377991
sh600236,2008-04-23,6.76,7.23,6.7,7.13,0.040876,8134843.0,57229187.0,4195769880.0,10258783890.0,0.0138237873498,20.5685336781,2007-12-31,2008-03-14,30.1823527262,3.00262544871,6.64842845196,2.73146032486
sh600236,2008-04-24,7.8,7.84,7.42,7.84,0.099579,21144911.0,163498404.0,4613581470.0,11280345820.0,0.0359321935286,22.6167276933,2007-12-31,2008-03-14,33.1878812284,3.30162388827,7.31047230877,3.00345641255
sh600236,2008-04-25,7.76,8.14,7.63,7.9,0.007653,11882660.0,93811406.0,4648889490.0,11366675000.0,0.0201925673221,22.7898135103,2007-12-31,2008-03-14,33.4418680834,3.32689121588,7.36641935335,3.02644186448
sh600236,2008-04-28,7.75,7.89,7.52,7.71,-0.024051,8942508.0,69085888.0,4537080760.0,11093299270.0,0.0151962771498,22.2416957056,2007-12-31,2008-03-14,32.6375577141,3.24687615525,7.18924960149,2.95365291119
sh600236,2008-04-29,7.35,8.42,7.24,8.41,0.090791,20960051.0,165055504.0,4949007670.0,12100473000.0,0.035618055308,24.2610415004,2008-03-31,2008-04-29,47.2079394661,3.67494600102,8.30295006481,3.19446586328
sh600236,2008-04-30,8.2,8.65,8.1,8.41,0.0,20697619.0,173768142.0,4949007670.0,12100473000.0,0.0351720965892,24.2610415004,2008-03-31,2008-04-29,47.2079394661,3.67494600102,8.30295006481,3.19446586328
sh600236,2008-05-05,8.42,8.73,8.36,8.57,0.019025,11876307.0,101378318.0,5043162400.0,12330684140.0,0.0201817714595,24.7226078149,2008-03-31,2008-04-29,48.1060705144,3.74486184869,8.4609136898,3.25524057633
sh600236,2008-05-06,8.56,9.08,8.4,8.73,0.01867,14562909.0,128908989.0,5137317120.0,12560895280.0,0.0247471963674,25.1841789028,2008-03-31,2008-04-29,49.0042108509,3.8147784194,8.61887894839,3.31601591789
sh600236,2008-05-07,8.78,9.03,8.15,8.23,-0.057274,12610696.0,108453779.0,4843083610.0,11841485470.0,0.0214297411397,23.7417802403,2008-03-31,2008-04-29,46.1975436786,3.59629080021,8.1252412755,3.1260944222
sh600236,2008-05-09,8.57,9.05,8.56,8.97,0.089915,26787294.0,238729309.0,5278549210.0,12906211990.0,0.0455204673899,25.8765224107,2008-03-31,2008-04-29,50.3513958185,3.91965128751,8.85582234478,3.40717720218
sh600236,2008-05-12,8.68,9.35,8.4,9.19,0.024526,19827374.0,176314578.0,5408011950.0,13222752310.0,0.0336932626526,26.5111699993,2008-03-31,2008-04-29,51.5863141523,4.01578465499,9.07302024361,3.49074163024
sh600236,2008-05-13,8.75,9.25,8.55,8.95,-0.026115,17293194.0,153314222.0,5266779860.0,12877435600.0,0.0293868531464,25.8188307948,2008-03-31,2008-04-29,50.2391375583,3.91091243872,8.83607831995,3.39958091256
sh600236,2008-05-14,8.52,8.87,8.06,8.49,-0.051397,32390160.0,270861801.0,4996085030.0,12215578570.0,0.0550415889139,24.4918203484,2008-03-31,2008-04-29,47.6569966052,3.70990327211,8.38193040254,3.2248526524
sh600236,2008-05-15,8.4,8.98,8.27,8.42,-0.008245,28056401.0,243071483.0,4954892340.0,12114861200.0,0.0476770997652,24.2898852896,2008-03-31,2008-04-29,47.2640646682,3.67931511963,8.31282138637,3.19826374228
sh600236,2008-05-16,8.49,8.55,7.91,8.11,-0.036817,16871041.0,137060982.0,4772467560.0,11668827120.0,0.0286694756517,23.3956045829,2008-03-31,2008-04-29,45.5239435993,3.54385377487,8.00676824139,3.08051326608
sh600236,2008-05-19,8.05,8.18,7.96,8.13,0.002466,9734097.0,78886665.0,4784236910.0,11697603510.0,0.0165414485317,23.4532981438,2008-03-31,2008-04-29,45.6362056442,3.55259291828,8.02651293187,3.0881098118
sh600236,2008-05-20,8.08,8.22,7.45,7.51,-0.076261,16445391.0,129757896.0,4419387350.0,10805535350.0,0.0279461555706,21.6647261741,2008-03-31,2008-04-29,42.1559429656,3.28166862974,7.41440302917,2.85260746944
sh600236,2008-05-21,7.38,7.76,7.3,7.71,0.026631,11769967.0,88653856.0,4537080760.0,11093299270.0,0.0200010646427,22.2416794968,2008-03-31,2008-04-29,43.2785978827,3.36906274702,7.61185599624,2.92857525896
sh600236,2008-05-22,7.69,7.97,7.53,7.76,0.006485,11890759.0,91610968.0,4566504110.0,11165240250.0,0.0202063301855,22.3859167884,2008-03-31,2008-04-29,43.5592595899,3.39091111893,7.66121888238,2.94756706951
sh600236,2008-05-23,7.71,7.71,7.35,7.48,-0.036082,5639107.0,42417869.0,4401733340.0,10762370760.0,0.00958270687974,21.5781881388,2008-03-31,2008-04-29,41.9875543854,3.26856026394,7.38478678266,2.84121295451
sh600236,2008-05-26,7.47,7.47,7.19,7.25,-0.030749,4754493.0,34679173.0,4266385920.0,10431442250.0,0.0080794552805,20.9146804317,2008-03-31,2008-04-29,40.6964790756,3.16805530438,7.15771197388,2.75384849737
sh600236,2008-05-27,7.42,7.76,7.38,7.5,0.034483,6064606.0,45649048.0,4413502680.0,10791147150.0,0.0103057703366,21.6358813571,2008-03-31,2008-04-29,42.0998157636,3.27729935544,7.40453135588,2.84880945511
sh600236,2008-05-28,7.41,7.55,7.3,7.47,-0.004,8276150.0,61526143.0,4395848670.0,10747982560.0,0.0140639146479,21.5493378316,2008-03-31,2008-04-29,41.9314165005,3.26419015802,7.37491323046,2.83741421729
sh600236,2008-05-29,7.52,7.69,7.42,7.59,0.016064,7030086.0,53340480.0,4466464710.0,10920640920.0,0.0119464400156,21.8955063945,2008-03-31,2008-04-29,42.6050027752,3.31662610872,7.49338383659,2.88299443927
sh600236,2008-05-30,7.6,7.66,7.27,7.56,-0.003953,4766110.0,35845426.0,4448810700.0,10877476330.0,0.00809919639871,21.8089534578,2008-03-31,2008-04-29,42.4365851992,3.30351548571,7.46376249028,2.87159796225
sh600236,2008-06-02,7.5,8.28,7.5,8.08,0.068783,18262970.0,145953509.0,4754813550.0,11625662530.0,0.0310348231425,23.3090387035,2008-03-31,2008-04-29,45.355500839,3.53074119137,7.97714246565,3.06911508489
sh600236,2008-06-03,8.02,8.25,7.89,8.16,0.009901,12573876.0,101654302.0,4801890920.0,11740768100.0,0.0213671717807,23.5398214957,2008-03-31,2008-04-29,45.8045656528,3.5656990599,8.05612415321,3.09950239335
sh600236,2008-06-04,8.16,8.56,7.97,8.47,0.03799,24545356.0,204829897.0,4984315690.0,12186802180.0,0.0417106736913,24.4340993143,2008-03-31,2008-04-29,47.5446811019,3.70115996719,8.36217630979,3.21725248927
sh600236,2008-06-05,8.47,8.79,8.37,8.61,0.016529,16970545.0,146207718.0,5066701080.0,12388236930.0,0.0288385657932,24.8379705418,2008-03-31,2008-04-29,48.3305471359,3.76233644028,8.50039472201,3.27043045567
sh600236,2008-06-06,8.67,8.96,8.5,8.81,0.023229,20931101.0,183901264.0,5184394480.0,12676000850.0,0.0355688596848,25.4149317596,2008-03-31,2008-04-29,49.4532174153,3.84973175346,8.69785039101,3.34639928472
sh600236,2008-06-10,8.45,8.7,7.93,8.03,-0.088536,16847995.0,137509762.0,4725390200.0,11553721550.0,0.0286303128681,23.1647953613,2008-03-31,2008-04-29,45.0748273582,3.50889190293,7.92777750879,3.05012247765
sh600236,2008-06-11,8.08,8.83,8.06,8.83,0.099626,31993634.0,275187592.0,5196163820.0,12704777240.0,0.0543677601412,25.472611264,2008-03-31,2008-04-29,49.5654521086,3.85846876765,8.71759027088,3.35399397961
sh600236,2008-06-12,8.6,9.0,8.4,8.56,-0.030578,33682817.0,293290600.0,5037277730.0,12316295950.0,0.05723824037,24.6937097567,2008-03-31,2008-04-29,48.049839714,3.74048450968,8.45102379558,3.2514355517
sh600236,2008-06-13,8.49,8.56,7.7,7.7,-0.100467,21892802.0,172116193.0,4531196080.0,11078911070.0,0.0372031076174,22.2128068186,2008-03-31,2008-04-29,43.2224164675,3.36468925244,7.60197478791,2.92477357613
sh600236,2008-06-16,7.7,7.7,7.0,7.43,-0.035065,10075586.0,73515103.0,4372309990.0,10690429780.0,0.017121751237,21.4339147475,2008-03-31,2008-04-29,41.706822434,3.24670642381,7.33541154197,2.82221639068
sh600236,2008-06-17,7.39,7.39,6.69,6.69,-0.099596,9648059.0,67219445.0,3936844390.0,9625703260.0,0.0163952415478,19.2991825743,2008-03-31,2008-04-29,37.5529897469,2.92334745082,6.60483389404,2.54113492703
sh600236,2008-06-18,6.65,7.16,6.48,7.0,0.046338,15543024.0,105709502.0,4119269170.0,10071737340.0,0.0264127357329,20.1934680964,2008-03-31,2008-04-29,39.2931201858,3.058809525,6.91088868702,2.65888603728
sh600236,2008-06-19,6.9,6.96,6.3,6.3,-0.1,10648194.0,70330277.0,3707342250.0,9064563610.0,0.0180948015253,18.1741212868,2008-03-31,2008-04-29,35.3638081672,2.7529285725,6.21979981832,2.39299743355
sh600236,2008-06-20,6.68,6.8,6.33,6.8,0.098412,17980484.0,120602518.0,4001575760.0,9783973420.0,0.0305547860476,19.9626729109,2008-03-31,2008-04-29,38.8440312566,3.02384977917,6.83190275804,2.62849709698
sh600236,2008-06-23,6.74,6.94,6.6,6.77,-0.004412,8770337.0,59331657.0,3983921750.0,9740808830.0,0.0149037017331,19.874597598,2008-03-31,2008-04-29,38.6726513907,3.01050855395,6.80176040307,2.61690016779
sh600236,2008-06-24,6.75,6.8,6.4,6.75,-0.002954,6697958.0,44281031.0,3972152410.0,9712032440.0,0.0113820447539,19.8158880367,2008-03-31,2008-04-29,38.5584123785,3.00161551168,6.78166800284,2.6091698447
sh600236,2008-06-25,6.7,7.18,6.67,7.09,0.05037,9110326.0,63950518.0,4172231200.0,10201231110.0,0.0154814554237,20.8140143171,2008-03-31,2008-04-29,40.50059961,3.152806885,7.12326062014,2.74059372977
sh600236,2008-06-26,7.11,7.42,7.1,7.37,0.039492,8620652.0,62637903.0,4337001970.0,10604100600.0,0.0146493374178,21.6360013705,2008-03-31,2008-04-29,42.1000492898,3.27731753451,7.40457242855,2.84882525735
sh600236,2008-06-27,7.1,7.2,6.72,6.86,-0.069199,6676003.0,46423433.0,4320372530.0,10152062620.0,0.0106003313978,20.1388117117,2008-03-31,2008-04-29,39.186767979,3.05053043843,6.89218342107,2.65168939837
sh600236,2008-06-30,6.79,6.89,6.44,6.59,-0.039359,4166517.0,27551213.0,4150328710.0,9752491640.0,0.0066157041884,19.3461682215,2008-03-31,2008-04-29,37.6444159781,2.93046461091,6.6209139738,2.54732155534
sh600236,2008-07-01,6.62,6.76,6.44,6.72,0.019727,3690508.0,24417016.0,4232201660.0,9944877670.0,0.00585988470124,19.727810082,2008-03-31,2008-04-29,38.3870273721,2.98827388629,6.75152474376,2.59757256766
sh600236,2008-07-02,6.6,6.8,6.46,6.65,-0.010417,3702897.0,24595672.0,4188116230.0,9841285190.0,0.00587955627249,19.5223054844,2008-03-31,2008-04-29,37.9871497079,2.95714503721,6.6811941105,2.57051365422
sh600236,2008-07-03,6.51,7.05,6.5,6.87,0.033083,11211735.0,76244799.0,4326670450.0,10166861540.0,0.0178022847684,20.1681619167,2008-03-31,2008-04-29,39.2438785817,3.05497626648,6.90222805526,2.65555395744
sh600236,2008-07-04,6.88,7.16,6.73,6.86,-0.001456,5942423.0,41191038.0,4320372530.0,10152062620.0,0.00943553397234,20.138797073,2008-03-31,2008-04-29,39.1867394945,3.05052822104,6.89217841121,2.65168747088
sh600236,2008-07-07,6.85,7.33,6.81,7.24,0.055394,5871907.0,41908815.0,5053835590.0,10714421770.0,0.00841194888969,21.254365598,2008-03-31,2008-04-29,41.3574497421,3.21950918131,7.27396374212,2.79857504664
sh600236,2008-07-08,7.26,7.37,7.04,7.3,0.008287,6835271.0,49453541.0,5095718210.0,10803215320.0,0.00979204034518,21.4305005258,2008-03-31,2008-04-29,41.7001789281,3.2461892539,7.33424307965,2.82176683806
sh600236,2008-07-09,7.3,7.45,7.26,7.43,0.017808,7654706.0,56444730.0,5186463870.0,10995601350.0,0.0109659426934,21.8121348791,2008-03-31,2008-04-29,42.4427757144,3.30399739213,7.46485128042,2.87201686191
sh600236,2008-07-10,7.34,7.4,7.12,7.2,-0.030956,8886714.0,64481731.0,5025913850.0,10655226070.0,0.0127308869013,21.1369184318,2008-03-31,2008-04-29,41.1289171494,3.20171884886,7.23376934418,2.78311070793
sh600236,2008-07-11,7.19,7.3,6.94,7.12,-0.011111,5967648.0,42097707.0,4970070360.0,10536834670.0,0.00854910507947,20.9020661311,2008-03-31,2008-04-29,40.671933751,3.16614455073,7.153394933,2.75218756485
sh600236,2008-07-14,7.01,7.14,6.95,7.13,0.001404,3773822.0,26638836.0,4977050800.0,10551633600.0,0.00540628415125,20.931412632,2008-03-31,2008-04-29,40.729037146,3.17058981768,7.16343829948,2.7560516362
sh600236,2008-07-15,7.1,7.15,6.72,6.83,-0.042076,6490627.0,44937926.0,4767637720.0,10107665840.0,0.00929831187131,20.050702514,2008-03-31,2008-04-29,39.015322179,3.03718408051,6.86202946959,2.64008800755
sh600236,2008-07-16,6.84,6.88,6.3,6.33,-0.073206,6616014.0,43000999.0,4418615920.0,9367719590.0,0.00947793820016,18.5828707858,2008-03-31,2008-04-29,36.1591665036,2.81484398271,6.35968774024,2.44681772487
sh600236,2008-07-17,6.4,6.55,6.0,6.02,-0.048973,6335491.0,39728095.0,4202222410.0,8908952910.0,0.00907606787524,17.6728118548,2008-03-31,2008-04-29,34.3883436424,2.67699262835,6.04823475254,2.32698972043
sh600236,2008-07-18,6.13,6.25,5.99,6.19,0.028239,4979030.0,30390746.0,4320889820.0,9160534640.0,0.00713283536121,18.1718743888,2008-03-31,2008-04-29,35.3594360785,2.75258822318,6.21903085372,2.39270158315
sh600236,2008-07-21,6.2,6.45,6.1,6.41,0.035541,3621137.0,22886716.0,4474459410.0,9486110990.0,0.00518755139853,18.8177209764,2008-03-31,2008-04-29,36.6161457962,2.85041796122,6.44006142929,2.47774059011
sh600236,2008-07-22,6.39,6.56,6.37,6.44,0.00468,4097683.0,26536676.0,4495400720.0,9530507760.0,0.00587023942106,18.9057879106,2008-03-31,2008-04-29,36.7875093585,2.86375791728,6.47020091678,2.48933641607
sh600236,2008-07-23,6.44,6.55,6.41,6.44,0.0,5689470.0,36878777.0,4495400720.0,9530507760.0,0.0081505941477,18.9057879106,2008-03-31,2008-04-29,36.7875093585,2.86375791728,6.47020091678,2.48933641607
sh600236,2008-07-24,6.48,6.59,6.36,6.58,0.021739,4732656.0,30651789.0,4593126820.0,9737692720.0,0.00677988605592,19.316780834,2008-03-31,2008-04-29,37.5872330244,2.92601315064,6.61085661451,2.54345210042
sh600236,2008-07-25,6.5,6.57,6.43,6.52,-0.009119,3066956.0,19982388.0,4551244210.0,9648899170.0,0.00439364538516,19.1406311096,2008-03-31,2008-04-29,37.2444750465,2.89933083672,6.55057221304,2.52025836072
sh600236,2008-07-28,6.6,6.7,6.46,6.69,0.026074,8620607.0,56602357.0,4669911620.0,9900480890.0,0.0123496685854,19.6397039251,2008-03-31,2008-04-29,38.2155874889,2.97492798896,6.72137183292,2.58597157722
sh600236,2008-07-29,6.57,6.57,6.13,6.23,-0.068759,13341160.0,83938804.0,4348811570.0,9219730340.0,0.0191122161681,18.2892975229,2008-03-31,2008-04-29,35.5879219087,2.77037491537,6.25921702706,2.40816275754
sh600236,2008-07-30,6.32,6.39,6.24,6.31,0.012841,5627435.0,35436480.0,4404655050.0,9338121740.0,0.00806172434547,18.5241503924,2008-03-31,2008-04-29,36.0449064139,2.80594929965,6.33959163291,2.43908597551
sh600236,2008-07-31,6.34,6.35,6.15,6.2,-0.017433,3289604.0,20511798.0,4327870260.0,9175333560.0,0.00471260540976,18.2012188786,2008-03-31,2008-04-29,35.4165355604,2.75703318551,6.22907353197,2.3965653897
sh600236,2008-08-01,6.2,6.3,6.09,6.23,0.004839,3042817.0,18841087.0,4348811570.0,9219730340.0,0.00435906444896,18.2892945768,2008-03-31,2008-04-29,35.587916176,2.7703744691,6.25921601879,2.40816236962
sh600236,2008-08-04,6.24,6.26,6.12,6.13,-0.016051,2031379.0,12550859.0,4279007210.0,9071741090.0,0.0029101033625,17.9957331095,2008-03-31,2008-04-29,35.0166945335,2.72590718849,6.15874934247,2.36950895542
sh600236,2008-08-05,6.13,6.21,6.0,6.03,-0.016313,3145488.0,19185839.0,4209202850.0,8923751840.0,0.00450614838864,17.7021687153,2008-03-31,2008-04-29,34.4454671955,2.68143946453,6.05828166445,2.33085515583
sh600236,2008-08-06,6.05,6.14,5.96,6.04,0.001658,2683164.0,16192169.0,4216183280.0,8938550760.0,0.00384383445494,17.731518911,2008-03-31,2008-04-29,34.5025777801,2.68588529116,6.06832629545,2.33471971368
sh600236,2008-08-07,6.08,6.08,5.86,5.95,-0.014901,3224745.0,19223516.0,4153359360.0,8805360430.0,0.00461969001161,17.4673015478,2008-03-31,2008-04-29,33.9884548686,2.64586291444,5.97790216532,2.29993005523
sh600236,2008-08-08,5.83,6.1,5.81,5.95,0.0,7930840.0,47039882.0,4153359360.0,8805360430.0,0.0113615254328,17.4673015478,2008-03-31,2008-04-29,33.9884548686,2.64586291444,5.97790216532,2.29993005523
sh600236,2008-08-11,5.9,5.9,5.36,5.36,-0.09916,4232557.0,23469556.0,3741513640.0,7932223850.0,0.00606345658545,15.7352439263,2008-03-31,2008-04-29,30.6181596839,2.38349914784,5.38513338661,2.07186899095
sh600236,2008-08-12,5.35,5.35,5.06,5.17,-0.035448,2147748.0,11185991.0,3608885360.0,7651044280.0,0.0030768107192,15.1774609996,2008-03-31,2008-04-29,29.5328071594,2.29900887005,5.19424117832,1.99842537896
sh600236,2008-08-13,5.17,5.4,5.1,5.28,0.021277,2942473.0,15525212.0,3685670160.0,7813832450.0,0.00421531411264,15.5003918373,2008-03-31,2008-04-29,30.1611766973,2.34792488178,5.30475904787,2.04094587575
sh600236,2008-08-14,5.35,5.36,5.25,5.31,0.005682,1614700.0,8570880.0,3706611460.0,7858229230.0,0.00231317932633,15.5884650637,2008-03-31,2008-04-29,30.3325525033,2.36126579095,5.33490068878,2.05254253021
sh600236,2008-08-15,5.36,5.43,5.26,5.36,0.009416,1593833.0,8524692.0,3741513640.0,7932223850.0,0.00228328577736,15.7352460507,2008-03-31,2008-04-29,30.6181638177,2.38349946964,5.38513411367,2.07186927068
sh600236,2008-08-18,5.36,5.39,5.09,5.12,-0.044776,2529236.0,13235512.0,3573983180.0,7577049650.0,0.00362332100287,15.0306846736,2008-03-31,2008-04-29,29.2472049146,2.27677589739,5.14400934859,1.97909925222
sh600236,2008-08-19,5.1,5.48,5.06,5.47,0.068359,6351427.0,33915995.0,3818298440.0,8095012030.0,0.00909889738477,16.0581672472,2008-06-30,2008-08-19,38.8337107847,2.55335794577,5.34481377184,2.06564912363
sh600236,2008-08-20,5.42,5.78,5.22,5.73,0.047532,9806535.0,54755610.0,3999789770.0,8479784080.0,0.0140485997468,16.8214440527,2008-06-30,2008-08-19,40.6795547257,2.67472415565,5.59886346004,2.16383355777
sh600236,2008-08-21,5.55,5.69,5.29,5.31,-0.073298,4622309.0,25238290.0,3706611460.0,7858229230.0,0.00662180567207,15.5884658466,2008-06-30,2008-08-19,37.6978247234,2.47867222449,5.18847796615,2.00522888566
sh600236,2008-08-22,5.3,5.34,5.1,5.16,-0.028249,2668756.0,13798551.0,3601904920.0,7636245350.0,0.00382319391152,15.1481072749,2008-06-30,2008-08-19,36.6328988728,2.40865221282,5.04190865208,1.94858317486
sh600236,2008-08-25,5.13,5.27,5.1,5.21,0.00969,2073674.0,10807271.0,3636807100.0,7710239980.0,0.00297069413992,15.2948924344,2008-06-30,2008-08-19,36.9878716629,2.43199205276,5.09076474692,1.96746494583
sh600236,2008-08-26,5.19,5.19,4.93,5.01,-0.038388,3322833.0,16652614.0,3497198390.0,7414261480.0,0.00476020845074,14.7077521036,2008-06-30,2008-08-19,35.5679812455,2.33863274184,4.89534046981,1.89193790149
sh600236,2008-08-27,4.96,5.06,4.93,4.98,-0.005988,2988451.0,14870975.0,3476257080.0,7369864700.0,0.00428118106271,14.619682084,2008-06-30,2008-08-19,35.3550001738,2.32462900898,4.86602717108,1.88060897733
sh600236,2008-08-28,4.99,5.05,4.92,4.98,0.0,1246320.0,6210996.0,3476257080.0,7369864700.0,0.00178544723741,14.619682084,2008-06-30,2008-08-19,35.3550001738,2.32462900898,4.86602717108,1.88060897733
sh600236,2008-08-29,4.99,5.14,4.99,5.1,0.024096,1427599.0,7227969.0,3560022310.0,7547451800.0,0.00204514305417,14.9719579435,2008-06-30,2008-08-19,36.206914258,2.38064326959,4.98327896179,1.92592413125
sh600236,2008-09-01,5.09,5.09,4.97,5.03,-0.013725,1386030.0,6943556.0,3511159260.0,7443859330.0,0.00198559233112,14.7664678207,2008-06-30,2008-08-19,35.7099743598,2.34796894071,4.91488345804,1.89949082255
sh600236,2008-09-02,5.04,5.06,4.91,5.04,0.001988,1079694.0,5401444.0,3518139690.0,7458658250.0,0.00154674294925,14.7958235587,2008-06-30,2008-08-19,35.7809657888,2.35263670296,4.92465424636,1.90326701031
sh600236,2008-09-03,5.02,5.07,4.95,4.98,-0.011905,1199662.0,5986847.0,3476257080.0,7369864700.0,0.00171860613945,14.6196792793,2008-06-30,2008-08-19,35.3549933911,2.32462856302,4.86602623756,1.88060861655
sh600236,2008-09-04,5.0,5.18,4.96,5.13,0.03012,2103319.0,10706009.0,3580963620.0,7591848580.0,0.0030131628285,15.0600240192,2008-06-30,2008-08-19,36.4198857921,2.39464637533,5.01259094783,1.93725254808
sh600236,2008-09-05,5.0,5.04,4.92,4.92,-0.040936,2457582.0,12206999.0,3434374460.0,7281071150.0,0.00352067125493,14.4435268759,2008-06-30,2008-08-19,34.9290013473,2.29661913131,4.80739552479,1.85794917777
sh600236,2008-09-08,4.96,4.99,4.58,4.71,-0.042683,2252018.0,10620111.0,3287785310.0,6970293720.0,0.00322618534359,13.8270338183,2008-06-30,2008-08-19,33.4381267828,2.19859253693,4.60220146161,1.77864633302
sh600236,2008-09-09,4.73,4.86,4.64,4.81,0.021231,3062026.0,14663951.0,3357589670.0,7118282970.0,0.00438658278931,14.1205955733,2008-06-30,2008-08-19,34.1480516525,2.24527085508,4.69991080084,1.81640877331
sh600236,2008-09-10,4.81,5.06,4.77,5.0,0.039501,6374930.0,31760378.0,3490217950.0,7399462550.0,0.0091325672083,14.678373219,2008-06-30,2008-08-19,35.4969338408,2.33396129913,4.88556197738,1.88815873627
sh600236,2008-09-11,5.06,5.08,4.85,4.89,-0.022,3756574.0,18529498.0,3413433160.0,7236674370.0,0.00538157508847,14.3554490082,2008-06-30,2008-08-19,34.7160012963,2.28261415055,4.77807961388,1.84661924407
sh600236,2008-09-12,4.95,5.05,4.9,4.93,0.00818,2069946.0,10283187.0,3441354900.0,7295870070.0,0.00296535349493,14.4728765811,2008-06-30,2008-08-19,34.9999781869,2.3012859343,4.81716430512,1.86172458949
sh600236,2008-09-16,4.86,4.89,4.44,4.47,-0.093306,5609671.0,25952672.0,3120254850.0,6615119520.0,0.00803627606572,13.1224703588,2008-06-30,2008-08-19,31.7342702222,2.08656214891,4.36769397247,1.68801451494
sh600236,2008-09-17,4.5,4.52,4.23,4.3,-0.038031,4092338.0,17934891.0,3001587440.0,6363537790.0,0.00586258230078,12.6234096886,2008-06-30,2008-08-19,30.5273841914,2.00720810383,4.201586203,1.62381763492
sh600236,2008-09-19,4.7,4.73,4.49,4.73,0.1,6596396.0,30924519.0,3301746180.0,6999891570.0,0.00944983393,13.8857506575,2008-06-30,2008-08-19,33.5801226105,2.20792891421,4.6217448233,1.78619939841
sh600236,2008-09-22,4.91,5.18,4.73,5.01,0.059197,11520060.0,57329734.0,3497198390.0,7414261480.0,0.0165033533028,14.7077454391,2008-06-30,2008-08-19,35.5679651287,2.33863168215,4.8953382516,1.8919370442
sh600236,2008-09-23,4.8,4.85,4.55,4.62,-0.077844,5653511.0,26414802.0,3224961390.0,6837103400.0,0.00809908016294,13.5628357032,2008-06-30,2008-08-19,32.7992124512,2.15658323748,4.51426554075,1.74466109693
sh600236,2008-09-24,4.63,4.9,4.49,4.89,0.058442,4325362.0,20145499.0,3413433160.0,7236674370.0,0.00619640672267,14.3554749473,2008-06-30,2008-08-19,34.7160640253,2.28261827505,4.77808824748,1.84662258076
sh600236,2008-09-25,4.8,5.16,4.78,5.1,0.042945,11474226.0,57458140.0,3560022310.0,7547451800.0,0.0164376926615,14.9719708189,2008-06-30,2008-08-19,36.2069453949,2.38064531687,4.98328324727,1.92592578749
sh600236,2008-09-26,5.11,5.22,5.0,5.15,0.009804,6820653.0,34891344.0,3594924490.0,7621446430.0,0.00977109896125,15.1187560208,2008-06-30,2008-08-19,36.5619182875,2.40398516355,5.03213935622,1.94480756391
sh600236,2008-10-06,5.04,5.04,4.71,4.71,-0.085437,3666551.0,17721562.0,3287785310.0,6970293720.0,0.00525261036889,13.8270548627,2008-06-30,2008-08-19,33.4381776748,2.19859588314,4.60220846605,1.77864904007
sh600236,2008-10-07,4.65,4.93,4.53,4.87,0.03397,3213836.0,15271269.0,3399472280.0,7207076520.0,0.00460406205165,14.2967599164,2008-06-30,2008-08-19,34.5740725704,2.27328218529,4.75854548764,1.83906974796
sh600236,2008-10-08,4.76,4.92,4.75,4.83,-0.008214,3271215.0,15847312.0,3371550540.0,7147880820.0,0.00468626178447,14.1793263304,2008-06-30,2008-08-19,34.2900811383,2.25460944542,4.719458795,1.82396362905
sh600236,2008-10-09,4.98,4.98,4.8,4.86,0.006211,3753287.0,18358062.0,3392491850.0,7192277600.0,0.00537686621708,14.2673941263,2008-06-30,2008-08-19,34.5030568323,2.26861282468,4.74877135358,1.83529226715
sh600236,2008-10-10,4.7,4.78,4.45,4.54,-0.065844,3457414.0,15842746.0,3169117900.0,6718712000.0,0.00495300586955,13.3279718274,2008-06-30,2008-08-19,32.2312375582,2.11923828185,4.43609325257,1.71444928312
sh600236,2008-10-13,4.5,4.73,4.45,4.7,0.035242,2031535.0,9371294.0,3280804870.0,6955494800.0,0.00291032684916,13.7976762106,2008-06-30,2008-08-19,33.3671308322,2.19392447738,4.59243005098,1.77486990475
sh600236,2008-10-14,4.8,4.97,4.69,4.7,0.0,3587346.0,17414587.0,3280804870.0,6955494800.0,0.00513914324932,13.7976762106,2008-06-30,2008-08-19,33.3671308322,2.19392447738,4.59243005098,1.77486990475
sh600236,2008-10-15,4.7,4.77,4.66,4.73,0.006383,1252590.0,5883338.0,3301746180.0,6999891570.0,0.00179442948579,13.8857467778,2008-06-30,2008-08-19,33.5801132283,2.20792829732,4.62174353199,1.78619889935
sh600236,2008-10-16,4.68,4.68,4.56,4.56,-0.035941,1916219.0,8845460.0,3183078770.0,6748309850.0,0.00274512799443,13.3866791529,2008-06-30,2008-08-19,32.3732103788,2.12857314639,4.45563344771,1.72200112471
sh600236,2008-10-17,4.68,4.68,4.5,4.59,0.006579,656260.0,3008522.0,3204020080.0,6792706620.0,0.000940141860784,13.474750115,2008-06-30,2008-08-19,32.5861937299,2.14257702912,4.48494706016,1.73333017011
sh600236,2008-10-20,4.6,4.84,4.52,4.81,0.04793,1954302.0,9258801.0,3357589670.0,7118282970.0,0.00279968475719,14.120594888,2008-06-30,2008-08-19,34.1480499953,2.24527074612,4.69991057276,1.81640868516
sh600236,2008-10-21,4.81,4.84,4.73,4.82,0.002079,2807026.0,13470312.0,3364570100.0,7133081900.0,0.00402127609706,14.1499516048,2008-06-30,2008-08-19,34.2190437913,2.249938664,4.70968168684,1.82018499882
sh600236,2008-10-22,4.78,4.92,4.7,4.9,0.016598,3630594.0,17697988.0,3420413590.0,7251473300.0,0.00520109926238,14.3848125015,2008-06-30,2008-08-19,34.7870114801,2.28728314595,4.78785298348,1.85039642943
sh600236,2008-10-23,4.72,5.05,4.72,5.03,0.026531,4122041.0,20424248.0,3511159260.0,7443859330.0,0.00590513408668,14.766455962,2008-06-30,2008-08-19,35.7099456817,2.34796705509,4.91487951098,1.8994892971
sh600236,2008-10-24,5.03,5.13,4.9,5.0,-0.005964,3288801.0,16506072.0,3490217950.0,7399462550.0,0.00471145505397,14.6783888187,2008-06-30,2008-08-19,35.4969715657,2.33396377958,4.88556716958,1.88816074293
sh600236,2008-10-27,4.88,4.88,4.62,4.79,-0.042,4381053.0,20810742.0,3343628800.0,7088685120.0,0.00627618827485,14.0618964883,2008-09-30,2008-10-25,117.730162468,2.45492391454,4.76216781498,1.87381434397
sh600236,2008-10-28,4.7,5.13,4.7,5.04,0.052192,4986192.0,24837232.0,3518139690.0,7458658250.0,0.0071430954693,14.7958149898,2008-09-30,2008-10-25,123.874735107,2.58305130349,5.01071487758,1.97161246221
sh600236,2008-10-29,5.1,5.14,4.83,4.9,-0.027778,3468983.0,17294534.0,3420413590.0,7251473300.0,0.00496957933675,14.384816841,2008-09-30,2008-10-25,120.433742715,2.51129930438,4.87152723971,1.91684501124
sh600236,2008-10-30,4.98,5.0,4.84,4.94,0.008163,1920329.0,9486557.0,3448335330.0,7310669000.0,0.00275101588221,14.5022401009,2008-09-30,2008-10-25,121.416843357,2.5317990406,4.91129351657,1.93249221707
sh600236,2008-10-31,4.94,5.0,4.86,4.94,0.0,1061348.0,5227154.0,3448335330.0,7310669000.0,0.00152046092339,14.5022401009,2008-09-30,2008-10-25,121.416843357,2.5317990406,4.91129351657,1.93249221707
sh600236,2008-11-03,4.92,5.18,4.91,5.13,0.038462,3223016.0,16334109.0,3580963620.0,7591848580.0,0.00461721308411,15.0600252596,2008-09-30,2008-10-25,126.086777986,2.6291770953,5.10019168781,2.00681973272
sh600236,2008-11-04,5.1,5.14,4.91,5.06,-0.013645,3901384.0,19601239.0,3532100570.0,7488256100.0,0.00558902631699,14.854531215,2008-09-30,2008-10-25,124.366323901,2.59330197384,5.03059957223,1.97943667747
sh600236,2008-11-05,5.07,5.24,4.97,5.1,0.007905,6938414.0,35406713.0,3560022310.0,7547451800.0,0.00993980046153,14.9719562842,2008-09-30,2008-10-25,125.349439691,2.61380202594,5.07036646184,1.9950841244
sh600236,2008-11-06,4.98,5.05,4.88,4.9,-0.039216,2739828.0,13497111.0,3420413590.0,7251473300.0,0.00392500989917,14.3848160466,2008-09-30,2008-10-25,120.433736064,2.51129916569,4.87152697068,1.91684490538
sh600236,2008-11-07,4.8,5.12,4.79,5.03,0.026531,2200761.0,10993586.0,3511159260.0,7443859330.0,0.00315275583085,14.7664596011,2008-09-30,2008-10-25,123.628963516,2.57792644386,5.00077345274,1.96770071756
sh600236,2008-11-10,5.12,5.3,5.05,5.27,0.047714,5991532.0,31201457.0,3678689720.0,7799033530.0,0.00858332070474,15.4710264545,2008-09-30,2008-10-25,129.527795881,2.7009296262,5.23938035726,2.0615875896
sh600236,2008-11-11,5.15,5.38,5.14,5.25,-0.003795,4559975.0,24046929.0,3664728850.0,7769435680.0,0.00653250751416,15.4123139091,2008-09-30,2008-10-25,129.036237896,2.69067959827,5.2194969088,2.0537638647
sh600236,2008-11-12,5.18,5.55,5.1,5.53,0.053333,7360542.0,39844133.0,3860181050.0,8183805580.0,0.0105445306147,16.2342988468,2008-09-30,2008-10-25,135.918127571,2.83418161328,5.49786833744,2.16329725289
sh600236,2008-11-13,5.53,5.87,5.38,5.72,0.034358,8083946.0,45546620.0,3992809330.0,8464985160.0,0.011580861318,16.7920768866,2008-09-30,2008-10-25,140.588002598,2.93155842515,5.68676409778,2.23762381991
sh600236,2008-11-14,5.71,5.89,5.58,5.86,0.024476,9758502.0,56180115.0,4090535440.0,8672170110.0,0.0139797888464,17.2030797605,2008-09-30,2008-10-25,144.02903455,3.00331124917,5.82595333584,2.29239190053
sh600236,2008-11-17,5.79,5.94,5.66,5.84,-0.003413,12656527.0,73024762.0,4076574570.0,8642572260.0,0.0181314278473,17.1443656493,2008-09-30,2008-10-25,143.537463455,2.99306094787,5.8060693571,2.28456796697
sh600236,2008-11-18,5.84,5.88,5.26,5.26,-0.099315,14444851.0,79553883.0,3671709280.0,7784234600.0,0.0206933366631,15.4416729748,2008-09-30,2008-10-25,129.282040272,2.69580509983,5.2294395789,2.05767609933
sh600236,2008-11-19,5.26,5.63,5.14,5.62,0.068441,9275728.0,50253703.0,3923004980.0,8316995910.0,0.0132881787369,16.4985165149,2008-09-30,2008-10-25,138.13023239,2.88030869667,5.58734765312,2.19850550924
sh600236,2008-11-20,5.57,5.71,5.33,5.43,-0.033808,9132924.0,50216401.0,3790376690.0,8035816330.0,0.0130836012819,15.9407346685,2008-09-30,2008-10-25,133.460325494,2.78293122026,5.39845060366,2.12417843499
sh600236,2008-11-21,5.27,5.55,5.12,5.41,-0.003683,7139206.0,38174436.0,3776415820.0,8006218480.0,0.0102274501276,15.8820249428,2008-09-30,2008-10-25,132.968791115,2.77268168457,5.37856811009,2.11635508581
sh600236,2008-11-24,5.5,5.55,5.08,5.09,-0.05915,6715311.0,35272698.0,3553041870.0,7532652880.0,0.00962018862727,14.9426031674,2008-09-30,2008-10-25,125.10368712,2.60867756293,5.06042580638,1.99117268249
sh600236,2008-11-25,5.2,5.27,5.0,5.08,-0.001965,4330725.0,22107491.0,3546061440.0,7517853950.0,0.00620408962796,14.9132409522,2008-09-30,2008-10-25,124.857858375,2.60355151152,5.05048206967,1.98726002816
sh600236,2008-11-26,5.09,5.29,5.05,5.25,0.033465,4586193.0,23948114.0,3664728850.0,7769435680.0,0.00657006677315,15.4123125606,2008-09-30,2008-10-25,129.036226606,2.69067936285,5.21949645213,2.05376368501
sh600236,2008-11-27,5.6,5.65,5.31,5.33,0.015238,10675923.0,58628160.0,3720572330.0,7887827080.0,0.0152940635319,15.6471653794,2008-09-30,2008-10-25,131.002480627,2.73167993498,5.29903113907,2.08505893604
sh600236,2008-11-28,5.38,5.62,5.28,5.32,-0.001876,10316244.0,56079714.0,3713591900.0,7873028150.0,0.0147787962592,15.6178112972,2008-09-30,2008-10-25,130.756719973,2.72655530342,5.28909015665,2.08114736547
sh600236,2008-12-01,5.32,5.48,5.22,5.47,0.028195,6156276.0,33058384.0,3818298440.0,8095012030.0,0.0088193288841,16.0581554867,2008-09-30,2008-10-25,134.443405693,2.8034305302,5.43821605362,2.13982531544
sh600236,2008-12-02,5.36,5.69,5.3,5.68,0.038391,12069431.0,67140544.0,3964887590.0,8405789460.0,0.0172903686483,16.674644134,2008-09-30,2008-10-25,139.604822481,2.91105703169,5.64699460613,2.22197534913
sh600236,2008-12-03,5.72,5.85,5.7,5.84,0.028169,11231312.0,64864238.0,4076574570.0,8642572260.0,0.0160897000542,17.1443521846,2008-09-30,2008-10-25,143.537350725,2.99305859721,5.80606479719,2.28456617274
sh600236,2008-12-04,5.9,6.02,5.74,5.8,-0.006849,14093041.0,82680019.0,4048652820.0,8583376560.0,0.0201893423403,17.0269305165,2008-09-30,2008-10-25,142.55426341,2.97255913888,5.7662990594,2.26891917902
sh600236,2008-12-05,5.77,5.86,5.45,5.66,-0.024138,11465039.0,64527167.0,3950926720.0,8376191610.0,0.0164245315945,16.6159344677,2008-09-30,2008-10-25,139.1132886,2.90080750639,5.6271121327,2.21415200788
sh600236,2008-12-08,5.66,6.23,5.6,6.23,0.100707,21905830.0,129191584.0,4348811570.0,9219730340.0,0.0313817507848,18.2892753801,2008-09-30,2008-10-25,153.122970555,3.19293912793,6.19380171425,2.43713261414
sh600236,2008-12-09,6.16,6.25,5.93,5.94,-0.046549,15148455.0,92211386.0,4146378920.0,8790561510.0,0.021701302374,17.4379279005,2008-09-30,2008-10-25,145.995249398,3.04431100447,5.90548643825,2.32368652808
sh600236,2008-12-10,5.86,6.51,5.85,6.27,0.055556,19779409.0,124060783.0,4376733310.0,9278926040.0,0.0283354926257,18.4067094229,2008-09-30,2008-10-25,154.106161474,3.21344074663,6.23357164282,2.45278125684
sh600236,2008-12-11,6.37,6.66,6.23,6.28,0.001595,23801848.0,154021580.0,4383713750.0,9293724960.0,0.0340979393191,18.4360681244,2008-09-30,2008-10-25,154.351960802,3.21856618462,6.24351418959,2.45669344294
sh600236,2008-12-12,6.31,6.7,6.26,6.42,0.022293,17188205.0,111080961.0,4481439850.0,9500909910.0,0.0246233977903,18.8470633911,2008-09-30,2008-10-25,157.792929064,3.29031768058,6.38270085141,2.51146050986
sh600236,2008-12-15,6.7,6.94,6.45,6.81,0.060748,18629761.0,125288555.0,4753676850.0,10078067990.0,0.0266885352987,19.991984798,2008-09-30,2008-10-25,167.378533918,3.49019789904,6.77043716274,2.66402671292
sh600236,2008-12-16,6.7,6.98,6.5,6.84,0.004405,14643433.0,99201616.0,4774618160.0,10122464770.0,0.0209778202913,20.080049491,2008-09-30,2008-10-25,168.11583636,3.50557222078,6.80026093844,2.67576175059
sh600236,2008-12-17,6.84,6.89,6.59,6.65,-0.027778,18856966.0,126102471.0,4641989870.0,9841285190.0,0.0270140236002,19.5222658763,2008-09-30,2008-10-25,163.445914658,3.40819443563,6.61136329009,2.60143444068
sh600236,2008-12-18,6.55,6.67,6.38,6.66,0.001504,13271923.0,86553351.0,4648970310.0,9856084120.0,0.019013028969,19.5516273642,2008-09-30,2008-10-25,163.691737314,3.41332036006,6.62130678048,2.60534699808
sh600236,2008-12-19,6.55,6.78,6.47,6.71,0.007508,9503830.0,63034299.0,4683872490.0,9930078740.0,0.0136149520373,19.6984209824,2008-09-30,2008-10-25,164.920734877,3.43894756933,6.67101955179,2.62490794334
sh600236,2008-12-22,6.6,6.67,6.31,6.38,-0.04918,9152611.0,59166920.0,4453518100.0,9441714210.0,0.0131118043912,18.7296526385,2008-09-30,2008-10-25,156.809933136,3.26982012787,6.34293881023,2.49581497069
sh600236,2008-12-23,6.45,6.54,6.15,6.16,-0.034483,7118389.0,45222269.0,4299948510.0,9116137860.0,0.010197628213,18.0837980266,2008-09-30,2008-10-25,151.402656212,3.1570669204,6.12421525124,2.40975178305
sh600236,2008-12-24,6.01,6.4,6.0,6.32,0.025974,9082611.0,56645871.0,4411635490.0,9352920660.0,0.0130115241049,18.5535065965,2008-09-30,2008-10-25,155.335188804,3.23906857659,6.28328561817,2.47234267586
sh600236,2008-12-25,6.32,6.38,5.98,6.07,-0.039557,8252177.0,50181992.0,4237124590.0,8982947540.0,0.0118218648817,17.8195855361,2008-09-30,2008-10-25,149.190594741,3.1109407409,6.03473768897,2.37454421664
sh600236,2008-12-26,6.09,6.35,6.03,6.21,0.023064,9526673.0,59278963.0,4334850690.0,9190132490.0,0.0136476763701,18.2305764569,2008-09-30,2008-10-25,152.631526618,3.18269147815,6.17392287903,2.42931070445
sh600236,2008-12-29,6.3,6.52,6.16,6.49,0.045089,10504259.0,67174653.0,4530302900.0,9604502390.0,0.0150481419046,19.0525749187,2008-09-30,2008-10-25,159.513529521,3.32619585421,6.45229888772,2.5388458948
sh600236,2008-12-30,6.5,6.54,6.29,6.42,-0.010786,6770692.0,43090395.0,4481439850.0,9500909910.0,0.00969952606638,18.8470738457,2008-09-30,2008-10-25,157.793016592,3.29031950573,6.38270439192,2.51146190298
sh600236,2008-12-31,6.39,6.45,6.08,6.12,-0.046729,5792614.0,36499809.0,4272026770.0,9056942160.0,0.00829835569593,17.9663689319,2008-09-30,2008-10-25,150.41950672,3.13656616554,6.08444699839,2.39410379972
sh600236,2009-01-05,6.27,6.36,6.1,6.31,0.031046,8178139.0,51069679.0,4404655050.0,9338121740.0,0.0117157998763,18.5241528218,2008-09-30,2008-10-25,155.089430725,3.23394399872,6.2733447399,2.46843114628
sh600236,2009-01-06,6.33,6.6,6.18,6.58,0.042789,15257251.0,97810167.0,4593126820.0,9737692720.0,0.0218571608219,19.3167827969,2008-09-30,2008-10-25,161.725552377,3.37232122848,6.54177488798,2.5740528466
sh600236,2009-01-07,6.55,6.88,6.47,6.71,0.019757,21693085.0,145643438.0,4683872490.0,9930078740.0,0.031076977578,19.6984244746,2008-09-30,2008-10-25,164.920764115,3.43894817899,6.67102073444,2.62490840869
sh600236,2009-01-08,6.62,6.8,6.52,6.59,-0.017884,12614420.0,83757715.0,4600107260.0,9752491640.0,0.0180711064115,19.3461378513,2008-09-30,2008-10-25,161.971321169,3.37744602976,6.55171619963,2.57796454671
sh600236,2009-01-09,6.85,7.25,6.61,6.72,0.019727,29133903.0,200947702.0,4690852920.0,9944877670.0,0.0417365096495,19.7277791127,2008-09-30,2008-10-25,165.166529422,3.44407290759,6.6809619051,2.62882005332
sh600236,2009-01-12,6.6,6.78,6.46,6.6,-0.017857,13672178.0,90118962.0,4607087690.0,9767290570.0,0.0195864244121,19.3755001611,2008-09-30,2008-10-25,162.217150706,3.38257209768,6.56165996836,2.58187721363
sh600236,2009-01-13,6.52,6.54,6.26,6.31,-0.043939,9720104.0,62361863.0,4404655050.0,9338121740.0,0.0139247808384,18.5241600595,2008-09-30,2008-10-25,155.089491321,3.23394526228,6.27334719101,2.46843211074
sh600236,2009-01-14,6.3,6.81,6.3,6.7,0.061807,13026004.0,85962026.0,4676892050.0,9915279820.0,0.0186607315001,19.6690828203,2008-09-30,2008-10-25,164.675107512,3.4338257171,6.66108396084,2.62099849421
sh600236,2009-01-15,6.61,6.77,6.61,6.69,-0.001493,6205056.0,41454017.0,4669911620.0,9900480890.0,0.00888920990757,19.6397168796,2008-09-30,2008-10-25,164.429247576,3.42869901531,6.65113896249,2.61708534346
sh600236,2009-01-16,6.75,6.99,6.7,6.83,0.020927,10263187.0,70582007.0,4767637720.0,10107665840.0,0.0147027881158,20.0507172348,2008-09-30,2008-10-25,167.87025844,3.5004513996,6.79032734756,2.67185308844
sh600236,2009-01-19,7.0,7.06,6.66,6.75,-0.011713,6292621.0,42666649.0,4711794230.0,9989274440.0,0.00901465337335,19.8158631838,2008-09-30,2008-10-25,165.903994103,3.45945061236,6.71079224333,2.64055767321
sh600236,2009-01-20,6.77,6.78,6.56,6.68,-0.01037,4741316.0,31490716.0,4662931180.0,9885681970.0,0.00679229215645,19.6103726826,2008-09-30,2008-10-25,164.183569684,3.42357610951,6.64120132777,2.61317509014
sh600236,2009-01-21,6.6,6.78,6.56,6.75,0.010479,4112775.0,27527333.0,4711794230.0,9989274440.0,0.00589185985102,19.8158697779,2008-09-30,2008-10-25,165.904049311,3.45945176356,6.71079447649,2.64055855191
sh600236,2009-01-22,6.75,6.89,6.53,6.8,0.007407,6753470.0,45216981.0,4746696410.0,10063269070.0,0.00967485426354,19.9626459254,2008-09-30,2008-10-25,167.132900604,3.48507592277,6.76050133117,2.66011716911
sh600236,2009-01-23,6.66,6.85,6.63,6.7,-0.014706,5263707.0,35685336.0,4676892050.0,9915279820.0,0.00754065659908,19.6690752544,2008-09-30,2008-10-25,164.675044168,3.43382439625,6.6610813986,2.62099748602
sh600236,2009-02-02,6.75,6.96,6.7,6.93,0.034328,4299981.0,29393080.0,4837442080.0,10255655090.0,0.00616004653641,20.3442752697,2008-09-30,2008-10-25,170.328009084,3.55170072013,6.88974300085,2.71097108772
sh600236,2009-02-03,6.92,7.08,6.8,6.99,0.008658,8376100.0,58419762.0,4879324690.0,10344448640.0,0.0119993939161,20.520416005,2008-09-30,2008-10-25,171.802708987,3.58245134496,6.94939439575,2.7344426754
sh600236,2009-02-04,7.0,7.06,6.87,6.91,-0.011445,8915117.0,61915117.0,4823481210.0,10226057240.0,0.0127715763342,20.2855598438,2008-09-30,2008-10-25,169.836426982,3.54145018932,6.86985857689,2.70314697898
sh600236,2009-02-05,6.9,6.93,6.71,6.73,-0.026049,8144726.0,55671505.0,4697833360.0,9959676590.0,0.0116679332321,19.7571412955,2008-09-30,2008-10-25,165.412357896,3.44919895334,6.69090563082,2.63273270332
sh600236,2009-02-06,6.8,7.09,6.74,7.02,0.043091,11322414.0,78914706.0,4900266000.0,10388845420.0,0.0162202105518,20.608496271,2008-09-30,2008-10-25,172.54014181,3.59782838543,6.97922344536,2.74617978824
sh600236,2009-02-09,7.1,7.38,6.99,7.28,0.037037,13662004.0,98243671.0,5081757340.0,10773617470.0,0.0195718493556,21.3717731474,2008-09-30,2008-10-25,178.930511042,3.73108115534,7.2377129441,2.84789004906
sh600236,2009-02-10,7.21,7.21,6.98,7.14,-0.019231,9236796.0,65581619.0,4984031230.0,10566432520.0,0.0132324057368,20.960772578,2008-09-30,2008-10-25,175.489498384,3.65932873365,7.09852448648,2.79312227552
sh600236,2009-02-11,7.0,7.53,6.9,7.32,0.02521,21290529.0,153041940.0,5109679080.0,10832813170.0,0.0305002857988,21.4891936547,2008-09-30,2008-10-25,179.913588639,3.75158041102,7.27747828878,2.86353688809
sh600236,2009-02-12,7.25,7.69,7.21,7.61,0.039617,24914295.0,187857304.0,5312111720.0,11261982000.0,0.035691603442,22.3405310397,2008-09-30,2008-10-25,187.04122528,3.90020677217,7.56579014615,2.97698162898
sh600236,2009-02-13,7.57,7.69,7.42,7.57,-0.005256,15291190.0,115485195.0,5284189980.0,11202786300.0,0.0219057809689,22.2231092086,2008-09-30,2008-10-25,186.0581366,3.87970728537,7.52602435314,2.96133461354
sh600236,2009-02-16,7.61,7.93,7.5,7.88,0.040951,18413337.0,142086431.0,5500583490.0,11661552980.0,0.0263784916316,23.1331677538,2008-09-30,2008-10-25,193.677403351,4.03858517841,7.83422257642,3.0826042273
sh600236,2009-02-17,7.87,8.43,7.72,8.04,0.020305,22264290.0,180431921.0,5612270460.0,11898335780.0,0.0318952717756,23.602886725,2008-09-30,2008-10-25,197.610023026,4.12058865046,7.99329646584,3.14519650614
sh600236,2009-02-18,7.9,8.1,7.41,7.44,-0.074627,16325226.0,126653397.0,5193444310.0,11010400270.0,0.0233871154074,21.8414740974,2008-09-30,2008-10-25,182.862979838,3.81308148124,7.39678073048,2.91047992647
sh600236,2009-02-19,7.47,7.6,7.32,7.53,0.012097,8079231.0,60406740.0,5256268230.0,11143590600.0,0.0115741067175,22.1056904096,2008-09-30,2008-10-25,185.075073305,3.85920832792,7.48625958698,2.94568800214
sh600236,2009-02-20,7.48,8.28,7.4,8.0,0.062417,20029823.0,160229899.0,5584348720.0,11839140080.0,0.0286942295394,23.4854612879,2008-09-30,2008-10-25,196.626904156,4.10008853413,7.95352945162,3.12954901017
sh600236,2009-02-23,7.91,8.25,7.81,8.2,0.025,15679642.0,127273964.0,5723957440.0,12135118580.0,0.0224622677139,24.07259782,2008-09-30,2008-10-25,201.54257676,4.20259074748,8.15236768791,3.20778773543
sh600236,2009-02-24,8.12,8.3,7.7,7.77,-0.052439,14362761.0,114278745.0,5423798690.0,11498764800.0,0.0205757365545,22.810254863,2008-09-30,2008-10-25,190.973885577,3.98221109127,7.72486567872,3.03957455437
sh600236,2009-02-25,7.81,7.93,7.47,7.8,0.003861,11780967.0,90548002.0,5444740000.0,11543161580.0,0.0168771222501,22.898325257,2008-09-30,2008-10-25,191.711235749,3.9975864083,7.75469138511,3.05131035172
sh600236,2009-02-26,7.8,8.08,7.18,7.43,-0.047436,11722396.0,90123209.0,5186463870.0,10995601350.0,0.0167932148884,21.8121203001,2008-09-30,2008-10-25,182.61722157,3.80795689943,7.38683984456,2.90656839388
sh600236,2009-02-27,7.28,7.53,6.88,7.04,-0.05249,8955895.0,64623624.0,4914226870.0,10418443270.0,0.0128299939071,20.6672021055,2008-09-30,2008-10-25,173.03164361,3.60807724178,6.99910462112,2.75400261888
sh600236,2009-03-02,6.95,7.16,6.88,7.1,0.008523,4306139.0,30258421.0,4956109490.0,10507236820.0,0.00616886833547,20.8433486691,2008-09-30,2008-10-25,174.506392308,3.63882888411,7.05875798981,2.77747498321
sh600236,2009-03-03,6.82,7.29,6.81,7.19,0.012676,4383566.0,31291607.0,5018933410.0,10640427150.0,0.0062797883465,21.1075589568,2008-09-30,2008-10-25,176.718435337,3.68495467905,7.14823480609,2.81268225609
sh600236,2009-03-04,7.22,7.54,7.22,7.52,0.045897,6176993.0,45969801.0,5249287800.0,11128791680.0,0.00884900754727,22.0763325903,2008-09-30,2008-10-25,184.829281364,3.85408304395,7.47631733898,2.9417759336
sh600236,2009-03-05,7.57,7.9,7.51,7.72,0.026596,9534495.0,73463942.0,5388896510.0,11424770180.0,0.013658881974,22.6634747318,2008-09-30,2008-10-25,189.745000931,3.95658623659,7.67515747493,3.02001540633
sh600236,2009-03-06,7.5,7.69,7.46,7.55,-0.022021,5172811.0,39176978.0,5270229100.0,11173188450.0,0.0074104412368,22.1644023548,2008-09-30,2008-10-25,185.566626266,3.86945825107,7.50614283217,2.95351164707
sh600236,2009-03-09,7.58,7.75,7.26,7.3,-0.033113,4432204.0,33142688.0,5095718210.0,10803215320.0,0.00634946593721,21.4304724996,2008-09-30,2008-10-25,179.42195857,3.74132888,7.25759192457,2.8557120159
sh600236,2009-03-10,7.3,7.5,7.21,7.42,0.016438,3732212.0,27522272.0,5179483440.0,10980802420.0,0.00534667469465,21.7827466065,2008-09-30,2008-10-25,182.371296725,3.80282884413,7.37689222063,2.90265421002
sh600236,2009-03-11,7.52,7.56,7.28,7.36,-0.008086,4000658.0,29713373.0,5137600820.0,10892008870.0,0.00573124380652,21.6066113175,2008-09-30,2008-10-25,180.89664242,3.7720791701,7.31724267013,2.87918334807
sh600236,2009-03-12,7.35,7.38,7.12,7.27,-0.012228,3054123.0,22150786.0,5074776900.0,10758818550.0,0.00437526114892,21.3424056743,2008-09-30,2008-10-25,178.684638276,3.72595418601,7.22776742676,2.84397669409
sh600236,2009-03-13,7.37,7.77,7.31,7.7,0.059147,11427056.0,87229579.0,5374935640.0,11395172330.0,0.0163701180988,22.6047449427,2008-09-30,2008-10-25,189.253298576,3.94633319825,7.65526818675,3.01218938362
sh600236,2009-03-16,7.7,7.76,7.5,7.66,-0.005195,4337657.0,33090595.0,5347013900.0,11335976630.0,0.00621402024408,22.4873132927,2008-09-30,2008-10-25,188.27012769,3.92583199728,7.61549906852,2.99654105977
sh600236,2009-03-17,7.66,7.97,7.66,7.88,0.028721,6871159.0,54173388.0,5500583490.0,11661552980.0,0.00984345261161,23.1331714178,2008-09-30,2008-10-25,193.677434028,4.03858581808,7.83422381727,3.08260471555
sh600236,2009-03-18,7.9,8.1,7.8,7.88,0.0,6621952.0,52592787.0,5500583490.0,11661552980.0,0.00948644482078,23.1331714178,2008-09-30,2008-10-25,193.677434028,4.03858581808,7.83422381727,3.08260471555
sh600236,2009-03-19,7.9,8.2,7.9,8.09,0.02665,12233547.0,98506226.0,5647172640.0,11972330410.0,0.0175254771793,23.7496704361,2008-09-30,2008-10-25,198.838937644,4.14621413013,8.043005882,3.16475613122
sh600236,2009-03-20,8.1,8.2,7.91,8.1,0.001236,7293916.0,58748151.0,5654153080.0,11987129330.0,0.010449083844,23.7790250288,2008-09-30,2008-10-25,199.084702571,4.15133885079,8.05294703727,3.1686677698
sh600236,2009-03-23,8.07,8.15,7.9,7.95,-0.018519,15233741.0,121949349.0,5549446540.0,11765145450.0,0.0218234809682,23.3386612642,2008-09-30,2008-10-25,195.397852964,4.07446020662,7.90381451109,3.10998721137
sh600236,2009-03-24,8.0,8.02,7.75,7.95,0.0,16741688.0,131197420.0,5549446540.0,11765145450.0,0.0239837285828,23.3386612642,2008-09-30,2008-10-25,195.397852964,4.07446020662,7.90381451109,3.10998721137
sh600236,2009-03-25,7.96,8.04,7.75,7.84,-0.013836,8467973.0,66781302.0,5472661750.0,11602357280.0,0.0121310088861,23.015747547,2008-09-30,2008-10-25,192.694328271,4.0180859752,7.79445733351,3.06695742831
sh600236,2009-03-26,7.84,8.61,7.8,7.97,0.016582,14888476.0,118666973.0,5563407410.0,11794743300.0,0.0213288628668,23.3973946728,2008-09-30,2008-10-25,195.889585622,4.08471387684,7.92370502502,3.11781371639
sh600236,2009-03-27,8.03,8.11,7.88,7.95,-0.002509,12723095.0,101654559.0,5549939060.0,11765145450.0,0.0182251740346,23.3386906096,2008-09-30,2008-10-25,195.398098652,4.07446532972,7.90382444911,3.10999112177
sh600236,2009-03-30,7.95,8.04,7.75,7.84,-0.013836,10978528.0,86668006.0,5473147450.0,11602357280.0,0.0157261722448,23.0157764863,2008-09-30,2008-10-25,192.694570559,4.01809102742,7.79446713403,3.06696128461
sh600236,2009-03-31,7.82,8.03,7.76,7.97,0.016582,9711411.0,76824722.0,5563901170.0,11794743300.0,0.0139110928295,23.397424092,2008-09-30,2008-10-25,195.889831928,4.08471901284,7.92371498805,3.11781763663
sh600236,2009-04-01,8.09,8.29,8.01,8.18,0.026349,16393265.0,133734044.0,5710503330.0,12105520730.0,0.0234825023209,24.0139228194,2008-09-30,2008-10-25,201.051333109,4.19234727411,8.13249695427,3.19996901354
sh600236,2009-04-02,8.23,8.25,8.11,8.15,-0.003667,9961487.0,81404760.0,5689560170.0,12061123960.0,0.0142693137297,23.9258637644,2008-09-30,2008-10-25,200.314077871,4.17697393665,8.10267508794,3.18823472717
sh600236,2009-04-03,8.15,8.17,7.84,8.02,-0.015951,13479576.0,107294868.0,5598806450.0,11868737930.0,0.0193087938448,23.5442223115,2008-12-31,2009-04-03,383.255280512,4.34198138362,8.01957496253,2.97051009436
sh600236,2009-04-07,8.0,8.47,7.76,7.95,-0.008728,15511924.0,122624932.0,5549939060.0,11765145450.0,0.0222200270069,23.3387283392,2008-12-31,2009-04-03,379.910228424,4.3040845701,7.94958011225,2.94458348226
sh600236,2009-04-08,7.8,7.92,7.57,7.58,-0.046541,10231584.0,79145248.0,5291640010.0,11217585230.0,0.014656213683,22.2525205835,2008-12-31,2009-04-03,362.228826483,4.10376817013,7.57959870425,2.80753962241
sh600236,2009-04-09,7.6,7.68,7.44,7.67,0.011873,7176865.0,54358415.0,5354469510.0,11350775550.0,0.0102804870673,22.5167247604,2008-12-31,2009-04-03,366.52956934,4.15249220961,7.66959127967,2.84087354035
sh600236,2009-04-10,7.74,7.78,7.59,7.77,0.013038,7421872.0,57188056.0,5424280060.0,11498764800.0,0.0106314469021,22.8102978179,2008-12-31,2009-04-03,371.308381865,4.20663240304,7.76958741077,2.87791284957
sh600236,2009-04-13,7.77,7.79,7.58,7.68,-0.011583,14081067.0,108025017.0,5361450560.0,11365574480.0,0.0201703985423,22.5460861382,2008-12-31,2009-04-03,367.007516878,4.15790697991,7.67959227979,2.84457798503
sh600236,2009-04-14,7.69,7.84,7.6,7.83,0.019531,13320717.0,102796535.0,5466166390.0,11587558350.0,0.0190812365867,22.9864337466,2008-12-31,2009-04-03,374.17554069,4.23911506114,7.82958239661,2.90013543766
sh600236,2009-04-15,7.85,7.85,7.68,7.74,-0.011494,12750533.0,98496091.0,5403336900.0,11454368030.0,0.0182644775342,22.7222276771,2008-12-31,2009-04-03,369.874767025,4.19039067263,7.73958917654,2.86680128094
sh600236,2009-04-16,7.75,7.88,7.71,7.86,0.015504,19696636.0,153780896.0,5487109560.0,11631955130.0,0.0282144100217,23.074513095,2008-12-31,2009-04-03,375.609305413,4.25535848961,7.85958376713,2.911248168
sh600236,2009-04-17,7.92,8.35,7.91,8.11,0.031807,35831311.0,290804229.0,5661635950.0,12001928260.0,0.0513264955176,23.808444133,2008-12-31,2009-04-03,387.55631059,4.39070867709,8.10957354801,3.00384623848
sh600236,2009-04-20,8.13,8.37,8.0,8.36,0.030826,27675254.0,227448068.0,5836162330.0,12371901380.0,0.0396433667122,24.5423632319,2008-12-31,2009-04-03,399.503121421,4.52605666277,8.35955926221,3.09644280262
sh600236,2009-04-21,8.25,8.52,8.18,8.44,0.009569,26889474.0,225322285.0,5892010770.0,12490292780.0,0.0385177776177,24.7772091057,2008-12-31,2009-04-03,403.325966789,4.56936649898,8.43955188479,3.1260726638
sh600236,2009-04-22,8.52,8.53,8.01,8.15,-0.03436,23842392.0,199318095.0,5689560170.0,12061123960.0,0.0341529905641,23.9258642008,2008-12-31,2009-04-03,389.467686571,4.41236306608,8.14956888202,3.01866080707
sh600236,2009-04-23,8.28,8.7,8.2,8.68,0.065031,26225263.0,221275958.0,6059556100.0,12845466990.0,0.0375663297911,25.4817870756,2008-12-31,2009-04-03,414.795159696,4.69930344863,8.67954349599,3.21496733802
sh600236,2009-04-24,8.8,8.88,8.28,8.43,-0.028802,27570401.0,236849833.0,5885029720.0,12475493860.0,0.0394931702112,24.7478606443,2008-12-31,2009-04-03,402.848229506,4.5639541107,8.42955528422,3.12236984875
sh600236,2009-04-27,8.35,8.4,8.01,8.18,-0.029656,14513354.0,119183933.0,5710503330.0,12105520730.0,0.0207896272639,24.013938089,2008-12-31,2009-04-03,390.901362412,4.42860548759,8.17956839271,3.02977284851
sh600236,2009-04-28,8.08,8.29,8.08,8.15,-0.003667,9699632.0,79466479.0,5689560170.0,12061123960.0,0.0138942200167,23.925878978,2008-12-31,2009-04-03,389.467927116,4.41236579127,8.14957391542,3.01866267148
sh600236,2009-04-29,8.18,8.46,8.1,8.34,0.023313,10423993.0,86342213.0,5822200220.0,12342303530.0,0.0149318296065,24.4836629946,2009-03-31,2009-04-29,150.617640685,4.63634438143,7.89765996313,3.09331003089
sh600236,2009-04-30,8.34,8.43,8.17,8.32,-0.002398,10396954.0,85886259.0,5808238110.0,12312705680.0,0.0148930976385,24.4249511708,2009-03-31,2009-04-29,150.256459582,4.62522642761,7.87872137453,3.08589227344
sh600236,2009-05-04,8.34,8.62,8.21,8.54,0.026442,16121157.0,136440023.0,5961821330.0,12638282040.0,0.0230927216968,25.0707957296,2009-03-31,2009-04-29,154.229540887,4.74752666481,8.08705052512,3.16748943693
sh600236,2009-05-05,8.58,9.39,8.58,9.39,0.099532,61624291.0,562580692.0,6555211040.0,13896190670.0,0.0882736023233,27.5661421702,2009-03-31,2009-04-29,169.58031555,5.22005748881,8.89197083799,3.48275599557
sh600236,2009-06-05,9.45,9.49,8.63,8.74,-0.069223,76023981.0,674889379.0,6101442440.0,12934260540.0,0.108900411743,25.6579311108,2009-03-31,2009-04-29,157.841457367,4.85870944926,8.27644194067,3.24166917729
sh600236,2009-06-08,8.76,8.76,8.35,8.46,-0.032037,28866971.0,245276129.0,5905972890.0,12519890630.0,0.0413504394972,24.8359279718,2009-03-31,2009-04-29,152.784690597,4.70305097463,8.01128957021,3.13781582186
sh600236,2009-06-09,8.4,8.6,8.36,8.47,0.001182,16850126.0,142349034.0,5912953940.0,12534689560.0,0.0241369320086,24.8652840386,2009-03-31,2009-04-29,152.965282102,4.70860998089,8.02075891449,3.14152472016
sh600236,2009-06-10,8.51,8.54,8.27,8.46,-0.001181,23194545.0,194154674.0,5905972890.0,12519890630.0,0.0332249833101,24.8359181382,2009-03-31,2009-04-29,152.784630103,4.7030491125,8.01128639821,3.13781457946
sh600236,2009-06-11,8.35,8.42,8.2,8.22,-0.028369,18566186.0,153986221.0,5738427560.0,12164716430.0,0.0265950989752,24.1313479765,2009-03-31,2009-04-29,148.450282932,4.56962831223,7.78401421438,3.04879791766
sh600236,2009-06-12,8.13,8.32,8.0,8.05,-0.020681,14831908.0,120772859.0,5619749610.0,11913134710.0,0.0212459393542,23.632287569,2009-03-31,2009-04-29,145.380182631,4.4751238291,7.62303301641,2.98574572792
sh600236,2009-06-15,8.04,8.22,8.04,8.13,0.009938,8316794.0,67487434.0,5675598060.0,12031526110.0,0.0119133762654,23.8671452429,2009-03-31,2009-04-29,146.824970886,4.51959760971,7.69879071853,3.01541806897
sh600236,2009-06-16,8.11,8.13,7.88,7.93,-0.0246,16933629.0,134934107.0,5535976950.0,11735547600.0,0.0242565457159,23.2800134699,2009-03-31,2009-04-29,143.213076602,4.40841550852,7.50940046685,2.94123878447
sh600236,2009-06-17,7.93,8.01,7.84,8.01,0.010088,10413480.0,82506874.0,5591825390.0,11853939010.0,0.0149167702821,23.5148622458,2009-03-31,2009-04-29,144.657810119,4.45288760417,7.58515529876,2.97091000133
sh600236,2009-06-18,8.0,8.11,7.95,8.1,0.011236,13681907.0,109977367.0,5654654890.0,11987129330.0,0.0195986225253,23.779075238,2009-03-31,2009-04-29,146.283185273,4.50292024929,7.6703821037,3.0042911461
sh600236,2009-06-19,8.1,8.28,7.93,8.26,0.019753,20368688.0,164985402.0,5766351780.0,12223912130.0,0.0291770896572,24.2487833112,2009-03-31,2009-04-29,149.172717032,4.59186643297,7.82189516139,3.06363490911
sh600236,2009-06-22,8.31,8.33,8.05,8.07,-0.023002,28134680.0,230846579.0,5633711720.0,11942732560.0,0.0403014706617,23.6910127974,2009-03-31,2009-04-29,145.741446195,4.48624432128,7.64197592889,2.99316517893
sh600236,2009-06-23,7.9,7.95,7.69,7.75,-0.039653,31699548.0,247095219.0,5410317950.0,11469166950.0,0.0454079592494,22.751593067,2009-03-31,2009-04-29,139.962360629,4.30835127521,7.33894865738,2.87447720009
sh600236,2009-06-24,7.75,7.88,7.75,7.86,0.014194,11416047.0,89341928.0,5487109560.0,11631955130.0,0.0163528955343,23.074529179,2009-03-31,2009-04-29,141.948986375,4.36950401321,7.44311769462,2.91527752947
sh600236,2009-06-25,7.88,8.06,7.85,7.88,0.002545,13752740.0,109052297.0,5501071670.0,11661552980.0,0.0197000871287,23.1332538557,2009-03-31,2009-04-29,142.310246546,4.38062440092,7.46206042916,2.92269691078
sh600236,2009-06-29,7.88,7.92,7.72,7.78,-0.01269,15875706.0,123226580.0,5431261120.0,11513563730.0,0.0227411258548,22.8396928643,2009-03-31,2009-04-29,140.504329517,4.32503427727,7.36736688231,2.88560788698
sh600236,2009-06-30,7.82,7.97,7.74,7.92,0.017995,13333094.0,104169888.0,5528995890.0,11720748680.0,0.0190989659933,23.2506931374,2009-03-31,2009-04-29,143.032704927,4.40286326909,7.49994264936,2.93753440091
sh600236,2009-07-01,7.88,7.93,7.8,7.83,-0.011364,15425752.0,121083484.0,5466166390.0,11587558350.0,0.022096590104,22.9864722606,2009-03-31,2009-04-29,141.407281268,4.3528291309,7.41471330109,2.90415225998
sh600236,2009-07-02,7.85,7.88,7.74,7.83,0.0,18461289.0,143993242.0,5466166390.0,11587558350.0,0.0264448395011,22.9864722606,2009-03-31,2009-04-29,141.407281268,4.3528291309,7.41471330109,2.90415225998
sh600236,2009-07-03,7.8,7.97,7.78,7.96,0.016603,16020554.0,126456400.0,5556920110.0,11779944380.0,0.0229486131374,23.3681166595,2009-03-31,2009-04-29,143.755066359,4.42509915296,7.53781978603,2.95236989995
sh600236,2009-07-06,8.06,8.27,7.97,8.09,0.016332,30652154.0,248814701.0,5647673830.0,11972330410.0,0.043907621673,23.7497647408,2009-03-31,2009-04-29,146.102874103,4.49736987233,7.66092745877,3.00058800516
sh600236,2009-07-07,8.07,8.29,8.0,8.2,0.013597,23913377.0,196297135.0,5724465440.0,12135118580.0,0.0342546729394,24.072690292,2009-03-31,2009-04-29,148.089434882,4.55852061048,7.76509308943,3.04138700026
sh600236,2009-07-08,8.18,8.23,8.02,8.15,-0.006098,18718592.0,151537873.0,5689560170.0,12061123960.0,0.026813412679,23.9258950266,2009-03-31,2009-04-29,147.186385508,4.5307227518,7.71774155177,3.02284062234
sh600236,2009-07-09,8.17,8.23,8.05,8.22,0.008589,20253535.0,165225815.0,5738427560.0,12164716430.0,0.0290121389456,24.131394539,2009-03-31,2009-04-29,148.450569373,4.56963712952,7.78402923396,3.04880380044
sh600236,2009-07-10,8.24,8.35,8.13,8.16,-0.007299,22220111.0,183163289.0,5696541220.0,12075922880.0,0.03182915716,23.9552594902,2009-03-31,2009-04-29,147.367028667,4.53628334811,7.72721360458,3.0265505815
sh600236,2009-07-13,8.16,8.22,8.05,8.15,-0.001225,18227691.0,148351952.0,5689560170.0,12061123960.0,0.0261102224445,23.9259142974,2009-03-31,2009-04-29,147.186504057,4.53072640101,7.71774776792,3.02284305704
sh600236,2009-07-14,8.15,8.4,8.12,8.4,0.030675,33008083.0,273424579.0,5864086550.0,12431097080.0,0.0472823678225,24.6598417184,2009-03-31,2009-04-29,151.701450069,4.66970643336,7.9544896807,3.11556876781
sh600236,2009-07-15,8.33,8.84,8.3,8.76,0.058333,50185672.0,431464980.0,6115404550.0,12963858390.0,0.0718883735533,26.0983242654,2009-03-31,2009-04-29,160.550650756,4.94210441873,8.41849892724,3.29730924075
sh600236,2009-07-16,8.76,8.84,8.45,8.66,-0.011416,35891209.0,309590576.0,6045593990.0,12815869140.0,0.0514122963689,25.8003857956,2009-03-31,2009-04-29,158.717804527,4.88568535469,8.32239334349,3.25966715845
sh600236,2009-07-17,8.68,8.75,8.33,8.6,-0.006928,35895175.0,306246598.0,6003707660.0,12727075590.0,0.051417977437,25.6216407228,2009-03-31,2009-04-29,157.618207577,4.85183732655,8.2647358024,3.23708418438
sh600236,2009-07-20,8.59,9.09,8.51,8.97,0.043023,52343057.0,464805757.0,6262006710.0,13274635810.0,0.074978715775,26.7239605716,2009-03-31,2009-04-29,164.399415722,5.06057792385,8.62030953083,3.37635325725
sh600236,2009-07-21,8.8,8.86,8.3,8.4,-0.063545,40790443.0,350235090.0,5864086550.0,12431097080.0,0.0584301951,25.0257864971,2009-03-31,2009-04-29,153.95265485,4.73900349968,8.07253196169,3.16180288951
sh600236,2009-07-22,8.49,8.53,8.3,8.44,0.004762,29141946.0,244466091.0,5892010770.0,12490292780.0,0.0417443269948,25.1449592924,2009-03-31,2009-04-29,154.685777392,4.76157063435,8.1109733589,3.17685939487
sh600236,2009-07-23,8.44,8.58,8.33,8.51,0.008294,21516175.0,182036098.0,5940878160.0,12593885260.0,0.0308208053286,25.3535115847,2009-03-31,2009-04-29,155.96874123,4.80106310119,8.17824577193,3.20320826669
sh600236,2009-07-24,8.59,8.64,8.2,8.32,-0.022327,27785142.0,232810859.0,5808238110.0,12312705680.0,0.0398007755643,24.7874437316,2009-03-31,2009-04-29,152.486427144,4.69386976533,7.99565007858,3.13169023572
sh600236,2009-07-27,8.32,8.44,8.3,8.38,0.007212,17794006.0,148917364.0,5850124440.0,12401499230.0,0.0254889911846,24.9662107758,2009-03-31,2009-04-29,153.586159257,4.72772195408,8.05331470695,3.1542759857
sh600236,2009-07-28,8.4,8.55,8.33,8.5,0.01432,21027585.0,177967572.0,5933897110.0,12579086340.0,0.0301209254537,25.3237269141,2009-03-31,2009-04-29,155.785513057,4.79542293246,8.16863817355,3.19944521782
sh600236,2009-07-29,8.5,8.65,7.71,8.02,-0.056471,28885378.0,240548356.0,5598806450.0,11868737930.0,0.0413768065799,23.8936707315,2009-03-31,2009-04-29,146.98814935,4.52462060404,7.70734700726,3.01876934692
sh600236,2009-07-30,8.0,8.14,7.75,7.97,-0.006234,16944663.0,134449857.0,5563901170.0,11794743300.0,0.0242723513563,23.7447175882,2009-03-31,2009-04-29,146.071825227,4.49641411919,7.65929940601,2.99995033882
sh600236,2009-07-31,8.0,8.4,8.0,8.33,0.045169,22710318.0,187966738.0,5815219160.0,12327504610.0,0.0325313532878,24.8172427369,2009-03-31,2009-04-29,152.6697435,4.69951264854,8.00526230088,3.13545509567
sh600236,2009-08-03,8.42,8.54,8.35,8.49,0.019208,23805503.0,201559150.0,5926916050.0,12564287410.0,0.0341001490092,25.2939323354,2009-03-31,2009-04-29,155.602223933,4.7897808875,8.15902737916,3.19568091715
sh600236,2009-08-04,8.53,8.54,8.24,8.43,-0.007067,19619742.0,163838819.0,5885029720.0,12475493860.0,0.0281042633477,25.1151801156,2009-03-31,2009-04-29,154.502583017,4.75593150597,8.10136753267,3.17309704011
sh600236,2009-08-05,8.42,8.82,8.4,8.74,0.036773,39453761.0,339840035.0,6101442440.0,12934260540.0,0.056515467372,26.038740634,2009-03-31,2009-04-29,160.184106502,4.93082137523,8.39927912095,3.28978133756
sh600236,2009-08-06,8.65,8.66,8.42,8.47,-0.030892,21023853.0,179578804.0,5912953940.0,12534689560.0,0.0301155795761,25.2343518583,2009-03-31,2009-04-29,155.235699084,4.77849844131,8.13980859034,3.18815341248
sh600236,2009-08-07,8.51,8.57,8.04,8.09,-0.044864,25141235.0,207709243.0,5647673830.0,11972330410.0,0.0360135158779,24.1022378966,2009-03-31,2009-04-29,148.27120468,4.56411588724,7.77462421775,3.04512009778
sh600236,2009-08-10,8.18,8.26,8.07,8.18,0.011125,14546429.0,118431205.0,6589502970.0,12105520730.0,0.0180574756187,24.3703752932,2009-03-31,2009-04-29,149.920721832,4.61489167648,7.86111691217,3.07899705887
sh600236,2009-08-11,8.2,8.24,8.08,8.15,-0.003667,11393802.0,92504690.0,6565336090.0,12061123960.0,0.014143904444,24.281009127,2009-03-31,2009-04-29,149.370962545,4.59796886871,7.83229019645,3.06770637666
sh600236,2009-08-12,8.1,8.13,7.7,7.73,-0.051534,11892255.0,94007957.0,6226999750.0,11439569100.0,0.0147626681935,23.0297116026,2009-03-31,2009-04-29,141.673279362,4.36101714103,7.42866095347,2.90961519624
sh600236,2009-08-13,7.75,7.82,7.54,7.72,-0.001294,10774957.0,82620644.0,6218944120.0,11424770180.0,0.0133756898977,22.9999111558,2009-03-31,2009-04-29,141.489954138,4.35537398485,7.41904826619,2.90585015418
sh600236,2009-08-14,7.7,7.7,7.26,7.27,-0.05829,12475367.0,92851834.0,5856440900.0,10758818550.0,0.0154865249456,21.6592463345,2009-03-31,2009-04-29,133.242504711,4.10149923527,6.98659194276,2.73646814869
sh600236,2009-08-17,7.2,7.2,6.78,6.94,-0.045392,14013900.0,97725758.0,5590605210.0,10270454020.0,0.017396411005,20.6760898249,2009-03-31,2009-04-29,127.194360938,3.91532398198,6.66945656129,2.61225438649
sh600236,2009-08-18,6.82,7.13,6.8,7.06,0.017291,11423204.0,79511503.0,5687272730.0,10448041120.0,0.0141804031684,21.0336000941,2009-03-31,2009-04-29,129.393678633,3.98302384896,6.78477813469,2.65742287708
sh600236,2009-08-19,7.19,7.39,6.76,6.91,-0.021246,18094993.0,129899801.0,5566438330.0,10226057240.0,0.0224625504169,20.5867202265,2009-03-31,2009-04-29,126.644580536,3.89840052426,6.64062873844,2.60096327064
sh600236,2009-08-20,6.9,7.21,6.9,7.19,0.040521,10174538.0,72114989.0,5791995880.0,10640427150.0,0.0126303488013,21.4209147168,2009-03-31,2009-04-29,131.776345584,4.0563676119,6.90971365555,2.70635690333
sh600236,2009-08-21,7.29,7.29,7.1,7.23,0.005563,9518306.0,68537669.0,5824218390.0,10699622850.0,0.0118157232047,21.5400792653,2009-03-31,2009-04-29,132.509417395,4.07893318493,6.94815239262,2.72141236678
sh600236,2009-08-24,7.2,7.28,7.07,7.16,-0.009682,11384686.0,81800157.0,5767829000.0,10596030370.0,0.0141325881471,21.3315282179,2009-03-31,2009-04-29,131.226461215,4.03944095383,6.88088038116,2.69506365224
sh600236,2009-08-25,7.16,7.21,6.87,7.2,0.005587,11303661.0,79117357.0,5800051510.0,10655226070.0,0.0140320062778,21.450707466,2009-03-31,2009-04-29,131.959623454,4.06200931044,6.91932385984,2.71012097287
sh600236,2009-08-26,7.1,7.42,7.1,7.37,0.023611,12735119.0,93499977.0,5936997170.0,10906807800.0,0.0158089728431,21.95718012,2009-03-31,2009-04-29,135.075322124,4.15791741227,7.0826960155,2.77410963916
sh600236,2009-08-27,7.31,7.5,7.23,7.38,0.001357,9114282.0,67280329.0,5945052800.0,10921606720.0,0.0113141806175,21.9869760134,2009-03-31,2009-04-29,135.258619336,4.1635597062,7.09230723399,2.77787410594
sh600236,2009-08-28,7.46,7.48,7.21,7.31,-0.009485,8663341.0,63454857.0,5888663410.0,10818014250.0,0.0107543967622,21.778429546,2009-06-30,2009-08-28,93.0451606334,4.04137125772,6.43229982437,2.78323404181
sh600236,2009-08-31,7.24,7.25,6.75,6.8,-0.069767,9101673.0,63639072.0,5477826430.0,10063269070.0,0.0112985282011,20.2590138518,2009-06-30,2009-08-28,86.5536789115,3.75941690919,5.98353756252,2.58905615241
sh600236,2009-09-01,6.7,6.96,6.7,6.76,-0.005882,6184479.0,42388778.0,5445603920.0,10004073370.0,0.00767721609103,20.1398503323,2009-06-30,2009-08-28,86.0445701721,3.73730401893,5.94834239458,2.57382732412
sh600236,2009-09-02,6.73,6.91,6.71,6.84,0.011834,3484109.0,23697504.0,5510048940.0,10122464770.0,0.00432506241224,20.3781853212,2009-06-30,2009-08-28,87.0628216155,3.78153127469,6.01873507847,2.60428599668
sh600236,2009-09-03,6.81,7.1,6.81,7.07,0.033626,8415582.0,58763705.0,5695328360.0,10462840050.0,0.0104468365964,21.0634221808,2009-06-30,2009-08-28,89.9903960552,3.90868904533,6.22112106422,2.6918577176
sh600236,2009-09-04,7.02,7.12,7.0,7.11,0.005658,6993101.0,49378063.0,5727550870.0,10522035750.0,0.0086810137943,21.1825990235,2009-06-30,2009-08-28,90.499561716,3.93080440795,6.2563201672,2.70708824857
sh600236,2009-09-07,7.11,7.2,7.07,7.11,0.0,7411711.0,52868835.0,5727550870.0,10522035750.0,0.00920066297203,21.1825990235,2009-06-30,2009-08-28,90.499561716,3.93080440795,6.2563201672,2.70708824857
sh600236,2009-09-08,7.11,7.25,7.02,7.2,0.012658,6672934.0,47727062.0,5800051510.0,10655226070.0,0.00828356864024,21.4507283619,2009-06-30,2009-08-28,91.6451051682,3.98056053014,6.33551266788,2.74135457162
sh600236,2009-09-09,7.2,7.28,7.12,7.23,0.004167,7542101.0,54292624.0,5824218390.0,10699622850.0,0.0093625249911,21.540113547,2009-06-30,2009-08-28,92.0269903215,3.99714752587,6.36191274917,2.75277779612
sh600236,2009-09-10,7.27,7.41,7.21,7.22,-0.001383,7585489.0,55447668.0,5816162770.0,10684823920.0,0.0094163854668,21.51032357,2009-06-30,2009-08-28,91.8997169939,3.99161947084,6.35311422384,2.74897070443
sh600236,2009-09-11,7.27,7.4,7.25,7.32,0.01385,7971521.0,58351885.0,5896719040.0,10832813170.0,0.00989559335016,21.8082415514,2009-06-30,2009-08-28,93.1725280742,4.04690340051,6.44110485584,2.78704394868
sh600236,2009-09-14,7.26,7.56,7.26,7.49,0.023224,11029322.0,82189683.0,6033664700.0,11084394900.0,0.0136914505342,22.3147161532,2009-06-30,2009-08-28,95.3363668662,4.14088868509,6.59069307501,2.85177025735
sh600236,2009-09-15,7.57,7.69,7.51,7.57,0.010681,10219415.0,77627123.0,6098109710.0,11202786300.0,0.0126860576849,22.5530596364,2009-06-30,2009-08-28,96.3546546007,4.18511751713,6.66108826774,2.88223001547
sh600236,2009-09-16,7.6,7.65,7.4,7.46,-0.014531,7976584.0,59810212.0,6009497820.0,11039998120.0,0.00990187839689,22.2253411269,2009-06-30,2009-08-28,94.9545251147,4.12430357449,6.56429599412,2.84034833111
sh600236,2009-09-17,7.44,7.67,7.44,7.66,0.02681,10721758.0,80902241.0,6170610360.0,11335976630.0,0.0133096503407,22.8212025225,2009-06-30,2009-08-28,97.500255933,4.23487615332,6.74028476973,2.91649806987
sh600236,2009-09-18,7.61,7.68,7.24,7.42,-0.031332,12258272.0,91376249.0,5977275310.0,10980802420.0,0.0152170300886,22.106168605,2009-06-30,2009-08-28,94.4453779142,4.10218901369,6.52909816732,2.82511835234
sh600236,2009-09-22,7.8,8.16,7.68,7.72,0.040431,40834941.0,325680679.0,6218944120.0,11424770180.0,0.0506912006986,22.9999431079,2009-06-30,2009-08-28,98.2638989886,4.2680446177,6.79307613532,2.93934071245
sh600236,2009-09-23,7.61,7.73,7.41,7.48,-0.031088,16292515.0,123126038.0,6025609070.0,11069595970.0,0.0202250114112,22.2849208766,2009-06-30,2009-08-28,95.2090708968,4.13535964663,6.58189298443,2.84796248838
sh600236,2009-09-24,7.4,7.48,7.13,7.28,-0.026738,8869423.0,64989088.0,5864496530.0,10773617470.0,0.0110102204187,21.6890666622,2009-06-30,2009-08-28,92.6633707592,4.02478840039,6.40590632981,2.77181366736
sh600236,2009-09-25,7.28,7.43,7.17,7.32,0.005495,8194955.0,59647339.0,5896719040.0,10832813170.0,0.0101729572315,21.8082480835,2009-06-30,2009-08-28,93.1725559815,4.04690461265,6.44110678509,2.78704478347
sh600236,2009-09-28,7.35,7.42,7.05,7.06,-0.035519,4549186.0,32968237.0,5687272730.0,10448041120.0,0.00564721522683,21.0336409198,2009-06-30,2009-08-28,89.8631599656,3.90316260772,6.21232511319,2.6880517398
sh600236,2009-09-29,7.06,7.17,6.85,7.06,0.0,5416470.0,37864163.0,5687272730.0,10448041120.0,0.00672383407926,21.0336409198,2009-06-30,2009-08-28,89.8631599656,3.90316260772,6.21232511319,2.6880517398
sh600236,2009-09-30,7.09,7.27,7.06,7.26,0.028329,7094095.0,50865476.0,5848385270.0,10744019620.0,0.00880638455271,21.6295029334,2009-06-30,2009-08-28,92.4088934243,4.01373530123,6.38831407133,2.76420155754
sh600236,2009-10-09,7.28,7.74,7.28,7.71,0.061983,12227673.0,92357983.0,6210888490.0,11409971250.0,0.015179045475,22.9701644137,2009-06-30,2009-08-28,98.1366738654,4.26251865641,6.78428094241,2.93553506268
sh600236,2009-10-12,7.69,8.25,7.5,8.08,0.04799,30274777.0,241072993.0,6508946700.0,11957531480.0,0.0375821479933,24.072502604,2009-06-30,2009-08-28,102.846252844,4.46707692673,7.10985858483,3.07641139034
sh600236,2009-10-13,7.9,7.98,7.75,7.97,-0.013614,17406124.0,136961012.0,6420334800.0,11794743300.0,0.0216074102989,23.7447795535,2009-06-30,2009-08-28,101.446103958,4.40626214145,7.01306497006,3.03452912567
sh600236,2009-10-14,8.0,8.05,7.85,7.9,-0.008783,13057612.0,103606656.0,6363945410.0,11691150830.0,0.0162093054158,23.5362291547,2009-06-30,2009-08-28,100.555102827,4.36756194106,6.95146922043,3.00787685636
sh600236,2009-10-15,8.0,8.05,7.78,7.88,-0.002532,10178551.0,80076454.0,6347834150.0,11661552980.0,0.0126353304111,23.4766354225,2009-06-30,2009-08-28,100.300497307,4.35650327423,6.93386810036,3.00026091216
sh600236,2009-10-16,7.95,7.97,7.77,7.86,-0.002538,7700549.0,60414159.0,6331722900.0,11631955130.0,0.00955921730877,23.4170517218,2009-06-30,2009-08-28,100.045934644,4.34544646892,6.91626994312,2.99264624996
sh600236,2009-10-19,7.9,8.09,7.88,8.04,0.022901,15759483.0,126194415.0,6476724190.0,11898335780.0,0.0195633223838,23.9533256233,2009-06-30,2009-08-28,102.337086594,4.4449615385,7.07465944109,3.06118084173
sh600236,2009-10-20,8.05,8.14,7.9,7.97,-0.008706,14797143.0,118106405.0,6420334800.0,11794743300.0,0.0183687040293,23.7447879704,2009-06-30,2009-08-28,101.446139918,4.40626370335,7.013067456,3.03453020133
sh600236,2009-10-21,7.99,8.09,7.88,7.89,-0.010038,13067865.0,104326495.0,6355889780.0,11676351900.0,0.0162220331722,23.5064377887,2009-06-30,2009-08-28,100.427823565,4.36203362829,6.94267028487,3.00406958717
sh600236,2009-10-22,7.88,7.93,7.76,7.86,-0.003802,8696250.0,67935841.0,6331722900.0,11631955130.0,0.0107952489519,23.4170663123,2009-06-30,2009-08-28,100.04599698,4.34544917644,6.91627425245,2.9926481146
sh600236,2009-10-23,7.87,8.05,7.87,7.99,0.016539,12058321.0,96160646.0,6436446050.0,11824341150.0,0.0149688172699,23.804361172,2009-06-30,2009-08-28,101.700657724,4.41731856037,7.03066251231,3.04214352176
sh600236,2009-10-26,7.99,8.05,7.87,8.04,0.006258,7673546.0,61086688.0,6476724190.0,11898335780.0,0.0095256966377,23.9533288642,2009-06-30,2009-08-28,102.33710044,4.44496213992,7.07466039831,3.06118125592
sh600236,2009-10-27,8.0,8.08,7.86,7.95,-0.011194,9147397.0,72725110.0,6404223540.0,11765145450.0,0.0113552885367,23.6851953009,2009-06-30,2009-08-28,101.191538938,4.39520523372,6.99546664981,3.02691439294
sh600236,2009-10-28,7.96,8.02,7.79,7.89,-0.007547,9422349.0,74308308.0,6355889780.0,11676351900.0,0.011696605225,23.506443132,2009-06-30,2009-08-28,100.427846394,4.36203461982,6.94267186301,3.00407027002
sh600236,2009-10-29,7.85,7.85,7.65,7.71,-0.022814,8575036.0,66186506.0,6210888490.0,11409971250.0,0.0106447777426,22.9701671384,2009-09-30,2009-10-29,42.3882566386,4.0818660322,7.3062839728,2.80358946723
sh600236,2009-10-30,7.75,7.84,7.64,7.71,0.0,6178170.0,47867087.0,6210888490.0,11409971250.0,0.00766938430414,22.9701671384,2009-09-30,2009-10-29,42.3882566386,4.0818660322,7.3062839728,2.80358946723
sh600236,2009-11-02,7.6,7.79,7.54,7.76,0.006485,8396506.0,64527762.0,6251166630.0,11483965880.0,0.0104231562549,23.1191286722,2009-09-30,2009-10-29,42.6631444829,4.10833693342,7.35366522436,2.82177074493
sh600236,2009-11-03,7.76,7.96,7.7,7.9,0.018041,11822231.0,92782895.0,6363945410.0,11691150830.0,0.0146757426224,23.5362208726,2009-09-30,2009-10-29,43.4328302725,4.18245544004,7.48633269868,2.87267831093
sh600236,2009-11-04,7.9,8.04,7.8,8.01,0.013924,16195500.0,128402782.0,6452557310.0,11853939010.0,0.0201045800553,23.8639392121,2009-09-30,2009-10-29,44.0375890013,4.24069194959,7.59057239517,2.91267748374
sh600236,2009-11-05,8.11,8.17,8.0,8.13,0.014981,26216538.0,212627302.0,6549224830.0,12031526110.0,0.0325443788345,24.2214448854,2009-09-30,2009-10-29,44.6973161221,4.30422175568,7.70428676022,2.95631230512
sh600236,2009-11-06,8.15,8.25,8.11,8.15,0.00246,19031428.0,155465691.0,6565336090.0,12061123960.0,0.0236250111302,24.2810296398,2009-09-30,2009-10-29,44.8072715197,4.3148101412,7.72323930565,2.96358483339
sh600236,2009-11-09,8.24,8.45,8.09,8.3,0.018405,25262218.0,209599508.0,6686170490.0,12283107830.0,0.0313597162552,24.7279219903,2009-09-30,2009-10-29,45.6319493521,4.39422422185,7.86538552507,3.01812961225
sh600236,2009-11-10,8.35,8.4,8.18,8.19,-0.013253,15002372.0,123820070.0,6597558590.0,12120319660.0,0.0186234688186,24.4002028402,2009-09-30,2009-10-29,45.0271891273,4.33598756824,7.76114557071,2.9781303405
sh600236,2009-11-11,8.18,8.19,8.05,8.1,-0.010989,10643399.0,86308393.0,6525057950.0,11987129330.0,0.0132123779682,24.1320690112,2009-09-30,2009-10-29,44.532385346,4.28833940085,7.67585834203,2.94540366619
sh600236,2009-11-12,8.13,8.2,8.08,8.12,0.002469,9574161.0,77994680.0,6541169210.0,12016727180.0,0.0118850598149,24.1916510896,2009-09-30,2009-10-29,44.6423358054,4.29892731083,7.69481003628,2.95267586784
sh600236,2009-11-13,8.1,8.25,7.95,8.14,0.002463,17181020.0,138666413.0,6557280460.0,12046325030.0,0.0213279733348,24.2512351262,2009-09-30,2009-10-29,44.7522898785,4.3095155688,7.7137623534,2.9599483085
sh600236,2009-11-16,8.18,8.32,8.08,8.3,0.019656,32270232.0,264644436.0,6686170490.0,12283107830.0,0.0400592425815,24.7279174038,2009-09-30,2009-10-29,45.6319408883,4.39422340682,7.86538406622,3.01812905245
sh600236,2009-11-17,8.32,8.35,8.19,8.29,-0.001205,18175259.0,150306648.0,6678114870.0,12268308910.0,0.0225621900855,24.6981202634,2009-09-30,2009-10-29,45.5769543996,4.38892836761,7.85590627842,3.01449220694
sh600236,2009-11-18,8.32,8.57,8.3,8.45,0.0193,30905204.0,260672235.0,6807004900.0,12505091710.0,0.038364740093,25.1747939845,2009-09-30,2009-10-29,46.4565896195,4.47363468511,8.00752526959,3.07267190654
sh600236,2009-11-19,8.5,8.5,8.33,8.47,0.002367,18570263.0,156467290.0,6823116150.0,12534689560.0,0.0230525355501,25.2343827218,2009-09-30,2009-10-29,46.5665523671,4.48422377841,8.02647908191,3.07994492094
sh600236,2009-11-20,8.6,8.69,8.33,8.35,-0.014168,46839011.0,398798578.0,6726448630.0,12357102460.0,0.0581444627564,24.8768619874,2009-09-30,2009-10-29,45.9067974532,4.42069129592,7.91275992627,3.0363082613
sh600236,2009-11-23,8.35,8.36,8.21,8.33,-0.002395,27785435.0,230158109.0,6710337370.0,12327504610.0,0.0344919578239,24.817281903,2009-09-30,2009-10-29,45.7968506733,4.41010374026,7.89380886625,3.02903630302
sh600236,2009-11-24,8.35,8.37,7.92,7.97,-0.043217,32228468.0,264861625.0,6420334800.0,11794743300.0,0.0400073980503,23.744753431,2009-09-30,2009-10-29,43.8176481777,4.21951228692,7.55266212848,2.89813044111
sh600236,2009-11-25,7.93,8.18,7.9,8.16,0.023839,17284040.0,138980393.0,6573391710.0,12075922880.0,0.0214558591093,24.310804608,2009-09-30,2009-10-29,44.8622170926,4.32010124033,7.73271004096,2.96721897269
sh600236,2009-11-26,8.16,8.17,7.77,7.79,-0.045343,17647878.0,140628073.0,6275333510.0,11528362650.0,0.0219075160549,23.2084797947,2009-09-30,2009-10-29,42.828029583,4.12421488979,7.38208576957,2.83267636281
sh600236,2009-11-27,7.72,7.94,7.71,7.81,0.002567,14094766.0,110201820.0,6291444770.0,11557960500.0,0.0174967954872,23.2680559623,2009-09-30,2009-10-29,42.9379691349,4.13480174941,7.40103558374,2.83994784304
sh600236,2009-11-30,7.9,8.03,7.84,8.02,0.026889,10865484.0,86351240.0,6460612930.0,11868737930.0,0.0134880672506,23.8937107191,2009-09-30,2009-10-29,44.092528187,4.24598243365,7.60004202955,2.91631120059
sh600236,2009-12-01,8.03,8.13,7.95,8.09,0.008728,12698525.0,102057940.0,6517002320.0,11972330410.0,0.0157635462143,24.1022550262,2009-09-30,2009-10-29,44.477367773,4.28304136833,7.66637519639,2.94176476475
sh600236,2009-12-02,8.1,8.18,8.06,8.11,0.002472,13614054.0,110567554.0,6533113580.0,12001928260.0,0.0169000548648,24.1618358006,2009-09-30,2009-10-29,44.5873158262,4.29362904659,7.68532647587,2.94903680725
sh600236,2009-12-03,8.1,8.22,8.05,8.22,0.013564,16016739.0,130247544.0,6621725480.0,12164716430.0,0.0198826718168,24.4895669414,2009-09-30,2009-10-29,45.192098178,4.35186783098,7.78957024419,2.9890375425
sh600236,2009-12-04,8.23,8.29,7.92,8.14,-0.009732,16843984.0,137242314.0,6557280460.0,12046325030.0,0.0209095875335,24.251234476,2009-09-30,2009-10-29,44.7522886786,4.30951545325,7.71376214657,2.95994822914
sh600236,2009-12-07,8.16,8.37,8.15,8.28,0.017199,28347235.0,235020881.0,6670059240.0,12253509980.0,0.0351893584981,24.6683314577,2009-09-30,2009-10-29,45.5219832916,4.38363480953,7.84643114173,3.01085637873
sh600236,2009-12-08,8.28,8.3,8.07,8.15,-0.0157,14347559.0,117064203.0,6565336090.0,12061123960.0,0.0178106047043,24.2810386538,2009-09-30,2009-10-29,44.8072881539,4.31481174302,7.72324217281,2.96358593358
sh600236,2009-12-09,8.05,8.14,7.9,7.95,-0.02454,11872753.0,95099084.0,6404223540.0,11765145450.0,0.0147384590435,23.6851819653,2009-09-30,2009-10-29,43.7077173026,4.20892626285,7.53371380989,2.89085953477
sh600236,2009-12-10,8.03,8.04,7.88,7.97,0.002516,8435843.0,67049398.0,6420334800.0,11794743300.0,0.0104719879577,23.7447738831,2009-09-30,2009-10-29,43.8176859193,4.21951592132,7.55266863383,2.89813293736
sh600236,2009-12-11,7.98,8.02,7.88,7.99,0.002509,8887795.0,70762833.0,6436446050.0,11824341150.0,0.0110330268441,23.8043495208,2009-09-30,2009-10-29,43.9276244933,4.23010268677,7.57161827943,2.9054043529
sh600236,2009-12-14,8.02,8.04,7.69,7.93,-0.007509,11993926.0,94054048.0,6388112290.0,11735547600.0,0.0148888793531,23.6256026602,2009-09-30,2009-10-29,43.597771961,4.19833884569,7.51476299777,2.88358767162
sh600236,2009-12-15,7.9,7.97,7.85,7.86,-0.008827,6519682.0,51551057.0,6331722900.0,11631955130.0,0.00809332646569,23.4170594655,2009-09-30,2009-10-29,43.2129344279,4.1612801087,7.44843018479,2.85813424324
sh600236,2009-12-16,7.85,7.92,7.81,7.83,-0.003817,5427356.0,42653126.0,6307556020.0,11587558350.0,0.00673734761059,23.3276765495,2009-09-30,2009-10-29,43.0479906572,4.14539650253,7.41999952678,2.84722474483
sh600236,2009-12-23,7.49,7.72,7.42,7.63,-0.025543,11257608.0,85760779.0,6146443480.0,11291579850.0,0.0139748375332,22.7318177074,2009-09-30,2009-10-29,41.9484158318,4.03951063966,7.23047047887,2.77449808318
sh600236,2009-12-24,7.65,7.83,7.63,7.79,0.02097,7372440.0,57019078.0,6275333510.0,11528362650.0,0.00915191320246,23.2085039248,2009-09-30,2009-10-29,42.8280741118,4.12421917778,7.38209344481,2.83267930798
sh600236,2009-12-25,7.79,7.8,7.69,7.71,-0.01027,5501566.0,42554430.0,6210888490.0,11409971250.0,0.0068294695563,22.9701525895,2009-09-30,2009-10-29,42.3882297907,4.08186344682,7.30627934513,2.80358769149
sh600236,2009-12-28,7.75,7.93,7.73,7.86,0.019455,6934262.0,54380692.0,6331722900.0,11631955130.0,0.00860797292945,23.4170369081,2009-09-30,2009-10-29,43.2128928012,4.16127610018,7.44842300979,2.85813149002
sh600236,2009-12-29,7.88,7.9,7.71,7.78,-0.010178,6050046.0,47127739.0,6267277880.0,11513563730.0,0.00751033523345,23.1786983064,2009-09-30,2009-10-29,42.7730719783,4.11892263203,7.37261296039,2.82904142772
sh600236,2009-12-30,7.78,7.88,7.75,7.87,0.011568,8562803.0,67145615.0,6339778530.0,11646754050.0,0.0106295920735,23.4468294884,2009-09-30,2009-10-29,43.267870875,4.16657032904,7.45789934712,2.86176777896
sh600236,2009-12-31,7.87,7.89,7.8,7.87,0.0,6974949.0,54736688.0,6339778530.0,11646754050.0,0.00865848047692,23.4468294884,2009-09-30,2009-10-29,43.267870875,4.16657032904,7.45789934712,2.86176777896
sh600236,2010-01-04,7.9,8.0,7.84,7.94,0.008895,9127023.0,72194259.0,6396167920.0,11750346530.0,0.0113299968866,23.6553890367,2009-09-30,2009-10-29,43.6527385864,4.20363197212,7.52423736181,2.88722320335
sh600236,2010-01-05,7.97,7.98,7.84,7.95,0.001259,6149219.0,48602078.0,6404223540.0,11765145450.0,0.00763344545122,23.6851711715,2009-09-30,2009-10-29,43.7076973843,4.20892434477,7.53371037665,2.89085821736
sh600236,2010-01-06,7.93,7.98,7.87,7.88,-0.008805,7191344.0,57053466.0,6347834150.0,11661552980.0,0.0089271063769,23.4766232394,2009-09-30,2009-10-29,43.3228511088,4.17186476591,7.46737605679,2.86540421076
sh600236,2010-01-07,7.88,7.91,7.69,7.7,-0.022843,7720987.0,60350810.0,6202832870.0,11395172330.0,0.00958458838824,22.9403467347,2009-09-30,2009-10-29,42.3332272209,4.07656685907,7.29679878552,2.79994978237
sh600236,2010-01-08,7.7,7.83,7.69,7.83,0.016883,4654783.0,36087406.0,6307556020.0,11587558350.0,0.00577829999043,23.3276486086,2009-09-30,2009-10-29,43.0479390961,4.14539153735,7.41999063942,2.84722133455
sh600236,2010-01-11,7.9,7.94,7.75,7.81,-0.002554,5987830.0,46775412.0,6291444770.0,11557960500.0,0.00743310225387,23.2680697941,2009-09-30,2009-10-29,42.9379946596,4.13480420736,7.40103998332,2.83994953126
sh600236,2010-01-12,7.79,8.19,7.74,8.18,0.047375,22771081.0,182894144.0,6589502970.0,12105520730.0,0.0282672977656,24.3703946006,2009-09-30,2009-10-29,44.9721821566,4.33069055669,7.75166425253,2.9744921403
sh600236,2010-01-13,8.0,8.15,7.98,8.06,-0.01467,19773669.0,159898598.0,6492835440.0,11927933630.0,0.0245464055901,24.0128809118,2009-09-30,2009-10-29,44.3124402444,4.26715932622,7.63794733795,2.9308563406
sh600236,2010-01-14,8.14,8.26,8.09,8.19,0.016129,15566456.0,127211930.0,6597558590.0,12120319660.0,0.019323704807,24.400184668,2009-09-30,2009-10-29,45.0271555931,4.33598433899,7.76113979056,2.97812812252
sh600236,2010-01-15,8.19,8.19,8.11,8.18,-0.001221,10179415.0,82850956.0,6589502970.0,12105520730.0,0.0126364029395,24.3703920426,2009-09-30,2009-10-29,44.9721774361,4.33069010211,7.75166343888,2.97449182808
sh600236,2010-01-18,8.2,8.23,8.07,8.2,0.002445,12740150.0,103947082.0,6605614220.0,12135118580.0,0.0158152181645,24.4299776511,2009-09-30,2009-10-29,45.08213441,4.34127863941,7.77061625599,2.9817644606
sh600236,2010-01-19,8.2,8.22,8.11,8.13,-0.008537,9828232.0,80169286.0,6549224830.0,12031526110.0,0.0122004555095,24.2214189319,2009-09-30,2009-10-29,44.6972682285,4.30421714367,7.70427850501,2.9563091374
sh600236,2010-01-20,8.13,8.14,7.81,7.89,-0.02952,13391474.0,106680353.0,6355889780.0,11676351900.0,0.0166237511218,23.506402645,2009-09-30,2009-10-29,43.3778048704,4.17715665359,7.47684820354,2.86903889167
sh600236,2010-01-21,7.89,7.93,7.81,7.88,-0.001267,6438639.0,50629032.0,6347834150.0,11661552980.0,0.00799272226103,23.4766200329,2009-09-30,2009-10-29,43.3228451916,4.17186419611,7.46737503687,2.86540381939
sh600236,2010-01-22,7.81,7.85,7.63,7.74,-0.017766,9838152.0,76121103.0,6235055380.0,11454368030.0,0.0122127698696,23.0595344014,2009-09-30,2009-10-29,42.5531715239,4.0977468568,7.33470965196,2.81449705514
sh600236,2010-01-25,7.7,7.8,7.66,7.71,-0.003876,4974043.0,38466232.0,6210888490.0,11409971250.0,0.00617461923391,22.970155646,2009-09-30,2009-10-29,42.3882354311,4.08186398998,7.30628031735,2.80358806455
sh600236,2010-01-26,7.71,7.75,7.44,7.49,-0.028534,5450301.0,41189855.0,6033664700.0,11084394900.0,0.00676583080429,22.3147252248,2009-09-30,2009-10-29,41.1787295213,3.96539208289,7.09780291478,2.72359048272
sh600236,2010-01-27,7.51,7.55,7.4,7.45,-0.00534,3518628.0,26315586.0,6001442190.0,11025199200.0,0.00436791320654,22.1955645921,2009-09-30,2009-10-29,40.9588351057,3.94421688917,7.05990064721,2.70904650954
sh600236,2010-01-28,7.41,7.51,7.39,7.46,0.001342,5458922.0,40603402.0,6009497820.0,11039998120.0,0.0067765326388,22.2253510398,2009-09-30,2009-10-29,41.0138018624,3.94951002823,7.06937503388,2.71268204996
sh600236,2010-01-29,7.48,7.59,7.45,7.46,0.0,5821577.0,43849108.0,6009497820.0,11039998120.0,0.00722672105404,22.2253510398,2009-09-30,2009-10-29,41.0138018624,3.94951002823,7.06937503388,2.71268204996
sh600236,2010-02-01,7.48,7.48,7.21,7.28,-0.024129,7449914.0,54414207.0,5864496530.0,10773617470.0,0.00924808696579,21.6890755446,2009-09-30,2009-10-29,40.0241798373,3.85421230076,6.89879808369,2.64722774477
sh600236,2010-02-02,7.31,7.36,7.17,7.18,-0.013736,6875723.0,50040879.0,5783940260.0,10625628220.0,0.00853530446734,21.3911544029,2009-09-30,2009-10-29,39.474407703,3.8012708406,6.80403619321,2.61086542447
sh600236,2010-02-03,7.21,7.32,7.01,7.3,0.016713,6708498.0,47986467.0,5880607780.0,10803215320.0,0.00832771666333,21.7486647664,2009-09-30,2009-10-29,40.134143479,3.86480148016,6.91775205011,2.65450081831
sh600236,2010-02-04,7.28,7.39,7.21,7.36,0.008219,5489501.0,40205152.0,5928941550.0,10892008870.0,0.00681449243837,21.9274170421,2009-09-30,2009-10-29,40.4640060042,3.89656628352,6.97460905421,2.67631816053
sh600236,2010-02-05,7.24,7.72,7.2,7.49,0.017663,14551078.0,109725043.0,6033664700.0,11084394900.0,0.0180632467396,22.3147210093,2009-09-30,2009-10-29,41.1787217423,3.96539133379,7.09780157393,2.7235899682
sh600236,2010-02-08,7.51,7.51,7.35,7.42,-0.009346,4894440.0,36248922.0,5977275310.0,10980802420.0,0.00607580258839,22.1061676268,2009-09-30,2009-10-29,40.7938654089,3.92833078638,7.03146552042,2.69813529636
sh600236,2010-02-09,7.43,7.48,7.41,7.46,0.005391,2971380.0,22106908.0,6009497820.0,11039998120.0,0.00368857689343,22.2253419765,2009-09-30,2009-10-29,41.0137851373,3.94950841765,7.06937215104,2.71268094374
sh600236,2010-02-10,7.5,7.5,7.38,7.46,0.0,3638290.0,27056091.0,6009497820.0,11039998120.0,0.0045164578161,22.2253419765,2009-09-30,2009-10-29,41.0137851373,3.94950841765,7.06937215104,2.71268094374
sh600236,2010-02-11,7.43,7.5,7.41,7.48,0.002681,3184079.0,23739809.0,6025609070.0,11069595970.0,0.00395261468896,22.2849281183,2009-09-30,2009-10-29,41.1237430952,3.96009704972,7.08832513778,2.71995364135
sh600236,2010-02-12,7.48,7.5,7.45,7.48,0.0,2841323.0,21253838.0,6025609070.0,11069595970.0,0.00352712826091,22.2849281183,2009-09-30,2009-10-29,41.1237430952,3.96009704972,7.08832513778,2.71995364135
sh600236,2010-02-22,7.51,7.63,7.48,7.56,0.010695,4779330.0,36014000.0,6090054090.0,11187987380.0,0.00593290868456,22.5232654245,2009-09-30,2009-10-29,41.5635615276,4.00245028767,7.16413477513,2.74904354555
sh600236,2010-02-23,7.63,7.65,7.51,7.64,0.010582,9118479.0,69264863.0,6154499100.0,11306378780.0,0.0113193906487,22.7616066193,2009-09-30,2009-10-29,42.0033871357,4.04480421661,7.23994564932,2.77813392435
sh600236,2010-02-24,7.6,7.8,7.54,7.68,0.005236,8415766.0,64630715.0,6186721610.0,11365574480.0,0.0104470650135,22.8807863915,2009-09-30,2009-10-29,42.2233168708,4.06598281149,7.27785400474,2.79268023358
sh600236,2010-02-25,7.72,7.77,7.67,7.77,0.011719,9157879.0,70600603.0,6259222260.0,11498764800.0,0.0113683005451,23.1489263272,2009-09-30,2009-10-29,42.7181319212,4.11363206406,7.36314317582,2.82540765323
sh600236,2010-02-26,7.77,7.85,7.68,7.7,-0.009009,7975772.0,61755351.0,6202832870.0,11395172330.0,0.00990087040665,22.94037765,2009-09-30,2009-10-29,42.3332842707,4.07657235279,7.29680861895,2.79995355568
sh600236,2010-03-01,7.67,7.75,7.65,7.72,0.002597,8923652.0,68702102.0,6218944120.0,11424770180.0,0.0110775385838,22.9999538107,2009-09-30,2009-10-29,42.4432238099,4.08715921119,7.31575843093,2.80722503507
sh600236,2010-03-02,7.71,7.71,7.62,7.66,-0.007772,6372806.0,48767353.0,6170610360.0,11335976630.0,0.00791099925486,22.8211981697,2009-09-30,2009-10-29,42.1133550745,4.0553938098,7.25890035641,2.7854072821
sh600236,2010-03-03,7.66,7.9,7.64,7.82,0.020888,11438155.0,89356706.0,6299500390.0,11572759430.0,0.0141989628641,23.2978873571,2009-09-30,2009-10-29,42.9930188353,4.1401028757,7.41052426705,2.8435888694
sh600236,2010-03-04,7.88,7.88,7.52,7.56,-0.033248,8446443.0,65112743.0,6090054090.0,11187987380.0,0.0104851464595,22.5232791982,2009-09-30,2009-10-29,41.5635869451,4.00245273529,7.16413915622,2.74904522667
sh600236,2010-03-05,7.55,7.63,7.53,7.6,0.005291,5973076.0,45286536.0,6122276600.0,12379583080.0,0.00741478710714,22.6424498685,2009-09-30,2009-10-29,41.7834998836,4.02362971271,7.20204461649,2.76359042497
sh600236,2010-03-08,7.63,7.65,7.55,7.6,0.0,5132564.0,39010327.0,6122276600.0,12379583080.0,0.00637140216762,22.6424498685,2009-09-30,2009-10-29,41.7834998836,4.02362971271,7.20204461649,2.76359042497
sh600236,2010-03-09,7.6,7.6,7.48,7.56,-0.005263,5089665.0,38407142.0,6090054090.0,12314427380.0,0.00631814871122,22.5232826548,2009-09-30,2009-10-29,41.5635933237,4.00245334954,7.16414025568,2.74904564856
sh600236,2010-03-10,7.56,7.68,7.52,7.57,0.001323,4620604.0,35087359.0,6098109710.0,12330716300.0,0.00573587126887,22.5530809577,2009-09-30,2009-10-29,41.6185819577,4.00774859532,7.17361841324,2.75268263596
sh600236,2010-03-11,7.61,7.63,7.47,7.52,-0.006605,4107753.0,30935411.0,6057831580.0,12249271680.0,0.0050992342973,22.404117858,2009-09-30,2009-10-29,41.3436912238,3.98127741585,7.12623666362,2.73450116714
sh600236,2010-03-12,7.54,7.55,7.36,7.42,-0.013298,4327063.0,32224203.0,5977275310.0,12086382420.0,0.005371478775,22.1061878987,2009-09-30,2009-10-29,40.7939028179,3.92833438877,7.03147196846,2.69813777062
sh600236,2010-03-15,7.4,7.43,7.28,7.31,-0.014825,3453694.0,25273219.0,5888663410.0,11907204250.0,0.00428730619874,21.7784636631,2009-09-30,2009-10-29,40.1891332087,3.87009683146,6.92723039653,2.65813787817
sh600236,2010-03-16,7.35,7.35,7.25,7.31,0.0,4683396.0,34137822.0,5888663410.0,11907204250.0,0.00581381926192,21.7784636631,2009-09-30,2009-10-29,40.1891332087,3.87009683146,6.92723039653,2.65813787817
sh600236,2010-03-17,7.35,7.47,7.32,7.46,0.02052,4632827.0,34343149.0,6009497820.0,12151538120.0,0.00575104450575,22.2253577375,2009-09-30,2009-10-29,41.0138142221,3.94951121844,7.06937716427,2.71268286743
sh600236,2010-03-18,7.46,7.64,7.42,7.6,0.018767,7923339.0,59583433.0,6122276600.0,12379583080.0,0.00983578174171,22.6424610262,2009-09-30,2009-10-29,41.7835204736,4.02363169547,7.20204816551,2.76359178681
sh600236,2010-03-19,7.55,7.6,7.52,7.58,-0.002632,4092890.0,30920400.0,6106165340.0,12347005230.0,0.00508078384265,22.5828660688,2009-09-30,2009-10-29,41.6735462477,4.01304149685,7.18309237474,2.75631801323
sh600236,2010-03-22,7.58,7.58,7.48,7.53,-0.006596,4789556.0,36017870.0,6065887210.0,12265560600.0,0.00594560291536,22.4339094842,2009-09-30,2009-10-29,41.3986675367,3.98657147514,7.13571269744,2.73813733961
sh600236,2010-03-23,7.52,7.52,7.38,7.41,-0.015936,6151164.0,45671500.0,5969219680.0,12070093500.0,0.00763585990858,22.0764027026,2009-09-30,2009-10-29,40.7389383708,3.92304147211,7.02199797989,2.69450238297
sh600236,2010-03-24,7.38,7.45,7.36,7.42,0.00135,4444728.0,32852328.0,5977275310.0,12086382420.0,0.00551754437424,22.1062058463,2009-09-30,2009-10-29,40.7939359376,3.9283375781,7.03147767716,2.69813996118
sh600236,2010-03-25,7.42,7.43,7.3,7.4,-0.002695,7003089.0,51536997.0,5961164050.0,12053804570.0,0.00869341258944,22.0466296215,2009-09-30,2009-10-29,40.6839962803,3.91775070833,7.01252784482,2.69086847399
sh600236,2010-03-26,7.35,7.61,7.35,7.58,0.024324,12145068.0,91701204.0,6106165340.0,12347005230.0,0.0150765022422,22.5828918404,2009-09-30,2009-10-29,41.6735938058,4.01304607655,7.18310057212,2.75632115875
sh600236,2010-03-29,7.6,7.71,7.53,7.7,0.015831,12389818.0,94782466.0,6202832870.0,12542472330.0,0.0153803271182,22.9404016012,2009-09-30,2009-10-29,42.3333284693,4.07657660899,7.29681623728,2.79995647901
sh600236,2010-03-30,7.69,7.72,7.61,7.68,-0.002597,7452460.0,57132972.0,6186721610.0,12509894480.0,0.00925124749552,22.8808253782,2009-09-30,2009-10-29,42.2233888153,4.06598973954,7.27786640551,2.79268499204
sh600236,2010-03-31,7.73,7.75,7.63,7.72,0.005208,14806536.0,113967072.0,6218944120.0,12575050180.0,0.0183803642088,22.9999887168,2009-09-30,2009-10-29,42.4432882242,4.0871654141,7.31576953375,2.80722929548
sh600236,2010-04-01,7.8,8.06,7.78,7.88,0.020725,28716496.0,226986463.0,6347834150.0,12835672980.0,0.0356477474258,23.4766634829,2009-12-31,2010-04-01,35.5343912481,3.79102047728,9.3291423227,2.81312027874
sh600236,2010-04-02,7.94,7.94,7.83,7.89,0.001269,11392062.0,89930206.0,6355889780.0,12851961900.0,0.014141744475,23.5064553689,2009-12-31,2010-04-01,35.5794843906,3.79583128227,9.3409810043,2.81669012838
sh600236,2010-04-06,7.92,7.96,7.8,7.87,-0.002535,11584659.0,91094692.0,6339778530.0,12819384050.0,0.0143808282732,23.4468665045,2009-12-31,2010-04-01,35.4892903976,3.78620884997,9.31730161746,2.8095498189
sh600236,2010-04-07,7.88,7.94,7.86,7.89,0.002541,7602461.0,60054579.0,6355889780.0,12851961900.0,0.00943745397832,23.5064449923,2009-12-31,2010-04-01,35.5794686845,3.79582960666,9.34097688087,2.81668888499
sh600236,2010-04-08,7.9,7.92,7.78,7.79,-0.012674,8068962.0,63210709.0,6275333510.0,12689072650.0,0.0100165535234,23.2085243085,2009-12-31,2010-04-01,35.1285344984,3.74772126222,9.22258933988,2.78099017006
sh600236,2010-04-09,7.83,7.87,7.82,7.86,0.008986,5410671.0,42481532.0,6331722900.0,12803095130.0,0.00671663538213,23.4170761079,2009-12-31,2010-04-01,35.4441995094,3.78139828548,9.30546352769,2.80598014773
sh600236,2010-04-12,7.87,7.96,7.87,7.94,0.010178,9219803.0,73014798.0,6396167920.0,12933406530.0,0.0114451710361,23.6554151085,2009-12-31,2010-04-01,35.804950572,3.81988535723,9.40017453547,2.83453941367
sh600236,2010-04-13,7.94,7.96,7.71,7.85,-0.011335,7423629.0,58256354.0,6323667270.0,12786806200.0,0.0092154576074,23.3872809783,2009-12-31,2010-04-01,35.3991014573,3.77658695671,9.29362355711,2.80240990942
sh600236,2010-04-14,7.86,7.92,7.82,7.92,0.008917,6833478.0,53943750.0,6380056660.0,12900828680.0,0.00848286287163,23.5958253628,2009-12-31,2010-04-01,35.714755245,3.8102627826,9.37649479837,2.82739899858
sh600236,2010-04-15,7.92,8.04,7.9,7.93,0.001263,10618336.0,84596052.0,6388112290.0,12917117600.0,0.0131812655535,23.6256268902,2009-12-31,2010-04-01,35.7598629809,3.8150751445,9.3883373113,2.83097000352
sh600236,2010-04-16,7.93,8.0,7.78,7.97,0.005044,7023856.0,55680526.0,6420334800.0,12982273300.0,0.00871919207702,23.7447945522,2009-12-31,2010-04-01,35.9402357298,3.83431838353,9.4356920847,2.84524941621
sh600236,2010-04-19,7.98,8.06,7.72,7.74,-0.028858,13587666.0,107807393.0,6235055380.0,12607628030.0,0.016867297631,23.059567271,2009-12-31,2010-04-01,34.9030724071,3.72366762361,9.16339688252,2.76314120856
sh600236,2010-04-20,7.76,7.82,7.65,7.79,0.00646,7173856.0,55595413.0,6275333510.0,12689072650.0,0.00890539732286,23.2085320756,2009-12-31,2010-04-01,35.1285462548,3.74772251646,9.22259242638,2.78099110077
sh600236,2010-04-21,7.81,7.98,7.81,7.95,0.020539,10276659.0,81395274.0,6404223540.0,12949695450.0,0.0127571185702,23.6852121159,2009-12-31,2010-04-01,35.8500514663,3.82469698923,9.41201525223,2.83810987699
sh600236,2010-04-23,7.96,8.02,7.75,7.8,-0.018868,10536616.0,82905244.0,6283389140.0,12705361580.0,0.0130798209324,23.2383195337,2010-03-31,2010-04-23,31.5679560963,3.69517462306,9.0110801628,4.3998641683
sh600236,2010-04-26,7.8,7.85,7.6,7.65,-0.019231,7289310.0,56065115.0,6162554730.0,12461027700.0,0.00904871825779,22.7914234108,2010-03-31,2010-04-23,30.9608727326,3.62411271988,8.83778808019,4.31525038048
sh600236,2010-04-27,7.6,7.72,7.3,7.69,0.005229,9030913.0,67832159.0,6194777240.0,12526183400.0,0.0112106889852,22.9105997638,2010-03-31,2010-04-23,31.1227671361,3.64306320529,8.88400087406,4.33781482471
sh600236,2010-04-28,7.62,7.84,7.56,7.76,0.009103,7679502.0,59133761.0,6251166630.0,12640205880.0,0.00953309022895,23.1191549534,2010-03-31,2010-04-23,31.4060776853,3.67622600965,8.96487193402,4.37730195306
sh600236,2010-04-29,7.78,7.82,7.56,7.61,-0.01933,5780413.0,44638990.0,6130332220.0,12395872000.0,0.00717562137766,22.6722616882,2010-03-31,2010-04-23,30.7989982037,3.60516456088,8.79158095953,4.29268870631
sh600236,2010-04-30,7.63,7.67,7.35,7.5,-0.014455,7197785.0,53895626.0,6041720330.0,12216693830.0,0.00893510201589,22.3445341455,2010-03-31,2010-04-23,30.3537986846,3.55305190716,8.66449865676,4.23063789106
sh600236,2010-05-04,7.4,7.58,7.4,7.53,0.004,3696745.0,27861812.0,6065887210.0,12265560600.0,0.00458902199898,22.4339122821,2010-03-31,2010-04-23,30.4752138794,3.56726411479,8.69915665139,4.24756044263
sh600236,2010-05-05,7.48,7.69,7.45,7.67,0.018592,7583655.0,57533880.0,6178665990.0,12493605550.0,0.00941410879697,22.8510035792,2010-03-31,2010-04-23,31.0418090558,3.63358668921,8.86089137185,4.32653108638
sh600236,2010-05-06,5.4,5.43,5.28,5.35,-0.009127,6281886.0,33713299.0,6033664700.0,12200404900.0,0.0055700957496,22.6424424695,2010-03-31,2010-04-23,30.7584904646,3.60042294349,8.7800180163,4.28704283715
sh600236,2010-05-07,5.18,5.24,5.07,5.12,-0.042991,7708798.0,39691784.0,5774273510.0,11675901510.0,0.00683532667645,21.6690212253,2010-03-31,2010-04-23,29.436152201,3.44563716073,8.40255626176,4.10273857854
sh600236,2010-05-10,5.1,5.18,4.97,5.12,0.0,5897113.0,29926533.0,5774273510.0,11675901510.0,0.00522892074782,21.6690212253,2010-03-31,2010-04-23,29.436152201,3.44563716073,8.40255626176,4.10273857854
sh600236,2010-05-11,5.19,5.23,4.94,5.04,-0.015625,4594962.0,23311993.0,5684050480.0,11493465550.0,0.0040743143576,21.3304427687,2010-03-31,2010-04-23,28.9762123229,3.39179908009,8.27126632017,4.03863328825
sh600236,2010-05-12,5.03,5.06,4.94,5.04,0.0,4742358.0,23732876.0,5684050480.0,11493465550.0,0.00420500915748,21.3304427687,2010-03-31,2010-04-23,28.9762123229,3.39179908009,8.27126632017,4.03863328825
sh600236,2010-05-13,5.04,5.09,4.98,5.09,0.009921,6556850.0,33090207.0,5740439870.0,11607488030.0,0.00581390403102,21.5420620914,2010-03-31,2010-04-23,29.2636853253,3.42544911877,8.35332555334,4.0787005691
sh600236,2010-05-14,5.08,5.08,4.95,4.99,-0.019646,10650666.0,53381851.0,5627661090.0,11379443070.0,0.00944385642455,21.1188467395,2010-03-31,2010-04-23,28.6887709634,3.35815274538,8.18921611951,3.99857041772
sh600236,2010-05-17,4.99,5.02,4.6,4.62,-0.074148,10348932.0,50343593.0,5210379610.0,10535676750.0,0.00917631140507,19.5529264915,2010-03-31,2010-04-23,26.561555974,3.10915243562,7.58200212268,3.70208441839
sh600236,2010-05-18,4.65,4.71,4.56,4.67,0.010823,5452797.0,25354834.0,5266769000.0,10649699230.0,0.00483494947092,19.7645478149,2010-03-31,2010-04-23,26.8490316943,3.14280279243,7.66406213166,3.74215207805
sh600236,2010-05-19,4.68,4.7,4.6,4.63,-0.008565,3088979.0,14370032.0,5221657490.0,10558481250.0,0.0027389718298,19.5952644629,2010-03-31,2010-04-23,26.6190697379,3.11588468651,7.5984194395,3.7101005455
sh600236,2010-05-20,4.63,4.66,4.49,4.5,-0.028078,4456957.0,20367670.0,5075045070.0,10262022810.0,0.00395194647996,19.0450686273,2010-03-31,2010-04-23,25.8716594978,3.02839687628,7.38507101848,3.60592834238
sh600236,2010-05-21,4.43,4.55,4.3,4.52,0.004444,5854241.0,25867253.0,5097600830.0,10307631800.0,0.00519090650729,19.1297049123,2010-03-31,2010-04-23,25.9866331526,3.041855072,7.41789027408,3.62195308794
sh600236,2010-05-24,4.53,4.73,4.51,4.68,0.035398,12378801.0,57702608.0,5278046880.0,10672503730.0,0.0109761792567,19.8068582068,2010-03-31,2010-04-23,26.9065079929,3.14953065784,7.68046875401,3.75016298334
sh600236,2010-05-25,4.66,4.67,4.6,4.63,-0.010684,5434805.0,25146766.0,5221657490.0,10558481250.0,0.00481899611344,19.5952417337,2010-03-31,2010-04-23,26.6190388615,3.11588107229,7.59841062584,3.71009624203
sh600236,2010-05-26,4.64,4.69,4.62,4.65,0.00432,3480461.0,16193806.0,5244213240.0,10604090240.0,0.00308609564664,19.679893178,2010-03-31,2010-04-23,26.7340331094,3.12934167852,7.63123575974,3.72612385779
sh600236,2010-05-27,4.66,4.81,4.65,4.76,0.023656,8734142.0,41415112.0,5368269900.0,10854939690.0,0.0077444906263,20.145440731,2010-03-31,2010-04-23,27.3664533966,3.20336938527,7.81176027287,3.81426904377
sh600236,2010-05-28,4.78,4.79,4.7,4.74,-0.004202,5159142.0,24451019.0,5345714140.0,10809330700.0,0.00457456804452,20.060789589,2010-03-31,2010-04-23,27.2514595595,3.18990882711,7.77893525621,3.79824148525
sh600236,2010-05-31,4.73,4.78,4.62,4.62,-0.025316,4351726.0,20521807.0,5210379610.0,10535676750.0,0.00385863902918,19.5529306398,2010-03-31,2010-04-23,26.5615616093,3.10915309525,7.58200373126,3.70208520381
sh600236,2010-06-01,4.62,4.62,4.47,4.59,-0.006494,3938254.0,17931599.0,5176545970.0,10467263270.0,0.00349201687086,19.4259539082,2010-03-31,2010-04-23,26.3890708282,3.08896225505,7.53276619903,3.6780438625
sh600236,2010-06-02,4.58,4.61,4.49,4.61,0.004357,2939836.0,13363968.0,5199101730.0,10512872260.0,0.00260672798184,19.5105927894,2010-03-31,2010-04-23,26.5040480098,3.10242086359,7.56558646136,3.69406909961
sh600236,2010-06-03,4.64,4.67,4.57,4.59,-0.004338,3033892.0,14071860.0,5176545970.0,10467263270.0,0.00269012665215,19.4259558379,2010-03-31,2010-04-23,26.3890734495,3.08896256188,7.53276694729,3.67804422785
sh600236,2010-06-04,4.57,4.74,4.51,4.69,0.021786,5195462.0,24168661.0,5289324750.0,10695308220.0,0.00460677268493,19.8491697118,2010-03-31,2010-04-23,26.9639858037,3.15625870026,7.696875808,3.7581740994
sh600236,2010-06-07,4.62,4.71,4.59,4.7,0.002132,5159074.0,24055349.0,5300602630.0,10718112720.0,0.004574507748,19.8914881416,2010-03-31,2010-04-23,27.0214730214,3.16298784381,7.71328554723,3.76618652658
sh600236,2010-06-08,4.7,4.72,4.65,4.69,-0.002128,3643315.0,17070770.0,5289324750.0,10695308220.0,0.00323049692685,19.8491590548,2010-03-31,2010-04-23,26.9639713268,3.15625700568,7.69687167558,3.75817208165
sh600236,2010-06-09,4.71,4.76,4.65,4.75,0.012793,5714012.0,26884661.0,5356992020.0,10832135190.0,0.00506656662893,20.1030893466,2010-03-31,2010-04-23,27.308921412,3.19663500155,7.79533775493,3.80625037709
sh600236,2010-06-10,4.73,4.78,4.7,4.75,0.0,4096035.0,19449391.0,5356992020.0,10832135190.0,0.00363191996131,20.1030893466,2010-03-31,2010-04-23,27.308921412,3.19663500155,7.79533775493,3.80625037709
sh600236,2010-06-11,4.77,4.77,4.67,4.69,-0.012632,5592516.0,26356884.0,5289324750.0,10695308220.0,0.00495883714457,19.849147122,2010-03-31,2010-04-23,26.9639551167,3.15625510821,7.69686704841,3.75816982233
sh600236,2010-06-17,4.67,4.72,4.6,4.62,-0.014925,4417800.0,20600099.0,5210379610.0,10535676750.0,0.00391722629208,19.5528986012,2010-03-31,2010-04-23,26.5615180866,3.10914800072,7.58199130771,3.70207913773
sh600236,2010-06-18,4.65,4.65,4.4,4.48,-0.030303,4852498.0,22063855.0,5052489320.0,10216413820.0,0.00430266937012,18.9603871149,2010-03-31,2010-04-23,25.756624404,3.01493148885,7.35223422511,3.58989503362
sh600236,2010-06-21,4.51,4.64,4.45,4.64,0.035714,4688228.0,21317204.0,5232935360.0,10581285740.0,0.00415701254143,19.6375383803,2010-03-31,2010-04-23,26.676496488,3.12260675205,7.61481191823,3.71810454485
sh600236,2010-06-22,4.64,4.65,4.59,4.61,-0.006466,3106232.0,14317964.0,5199101730.0,10512872260.0,0.0027542699227,19.5105620571,2010-03-31,2010-04-23,26.5040062617,3.10241597679,7.56557454437,3.69406328086
sh600236,2010-06-23,4.61,4.64,4.48,4.53,-0.017354,3964438.0,17980985.0,5108878710.0,10330436300.0,0.00351523399936,19.1719757632,2010-03-31,2010-04-23,26.044055737,3.04857664993,7.43428156372,3.62995650669
sh600236,2010-06-24,4.55,4.57,4.5,4.54,0.002208,2554005.0,11542338.0,5120156580.0,10353240790.0,0.00226461486457,19.2143074857,2010-03-31,2010-04-23,26.1015610121,3.05530790717,7.45069645742,3.63797145066
sh600236,2010-06-25,4.53,4.56,4.39,4.5,-0.008811,3564475.0,15922951.0,5075045070.0,10262022810.0,0.00316059015807,19.0450102224,2010-03-31,2010-04-23,25.871580158,3.0283875892,7.38504837093,3.6059172842
sh600236,2010-06-28,4.52,4.54,4.46,4.52,0.004444,1747130.0,7875798.0,5097600830.0,10307631800.0,0.00154916555128,19.1296462479,2010-03-31,2010-04-23,25.9865534602,3.04184574365,7.41786752589,3.62194198061
sh600236,2010-06-29,4.52,4.53,4.3,4.35,-0.037611,4234481.0,18670115.0,4905876900.0,9919955390.0,0.00375467887301,18.4101611228,2010-03-31,2010-04-23,25.009173198,2.92743888338,7.13887411037,3.48571712078
sh600236,2010-06-30,4.35,4.38,4.24,4.31,-0.009195,3675754.0,15828748.0,4860765390.0,9828737410.0,0.00325926031579,18.2408796913,2010-03-31,2010-04-23,24.7792138505,2.90052108285,7.07323216293,3.45366595186
sh600236,2010-07-01,4.31,4.35,4.2,4.29,-0.00464,4142178.0,17648229.0,4838209640.0,9783128420.0,0.00367283456944,18.1562420095,2010-03-31,2010-04-23,24.6642382982,2.88706266502,7.04041236569,3.43764094184
sh600236,2010-07-02,4.29,4.35,4.19,4.3,0.002331,2888761.0,12347674.0,4849487510.0,9805932910.0,0.00256144020876,18.1985642097,2010-03-31,2010-04-23,24.7217306377,2.8937924081,7.05682356692,3.44565408287
sh600236,2010-07-05,4.28,4.32,4.22,4.29,-0.002326,1863817.0,7941594.0,4838209640.0,9783128420.0,0.00165263093684,18.1562343493,2010-03-31,2010-04-23,24.6642278922,2.88706144696,7.0404093953,3.43763949148
sh600236,2010-07-06,4.3,4.35,4.27,4.33,0.009324,3626187.0,15633080.0,4883321150.0,9874346400.0,0.00321530966891,18.3255230784,2010-03-31,2010-04-23,24.8941971531,2.91398040789,7.1060541725,3.4696920421
sh600236,2010-07-07,4.33,4.34,4.26,4.32,-0.002309,2826372.0,12153129.0,4872043270.0,9851541900.0,0.00250612040233,18.2832094456,2010-03-31,2010-04-23,24.8367164519,2.90725202712,7.08964629342,3.46168052317
sh600236,2010-07-08,4.33,4.33,4.27,4.3,-0.00463,2256798.0,9690313.0,4849487510.0,9805932910.0,0.00200108390422,18.1985581859,2010-03-31,2010-04-23,24.7217224547,2.89379145024,7.05682123108,3.44565294235
sh600236,2010-07-09,4.32,4.39,4.28,4.37,0.016279,4504667.0,19560092.0,4928432660.0,9965564380.0,0.00399425053522,18.4948125146,2010-03-31,2010-04-23,25.1241673745,2.94089948126,7.1716992239,3.5017447266
sh600236,2010-07-12,4.4,4.44,4.37,4.42,0.011442,4317365.0,19028138.0,4984822050.0,10079586850.0,0.00382817141888,18.7064301594,2010-03-31,2010-04-23,25.4116380976,2.97454925312,7.25375780642,3.54181168976
sh600236,2010-07-13,4.42,4.49,4.38,4.42,0.0,5090580.0,22570901.0,4984822050.0,10079586850.0,0.00451377468931,18.7064301594,2010-03-31,2010-04-23,25.4116380976,2.97454925312,7.25375780642,3.54181168976
sh600236,2010-07-14,4.38,4.62,4.38,4.6,0.040724,11404633.0,51583568.0,5187823850.0,10490067760.0,0.0101123926557,19.4682308212,2010-03-31,2010-04-23,26.4465016475,3.09568479691,7.54915983933,3.68604842901
sh600236,2010-07-15,4.58,4.58,4.46,4.49,-0.023913,5062440.0,22891489.0,5063767200.0,10239218320.0,0.00448882318287,19.0026870175,2010-03-31,2010-04-23,25.8140864536,3.02165768636,7.36863678009,3.59790395293
sh600236,2010-07-16,4.46,4.53,4.44,4.5,0.002227,3604096.0,16129205.0,5075045070.0,10262022810.0,0.00319572176726,19.0450060015,2010-03-31,2010-04-23,25.8715744242,3.02838691803,7.3850467342,3.60591648503
sh600236,2010-07-19,4.5,4.56,4.47,4.55,0.011111,5557450.0,25073636.0,5131434460.0,10376045290.0,0.00492774441477,19.2566150632,2010-03-31,2010-04-23,26.1590334876,3.06203532507,7.46710198846,3.6459818231
sh600236,2010-07-20,4.55,4.62,4.52,4.61,0.013187,8985654.0,41189781.0,5199101730.0,10512872260.0,0.00796750421346,19.510552046,2010-03-31,2010-04-23,26.5039926622,3.1024143849,7.56557066239,3.6940613854
sh600236,2010-07-21,4.62,4.77,4.57,4.7,0.019523,12839599.0,60124342.0,5300602630.0,10718112720.0,0.0113847649998,19.8914565536,2010-03-31,2010-04-23,27.0214301109,3.16298282094,7.71327329843,3.76618054583
sh600236,2010-07-22,4.68,4.71,4.63,4.69,-0.002128,5817071.0,27180854.0,5289324750.0,10695308220.0,0.00515794818422,19.8491275341,2010-03-31,2010-04-23,26.9639285077,3.1562519935,7.69685945285,3.75816611363
sh600236,2010-07-23,4.7,4.71,4.62,4.66,-0.006397,4347314.0,20264184.0,5255491120.0,10626894740.0,0.003854726947,19.7221526653,2010-03-31,2010-04-23,26.791440257,3.13606144949,7.64762264293,3.734125125
sh600236,2010-07-26,4.67,4.71,4.66,4.69,0.006438,4993060.0,23375766.0,5289324750.0,10695308220.0,0.00442730452502,19.8491238841,2010-03-31,2010-04-23,26.9639235494,3.15625141311,7.6968580375,3.75816542255
sh600236,2010-07-27,4.7,4.7,4.64,4.64,-0.010661,4246242.0,19771360.0,5232935360.0,10581285740.0,0.0037651072533,19.6375123744,2010-03-31,2010-04-23,26.6764611604,3.12260261679,7.61480183397,3.71809962098
sh600236,2010-07-28,4.68,4.74,4.63,4.72,0.017241,8000904.0,37545079.0,5323158390.0,10763721710.0,0.0070943346249,19.9760827252,2010-03-31,2010-04-23,27.1363900273,3.17643940851,7.74608863238,3.78220337655
sh600236,2010-07-29,4.73,4.8,4.69,4.79,0.014831,10888630.0,51475176.0,5402103530.0,10923353170.0,0.00965485711452,20.2723480081,2010-03-31,2010-04-23,27.5388498278,3.22354918137,7.86097087289,3.83829723482
sh600236,2010-07-30,4.77,4.87,4.73,4.83,0.008351,13383005.0,64255104.0,5447215050.0,11014571150.0,0.0118665985383,20.4416423864,2010-03-31,2010-04-23,27.7688267627,3.25046904059,7.92661784065,3.87035085503
sh600236,2010-08-02,4.83,4.89,4.8,4.86,0.006211,9806739.0,47560004.0,5481048680.0,11082984640.0,0.00869555341005,20.5686054272,2010-03-31,2010-04-23,27.9412989457,3.2706577038,7.97585006406,3.89438960419
sh600236,2010-08-03,4.87,4.87,4.74,4.75,-0.022634,8327507.0,39903891.0,5356992020.0,10832135190.0,0.00738393077726,20.103055612,2010-03-31,2010-04-23,27.3088755854,3.19662963733,7.79532467371,3.80624398989
sh600236,2010-08-04,4.73,4.77,4.66,4.74,-0.002105,6515016.0,30644659.0,5345714140.0,10809330700.0,0.00577681017564,20.0607386799,2010-03-31,2010-04-23,27.2513904023,3.18990073195,7.77891551527,3.79823184629
sh600236,2010-08-05,4.76,4.8,4.7,4.73,-0.00211,5635813.0,26758576.0,5334436270.0,10786526200.0,0.00499722822445,20.0184105213,2010-03-31,2010-04-23,27.1938899685,3.1831700414,7.76250200353,3.7902175771
sh600236,2010-08-06,4.74,4.8,4.68,4.79,0.012685,5359138.0,25452251.0,5402103530.0,10923353170.0,0.00475190282405,20.2723440588,2010-03-31,2010-04-23,27.5388444628,3.22354855338,7.86096934145,3.83829648706
sh600236,2010-08-09,4.8,4.89,4.8,4.88,0.018789,9284170.0,44961508.0,5503604430.0,11128593630.0,0.00823219585932,20.6532411313,2010-03-31,2010-04-23,28.0562718114,3.28411580715,8.00866909441,3.91041423976
sh600236,2010-08-10,4.87,4.92,4.73,4.75,-0.026639,8687021.0,41913596.0,5356992020.0,10832135190.0,0.00770270883286,20.1030594408,2010-03-31,2010-04-23,27.3088807866,3.19663024616,7.7953261584,3.80624471483
sh600236,2010-08-11,4.75,4.8,4.71,4.76,0.002105,5499019.0,26201721.0,5368269900.0,10854939690.0,0.00487593413289,20.1453763809,2010-03-31,2010-04-23,27.3663659807,3.20335915283,7.81173531996,3.81425685995
sh600236,2010-08-12,4.72,4.75,4.61,4.7,-0.012605,6642719.0,31108770.0,5300602630.0,10718112720.0,0.00589004335532,19.8914439116,2010-03-31,2010-04-23,27.0214129375,3.16298081071,7.71326839626,3.76617815223
sh600236,2010-08-13,4.71,4.82,4.69,4.81,0.023404,6668469.0,31689218.0,5424659290.0,10968962160.0,0.00591287566191,20.3569832649,2010-03-31,2010-04-23,27.6538220859,3.2370072136,7.8937897298,3.8543217857
sh600236,2010-08-16,4.91,5.29,4.9,5.29,0.099792,44097302.0,228092392.0,5965997430.0,12063577930.0,0.0391007086941,22.3884473389,2010-03-31,2010-04-23,30.4134522994,3.56003463746,8.68152679452,4.23895226534
sh600236,2010-08-17,5.4,5.46,5.18,5.27,-0.003781,40845263.0,216567439.0,5943441670.0,12017968940.0,0.0362171529497,22.3037966195,2010-06-30,2010-08-17,27.0037610551,3.24225488676,8.33221341218,4.24518992593
sh600236,2010-08-18,5.2,5.24,5.11,5.19,-0.01518,14592965.0,75348624.0,5853218650.0,11835532980.0,0.0129394599585,21.9652249868,2010-06-30,2010-08-17,26.5938439623,3.19303745758,8.20573041258,4.18074794286
sh600236,2010-08-19,5.16,5.2,5.04,5.1,-0.017341,16608085.0,84819770.0,5751717750.0,11630292520.0,0.0147262499972,21.5843260203,2010-06-30,2010-08-17,26.1326801142,3.13766699503,8.06343484149,4.10824959278
sh600236,2010-08-20,5.06,5.14,5.04,5.04,-0.011765,10788850.0,54709769.0,5684050480.0,11493465550.0,0.00956638302058,21.3303864247,2010-06-30,2010-08-17,25.8252291326,3.10075234283,7.96856853058,4.05991603632
sh600236,2010-08-23,5.04,5.13,5.02,5.13,0.017857,8819859.0,44839313.0,5785551380.0,11698706010.0,0.00782049517811,21.7112831351,2010-06-30,2010-08-17,26.2863902493,3.15612247742,8.11086325883,4.13241395698
sh600236,2010-08-24,5.11,5.13,5.04,5.08,-0.009747,8202073.0,41665590.0,5729161990.0,11584683530.0,0.00727270950145,21.4996632584,2010-06-30,2010-08-17,26.0301768035,3.12535975163,8.03180667465,4.09213531814
sh600236,2010-08-25,5.06,5.06,4.91,4.93,-0.029528,10473525.0,51972974.0,5559993820.0,11242616100.0,0.00928678698603,20.8648212017,2010-06-30,2010-08-17,25.2615577428,3.03307412888,7.79464348716,3.97130274647
sh600236,2010-08-26,4.92,4.99,4.89,4.92,-0.002028,5117105.0,25234597.0,5548715950.0,11219811610.0,0.00453729418245,20.8225073443,2010-06-30,2010-08-17,25.2103273037,3.02692305455,7.77883595017,3.9632489445
sh600236,2010-08-27,4.91,4.95,4.88,4.92,0.0,3632497.0,17829068.0,5548715950.0,11219811610.0,0.00322090469237,20.8225073443,2010-06-30,2010-08-17,25.2103273037,3.02692305455,7.77883595017,3.9632489445
sh600236,2010-08-30,4.95,5.07,4.92,5.02,0.020325,7056225.0,35269818.0,5661494730.0,11447856560.0,0.00625669565889,21.2457248061,2010-06-30,2010-08-17,25.7227272062,3.08844526563,7.93694079086,4.04380197929
sh600236,2010-08-31,5.01,5.03,4.93,4.96,-0.011952,6121538.0,30405358.0,5593827460.0,11311029590.0,0.00542791651997,20.9917959032,2010-06-30,2010-08-17,25.4152891706,3.05153216782,7.84207847452,3.99547045804
sh600236,2010-09-01,4.95,4.99,4.86,4.87,-0.018145,7720156.0,37955088.0,5492326560.0,11105789130.0,0.00684539772158,20.6108997665,2010-06-30,2010-08-17,24.9541287486,2.99616211663,7.6997839606,3.92297264658
sh600236,2010-09-02,4.92,4.93,4.8,4.9,0.00616,8883052.0,43224353.0,5526160190.0,11174202620.0,0.00787652787894,20.7378629091,2010-06-30,2010-08-17,25.1078461817,3.01461847527,7.7472146298,3.94713815808
sh600236,2010-09-03,4.9,5.09,4.82,5.07,0.034694,18424470.0,91991452.0,5717884120.0,11561879040.0,0.0163368233668,21.4573423248,2010-06-30,2010-08-17,25.9789377971,3.11920764865,8.01599649417,4.08408016934
sh600236,2010-09-06,5.0,5.07,4.98,5.02,-0.009862,10542540.0,52949471.0,5661494730.0,11447856560.0,0.00934798199485,21.2457300148,2010-06-30,2010-08-17,25.7227335126,3.08844602282,7.93694273674,4.04380297071
sh600236,2010-09-07,5.05,5.05,4.98,5.0,-0.003984,7138572.0,35704418.0,5638938970.0,11402247570.0,0.00632971205929,21.1610870265,2010-06-30,2010-08-17,25.6202541423,3.07614165387,7.90532195688,4.02769245967
sh600236,2010-09-08,5.0,5.03,4.95,5.01,0.002,6624404.0,33076881.0,5650216850.0,11425052070.0,0.00587380359393,21.2034092005,2010-06-30,2010-08-17,25.6714946506,3.08229393718,7.92113260079,4.03574784459
sh600236,2010-09-09,5.0,5.07,4.95,4.96,-0.00998,9088798.0,45540631.0,5593827460.0,11311029590.0,0.00805896113213,20.9917991767,2010-06-30,2010-08-17,25.4152931339,3.05153264368,7.84207969744,3.9954710811
sh600236,2010-09-10,4.97,5.0,4.86,4.91,-0.010081,5842567.0,28701231.0,5537438070.0,11197007110.0,0.00518055526895,20.7801808492,2010-06-30,2010-08-17,25.1590815639,3.0207701431,7.76302369201,3.95519273713
sh600236,2010-09-13,4.91,4.97,4.85,4.91,0.0,7638865.0,37442368.0,5537438070.0,11197007110.0,0.00677331767432,20.7801808492,2010-06-30,2010-08-17,25.1590815639,3.0207701431,7.76302369201,3.95519273713
sh600236,2010-09-14,4.92,5.07,4.87,5.0,0.01833,12081429.0,60177250.0,5638938970.0,11402247570.0,0.0107125020011,21.1610815642,2010-06-30,2010-08-17,25.6202475289,3.07614085982,7.90531991628,4.02769142
sh600236,2010-09-15,4.97,4.99,4.88,4.9,-0.02,7034420.0,34636130.0,5526160190.0,11174202620.0,0.00623736135307,20.7378599329,2010-06-30,2010-08-17,25.1078425783,3.01461804263,7.74721351796,3.9471375916
sh600236,2010-09-16,4.86,4.92,4.71,4.77,-0.026531,8209487.0,39369201.0,5379547780.0,10877744180.0,0.0072792834252,20.187663771,2010-06-30,2010-08-17,24.4417064069,2.93463721134,7.54167219611,3.84241608416
sh600236,2010-09-17,4.8,4.82,4.71,4.73,-0.008386,4064505.0,19360345.0,5334436270.0,10786526200.0,0.00360396257016,20.0183700226,2010-06-30,2010-08-17,24.236738257,2.91002734369,7.47842773307,3.81019358288
sh600236,2010-09-20,4.73,4.78,4.71,4.74,0.002114,3958842.0,18765054.0,5345714140.0,10809330700.0,0.00351027207751,20.0606888568,2010-06-30,2010-08-17,24.2879747216,2.91617914149,7.4942371293,3.81824833211
sh600236,2010-09-21,4.74,4.8,4.72,4.78,0.008439,2975257.0,14152440.0,5390825660.0,10900548680.0,0.00263813548368,20.2299810101,2010-06-30,2010-08-17,24.4929409403,2.94078877726,7.55748099644,3.85047052979
sh600236,2010-09-27,4.78,4.81,4.74,4.8,0.004184,4001232.0,19128656.0,5413381410.0,10946157670.0,0.00354785893426,20.3146232506,2010-06-30,2010-08-17,24.5954194052,2.95309303751,7.58910149693,3.86658089848
sh600236,2010-09-28,4.78,4.81,4.66,4.67,-0.027083,5595030.0,26392046.0,5266769000.0,10649699230.0,0.00496106628181,19.7644423091,2010-06-30,2010-08-17,23.9293016615,2.87311441877,7.38356586108,3.76186228801
sh600236,2010-09-29,4.68,4.7,4.55,4.59,-0.017131,5013767.0,23160435.0,5176545970.0,10467263270.0,0.00444566524925,19.425857648,2010-06-30,2010-08-17,23.5193687947,2.82389509567,7.25707799432,3.69741782515
sh600236,2010-09-30,4.57,4.66,4.55,4.65,0.013072,6276940.0,28970574.0,5244213240.0,10604090240.0,0.00556571017696,19.6797924591,2010-06-30,2010-08-17,23.8268139836,2.86080905236,7.35194251786,3.74575047097
sh600236,2010-10-08,4.66,4.79,4.64,4.75,0.021505,5625618.0,26536696.0,5356992020.0,10832135190.0,0.00498818840876,20.103006396,2010-06-30,2010-08-17,24.3392096183,2.92233075103,7.51004604171,3.82630283484
sh600236,2010-10-11,4.85,5.0,4.84,4.92,0.035789,15527225.0,76482404.0,5548715950.0,11219811610.0,0.0137678604723,20.8224728919,2010-06-30,2010-08-17,25.2102855913,3.02691804628,7.77882307949,3.963242387
sh600236,2010-10-12,4.96,4.96,4.81,4.92,0.0,12229289.0,59792450.0,5548715950.0,11219811610.0,0.0108436082189,20.8224728919,2010-06-30,2010-08-17,25.2102855913,3.02691804628,7.77882307949,3.963242387
sh600236,2010-10-13,4.9,4.98,4.85,4.97,0.010163,12230824.0,60220307.0,5605105340.0,11333834080.0,0.0108449692901,21.0340916839,2010-06-30,2010-08-17,25.4664977238,3.05768061438,7.85787925845,4.00352081938
sh600236,2010-10-14,4.97,4.99,4.84,4.87,-0.020121,14790522.0,72361489.0,5492326560.0,11105789130.0,0.0131146320877,20.6108647251,2010-06-30,2010-08-17,24.9540863231,2.99615702274,7.69977086989,3.92296597697
sh600236,2010-10-15,4.85,4.96,4.83,4.95,0.016427,11987367.0,58728416.0,5582549580.0,11288225090.0,0.0106290980133,20.9494393999,2010-06-30,2010-08-17,25.3640070991,3.04537489415,7.82625500597,3.98740853908
sh600236,2010-10-18,4.96,5.12,4.94,5.04,0.018182,25103655.0,126160995.0,5684050480.0,11493465550.0,0.0222592008367,21.3303421071,2010-06-30,2010-08-17,25.8251754762,3.10074590048,7.96855197449,4.05990760113
sh600236,2010-10-19,5.05,5.07,4.98,5.07,0.005952,12130957.0,60870581.0,5717884120.0,11561879040.0,0.0107564180559,21.4573003033,2010-06-30,2010-08-17,25.9788869206,3.11920154008,8.01598079584,4.08407217118
sh600236,2010-10-20,5.0,5.0,4.9,4.92,-0.029586,14776467.0,72949405.0,5548715950.0,11219811610.0,0.0131021696362,20.8224646165,2010-06-30,2010-08-17,25.2102755722,3.02691684331,7.77881998802,3.96324081192
sh600236,2010-10-21,4.95,4.98,4.89,4.93,0.002033,7890662.0,38833710.0,5559993820.0,11242616100.0,0.00699658397462,20.8647966871,2010-06-30,2010-08-17,25.2615280624,3.03307056525,7.79463432905,3.97129808049
sh600236,2010-10-22,4.94,5.0,4.89,4.97,0.008114,9689271.0,47897733.0,5605105340.0,11333834080.0,0.00859139551336,21.0340936474,2010-06-30,2010-08-17,25.4665001011,3.05768089982,7.857879992,4.00352119311
sh600236,2010-10-25,4.99,5.04,4.91,5.03,0.012072,16020859.0,80077004.0,5672772600.0,11470661060.0,0.0142055616278,21.2880172259,2010-06-30,2010-08-17,25.7739316904,3.09459322364,7.95274031926,4.05185170096
sh600236,2010-10-26,5.05,5.07,4.95,4.98,-0.00994,12731113.0,63667650.0,5616383210.0,11356638580.0,0.0112885713758,21.0764143347,2010-09-30,2010-10-26,18.9891517798,2.70840584755,6.06567001294,3.55362730442
sh600236,2010-10-27,4.98,5.12,4.93,5.1,0.024096,18830763.0,94629804.0,5751717750.0,11630292520.0,0.016697079981,21.5842716145,2010-09-30,2010-10-26,19.446714381,2.77366759485,6.21182839757,3.63925550794
sh600236,2010-10-28,5.09,5.09,5.02,5.05,-0.009804,10386033.0,52568162.0,5695328360.0,11516270050.0,0.00920920855387,21.3726594156,2010-09-30,2010-10-26,19.2560587932,2.74647455775,6.15092763196,3.60357624694
sh600236,2010-10-29,5.05,5.05,4.91,5.0,-0.009901,10602468.0,52752446.0,5638938970.0,11402247570.0,0.0094011196578,21.1610487147,2010-09-30,2010-10-26,19.0654045551,2.71928171315,6.09002729747,3.56789723852
sh600236,2010-11-01,5.01,5.06,4.99,5.03,0.006,15166637.0,76126144.0,5672772600.0,11470661060.0,0.0134481301278,21.288015007,2010-09-30,2010-10-26,19.1797969825,2.73559740343,6.12656746126,3.58930462195
sh600236,2010-11-02,5.03,5.15,4.98,5.09,0.011928,24638249.0,124618033.0,5740439870.0,11607488030.0,0.0218465292295,21.54193845,2010-09-30,2010-10-26,19.4085736009,2.76822760926,6.19964515794,3.63211784748
sh600236,2010-11-03,5.09,5.36,5.09,5.25,0.031434,37128403.0,195062182.0,5920885920.0,11972359950.0,0.0329214442541,22.2190877433,2010-09-30,2010-10-26,20.0186627034,2.85524407593,6.39452480383,3.7462898399
sh600236,2010-11-04,5.26,5.32,5.16,5.25,0.0,16380910.0,85671153.0,5920885920.0,11972359950.0,0.0145248158235,22.2190877433,2010-09-30,2010-10-26,20.0186627034,2.85524407593,6.39452480383,3.7462898399
sh600236,2010-11-05,5.3,5.32,5.21,5.29,0.007619,16659464.0,87805050.0,5965997430.0,12063577930.0,0.0147718073288,22.3883749728,2010-09-30,2010-10-26,20.1711848946,2.87699818054,6.44324468831,3.77483282219
sh600236,2010-11-08,5.3,5.57,5.3,5.5,0.039698,31223128.0,170645464.0,6202832870.0,12542472330.0,0.0276852863198,23.2771486825,2010-09-30,2010-10-26,20.9719405925,2.99120925431,6.69902861595,3.92468613557
sh600236,2010-11-09,5.53,5.55,5.41,5.49,-0.001818,19356697.0,105878145.0,6191554990.0,12519667830.0,0.0171634212571,23.2348308262,2010-09-30,2010-10-26,20.9338136045,2.98577123589,6.68684978192,3.91755105617
sh600236,2010-11-10,5.49,5.49,5.3,5.32,-0.030965,17755883.0,95613356.0,5999831060.0,12131991410.0,0.0157439928917,22.5153642896,2010-09-30,2010-10-26,20.2855980663,2.89331682957,6.47979147843,3.79624408772
sh600236,2010-11-11,5.27,5.55,5.27,5.38,0.011278,24630986.0,134603313.0,6067498330.0,12268818390.0,0.0218400891888,22.7692925681,2010-09-30,2010-10-26,20.5143790413,2.92594765677,6.55287056672,3.83905812854
sh600236,2010-11-12,5.36,5.44,5.02,5.05,-0.061338,22076703.0,114981035.0,5695328360.0,11516270050.0,0.0195752278188,21.3726697005,2010-09-30,2010-10-26,19.2560680596,2.7464758794,6.1509305919,3.60357798105
sh600236,2010-11-15,5.08,5.23,5.05,5.16,0.021782,12477071.0,63931719.0,5819385020.0,11767119490.0,0.0110633144462,21.838209192,2010-09-30,2010-10-26,19.6755037341,2.80629961701,6.28491016205,3.68207111664
sh600236,2010-11-16,5.15,5.15,4.95,4.97,-0.036822,11985435.0,60504175.0,5605105340.0,11333834080.0,0.0106273849173,21.0340826531,2010-09-30,2010-10-26,18.9510123356,2.70296605251,6.05348720006,3.54648989398
sh600236,2010-11-17,4.93,5.04,4.83,4.87,-0.020121,8253075.0,40845543.0,5492326560.0,11105789130.0,0.00731793253932,20.610855876,2010-09-30,2010-10-26,18.5696990164,2.64857967257,5.93168498411,3.47513097082
sh600236,2010-11-18,4.91,4.97,4.86,4.9,0.00616,5322209.0,26108049.0,5526160190.0,11174202620.0,0.0047191581864,20.7378187482,2010-09-30,2010-10-26,18.6840883623,2.66489492335,5.96822416361,3.4965377776
sh600236,2010-11-19,4.94,4.94,4.75,4.91,0.002041,10683995.0,51715542.0,5537438070.0,11197007110.0,0.00947340896401,20.7801446363,2010-09-30,2010-10-26,18.7222225867,2.67033397389,5.98040530913,3.50367421121
sh600236,2010-11-22,4.87,4.95,4.84,4.91,0.0,7945014.0,38893493.0,5537438070.0,11197007110.0,0.0070447774308,20.7801446363,2010-09-30,2010-10-26,18.7222225867,2.67033397389,5.98040530913,3.50367421121
sh600236,2010-11-23,4.88,4.9,4.71,4.78,-0.026477,7657183.0,36644914.0,5390825660.0,10900548680.0,0.00678956008754,20.2299487468,2010-09-30,2010-10-26,18.2265142993,2.59963154126,5.82206211776,3.41090742912
sh600236,2010-11-24,4.77,4.89,4.75,4.87,0.018828,5376251.0,26043169.0,5492326560.0,11105789130.0,0.00476707677229,20.6108382218,2010-09-30,2010-10-26,18.5696831105,2.64857740392,5.93167990332,3.47512799419
sh600236,2010-11-25,4.87,4.95,4.83,4.95,0.016427,7184288.0,35191998.0,5582549580.0,11288225090.0,0.00637024805429,20.9494124612,2010-09-30,2010-10-26,18.8747272949,2.69208558494,6.02911960909,3.53221392175
sh600236,2010-11-26,4.95,4.95,4.82,4.86,-0.018182,6837531.0,33332639.0,5481048680.0,11082984640.0,0.00606278152231,20.5685102439,2010-09-30,2010-10-26,18.5315470033,2.64313808483,5.91949815635,3.46799120823
sh600236,2010-11-29,4.84,4.92,4.83,4.9,0.00823,3935605.0,19181349.0,5526160190.0,11174202620.0,0.00348966802209,20.7377890832,2010-09-30,2010-10-26,18.6840616351,2.66489111127,5.96821562618,3.49653277587
sh600236,2010-11-30,4.88,4.92,4.66,4.74,-0.032653,8626172.0,41099876.0,5345714140.0,10809330700.0,0.00764875453666,20.0606380562,2010-09-30,2010-10-26,18.0739709705,2.57787442181,5.77333548134,3.38236049114
sh600236,2010-12-01,4.77,4.96,4.75,4.91,0.035865,10278322.0,50236738.0,5537438070.0,11197007110.0,0.00911370210954,20.7801128401,2010-09-30,2010-10-26,18.7221939394,2.67032988795,5.98039615838,3.50366885015
sh600236,2010-12-02,4.93,4.95,4.85,4.92,0.002037,7880344.0,38634663.0,5548715950.0,11219811610.0,0.00698743508036,20.82244193,2010-09-30,2010-10-26,18.7603310484,2.67576934993,5.99257822535,3.5108058236
sh600236,2010-12-03,4.91,4.94,4.82,4.9,-0.004065,5504494.0,26844258.0,5526160190.0,11174202620.0,0.00488078877062,20.7377987035,2010-09-30,2010-10-26,18.6840703027,2.66489234753,5.96821839487,3.49653439793
sh600236,2010-12-06,4.9,4.93,4.79,4.86,-0.008163,4446251.0,21495190.0,5481048680.0,11082984640.0,0.00394245355617,20.5685160527,2010-09-30,2010-10-26,18.5315522369,2.64313883129,5.91949982811,3.46799218764
sh600236,2010-12-07,4.85,4.85,4.73,4.81,-0.010288,4897943.0,23450961.0,5424659290.0,10968962160.0,0.00434296507311,20.3569071596,2010-09-30,2010-10-26,18.3408996274,2.615946219,5.85860001388,3.43231348401
sh600236,2010-12-08,4.81,4.82,4.75,4.75,-0.012474,4811763.0,22993749.0,5356992020.0,10832135190.0,0.00426654999012,20.1029750997,2010-09-30,2010-10-26,18.1121152455,2.58331490586,5.7855198373,3.38949880561
sh600236,2010-12-09,4.73,4.8,4.7,4.72,-0.006316,4321281.0,20478831.0,5323158390.0,10763721710.0,0.00383164370204,19.9760047089,2010-09-30,2010-10-26,17.9977191256,2.56699868892,5.74897849401,3.36809073116
sh600236,2010-12-10,4.76,4.79,4.73,4.77,0.010593,3833883.0,18269550.0,5379547780.0,10877744180.0,0.00339947197383,20.1876105268,2010-09-30,2010-10-26,18.1883689643,2.59419090603,5.8098774232,3.40376891627
sh600236,2010-12-13,4.76,4.87,4.74,4.87,0.020964,9448751.0,45486597.0,5492326560.0,11105789130.0,0.00837812844289,20.6108235939,2010-09-30,2010-10-26,18.5696699313,2.64857552418,5.9316756935,3.47512552783
sh600236,2010-12-14,4.87,4.87,4.81,4.86,-0.002053,7968915.0,38567930.0,5481048680.0,11082984640.0,0.00706597024787,20.5685095731,2010-09-30,2010-10-26,18.5315463989,2.64313799863,5.9194979633,3.46799109512
sh600236,2010-12-15,4.84,4.92,4.83,4.89,0.006173,9156694.0,44640154.0,5514882310.0,11151398120.0,0.00811916395365,20.6954789826,2010-09-30,2010-10-26,18.6459416348,2.6594540895,5.95603902423,3.48939900415
sh600236,2010-12-16,4.9,4.9,4.82,4.83,-0.01227,5812147.0,28181027.0,5447215050.0,11014571150.0,0.00515358210614,20.4415454555,2010-09-30,2010-10-26,18.417155931,2.62682258782,5.8829584254,3.44658407837
sh600236,2010-12-17,4.82,4.83,4.76,4.8,-0.006211,7737235.0,37028547.0,5413381410.0,10946157670.0,0.0068605415335,20.3145830167,2010-09-30,2010-10-26,18.3027669755,2.61050739272,5.84641937062,3.42517734466
sh600236,2010-12-20,4.79,4.81,4.65,4.69,-0.022917,10542330.0,49736590.0,5289324750.0,10695308220.0,0.00934779580324,19.8490337177,2010-09-30,2010-10-26,17.8833224647,2.55068239481,5.7124369779,3.34668255546
sh600236,2010-12-21,4.72,4.75,4.68,4.75,0.012793,5791091.0,27330926.0,5356992020.0,10832135190.0,0.00513491193328,20.1029624061,2010-09-30,2010-10-26,18.112103809,2.58331327468,5.78551618416,3.38949666539
sh600236,2010-12-22,4.74,4.75,4.67,4.69,-0.012632,5738824.0,27033888.0,5289324750.0,10695308220.0,0.00508856722401,19.8490217849,2010-09-30,2010-10-26,17.8833117137,2.5506808614,5.71243354372,3.34668054351
sh600236,2010-12-23,4.7,4.72,4.64,4.65,-0.008529,4869475.0,22795195.0,5244213240.0,10604090240.0,0.00431772273814,19.6797294781,2010-09-30,2010-10-26,17.7307849481,2.52892610433,5.66371219803,3.31813670515
sh600236,2010-12-24,4.66,4.68,4.58,4.61,-0.008602,4584092.0,21171563.0,5199101730.0,10512872260.0,0.00406467601856,19.5104444452,2010-09-30,2010-10-26,17.5782647359,2.50717228198,5.6149929457,3.28959409322
sh600236,2010-12-27,4.61,4.66,4.52,4.53,-0.017354,5611553.0,25822443.0,5108878710.0,10330436300.0,0.00497571708646,19.1718601923,2010-09-30,2010-10-26,17.2732115297,2.4636628142,5.51755035812,3.23250647732
sh600236,2010-12-28,4.52,4.52,4.38,4.4,-0.028698,6851944.0,30348856.0,4962266290.0,10033977860.0,0.0060755614145,18.6216661485,2010-09-30,2010-10-26,16.7775049052,2.39296061876,5.35920769794,3.13974000644
sh600236,2010-12-29,4.4,4.45,4.33,4.41,0.002273,5232275.0,22913883.0,4973544170.0,10056782360.0,0.00463941446206,18.6639931956,2010-09-30,2010-10-26,16.8156401739,2.39839981824,5.37138917704,3.14687663547
sh600236,2010-12-30,4.41,4.43,4.35,4.37,-0.00907,6069415.0,26533076.0,4928432660.0,9965564380.0,0.00538169949349,18.4947107773,2010-09-30,2010-10-26,16.6631223175,2.37664633189,5.32267067721,3.11833446439
sh600236,2010-12-31,4.38,4.42,4.32,4.4,0.006865,14112445.0,61676233.0,4962266290.0,10033977860.0,0.0125133869025,18.6216769668,2010-09-30,2010-10-26,16.7775146522,2.39296200896,5.35921081141,3.13974183049
sh600236,2011-01-04,4.42,4.72,4.33,4.6,0.045455,24959526.0,114478301.0,5187823850.0,10490067760.0,0.0221314028617,19.4681252934,2010-09-30,2010-10-26,17.5401365807,2.50173409708,5.60281373884,3.28245879539
sh600236,2011-01-05,4.58,4.66,4.5,4.62,0.004348,7477198.0,34233206.0,5210379610.0,10535676750.0,0.00662996889779,19.5527727021,2010-09-30,2010-10-26,17.6164010946,2.51261163693,5.62717477297,3.29673092623
sh600236,2011-01-06,4.62,4.67,4.59,4.65,0.006494,5517285.0,25559205.0,5244213240.0,10604090240.0,0.00489213044472,19.6797484081,2010-09-30,2010-10-26,17.7308020033,2.5289285369,5.66371764595,3.31813989687
sh600236,2011-01-07,4.62,4.75,4.6,4.67,0.004301,9434690.0,44367705.0,5266769000.0,10649699230.0,0.00836566067356,19.764391006,2010-09-30,2010-10-26,17.8070621827,2.53980545854,5.68807729555,3.33241121656
sh600236,2011-01-10,4.67,4.7,4.62,4.62,-0.010707,4817595.0,22450295.0,5210379610.0,10535676750.0,0.00427172117311,19.5527736715,2010-09-30,2010-10-26,17.6164019679,2.51261176149,5.62717505194,3.29673108967
sh600236,2011-01-11,4.6,4.63,4.53,4.62,0.0,3984857.0,18238907.0,5210379610.0,10535676750.0,0.00353333935682,19.5527736715,2010-09-30,2010-10-26,17.6164019679,2.51261176149,5.62717505194,3.29673108967
sh600236,2011-01-12,4.64,4.86,4.6,4.85,0.049784,17611168.0,84154536.0,5469770800.0,11060180140.0,0.015615675304,20.5261889559,2010-09-30,2010-10-26,18.4934169235,2.63769962543,5.90731833473,3.46085555024
sh600236,2011-01-13,4.84,4.92,4.8,4.81,-0.008247,12759003.0,62096743.0,5424659290.0,10968962160.0,0.0113133011954,20.3569094756,2010-09-30,2010-10-26,18.3409017141,2.61594651662,5.85860068042,3.43231387451
sh600236,2011-01-14,4.81,4.85,4.73,4.76,-0.010395,5704685.0,27286191.0,5368269900.0,10854939690.0,0.00505829645413,20.1452994016,2010-09-30,2010-10-26,18.1502480408,2.58875375258,5.79770052635,3.39663497179
sh600236,2011-01-17,4.76,4.77,4.61,4.62,-0.029412,5453324.0,25443698.0,5210379610.0,10535676750.0,0.00483541675767,19.5527858556,2010-09-30,2010-10-26,17.6164129454,2.51261332721,5.62717855847,3.296733144
sh600236,2011-01-18,4.61,4.62,4.45,4.52,-0.021645,6147470.0,27876074.0,5097600830.0,10307631800.0,0.00545091020789,19.1295658058,2010-09-30,2010-10-26,17.2351056872,2.45822781174,5.50537827857,3.2253753551
sh600236,2011-01-19,4.52,4.7,4.48,4.69,0.037611,5143648.0,23677531.0,5289324750.0,10695308220.0,0.00456082964465,19.8490479053,2010-09-30,2010-10-26,17.8833352472,2.55068421797,5.712441061,3.34668494758
sh600236,2011-01-20,4.68,4.7,4.52,4.58,-0.023454,4526279.0,20830405.0,5165268100.0,10444458770.0,0.00401341371225,19.3835083357,2010-09-30,2010-10-26,17.4638995023,2.49086047032,5.57846146836,3.26819179882
sh600236,2011-01-21,4.58,4.75,4.56,4.74,0.034934,7547655.0,35314042.0,5345714140.0,10809330700.0,0.00669244253678,20.0606518159,2010-09-30,2010-10-26,18.0739833675,2.57787618999,5.7733394413,3.38236281112
sh600236,2011-01-24,4.73,4.94,4.7,4.82,0.016878,15505713.0,75289356.0,5435937170.0,10991766660.0,0.0137487859632,20.3992354973,2010-09-30,2010-10-26,18.3790360588,2.62138558432,5.87078186439,3.43945033064
sh600236,2011-01-25,4.84,4.9,4.74,4.86,0.008299,7162986.0,34584534.0,5481048680.0,11082984640.0,0.00635135974746,20.5685287527,2010-09-30,2010-10-26,18.5315636791,2.64314046329,5.91950348308,3.46799432894
sh600236,2011-01-26,4.85,4.95,4.81,4.89,0.006173,5868381.0,28630335.0,5514882310.0,11151398120.0,0.00520344433062,20.6954982806,2010-09-30,2010-10-26,18.6459590217,2.65945656937,5.95604457808,3.48940225793
sh600236,2011-01-27,4.84,4.9,4.8,4.87,-0.00409,7917569.0,38469175.0,5492326560.0,11105789130.0,0.00702044217669,20.6108536927,2010-09-30,2010-10-26,18.5696970493,2.648579392,5.93168435575,3.47513060269
sh600236,2011-01-28,4.86,4.93,4.82,4.91,0.008214,9724951.0,47578294.0,5537438070.0,11197007110.0,0.00862303267439,20.7801512449,2010-09-30,2010-10-26,18.7222285408,2.67033482312,5.98040721105,3.50367532546
sh600236,2011-01-31,4.9,5.09,4.89,5.07,0.032587,23075674.0,116430568.0,5717884120.0,11561879040.0,0.0204610070307,21.4573140335,2010-09-30,2010-10-26,19.3323298023,2.75735302401,6.17529074084,3.61784959329
sh600236,2011-02-01,5.07,5.15,5.01,5.06,-0.001972,13819551.0,70188724.0,5706606240.0,11539074540.0,0.0122536802294,21.4150002103,2010-09-30,2010-10-26,19.2942064479,2.75191552384,6.1631130675,3.6107151939
sh600236,2011-02-09,5.01,5.08,4.95,5.01,-0.009881,8360511.0,41814357.0,5650216850.0,11425052070.0,0.00741319514312,21.2033985932,2010-09-30,2010-10-26,19.103560394,2.72472384655,6.10221534728,3.57503771707
sh600236,2011-02-10,5.0,5.12,4.97,5.06,0.00998,12576874.0,63663721.0,5706606240.0,11539074540.0,0.0111518089322,21.4150085111,2010-09-30,2010-10-26,19.2942139267,2.75191659054,6.16311545644,3.61071659348
sh600236,2011-02-11,5.05,5.12,5.01,5.05,-0.001976,8917116.0,45180563.0,5695328360.0,11516270050.0,0.00790673214143,21.3726924543,2010-09-30,2010-10-26,19.25608856,2.74647880336,6.1509371403,3.60358181749
sh600236,2011-02-14,5.04,5.13,4.99,5.1,0.009901,15639230.0,79095172.0,5751717750.0,11630292520.0,0.0138671743759,21.5843034823,2010-09-30,2010-10-26,19.4467430929,2.77367168999,6.21183756893,3.63926088107
sh600236,2011-02-15,5.1,5.19,5.05,5.06,-0.007843,14467859.0,74266209.0,5706606240.0,11539074540.0,0.0128285295079,21.4150177901,2010-09-30,2010-10-26,19.2942222868,2.75191778292,6.16311812688,3.61071815798
sh600236,2011-02-16,5.05,5.08,4.98,5.06,0.0,13006453.0,65423130.0,5706606240.0,11539074540.0,0.0115327130368,21.4150177901,2010-09-30,2010-10-26,19.2942222868,2.75191778292,6.16311812688,3.61071815798
sh600236,2011-02-17,5.11,5.3,5.11,5.22,0.031621,28984707.0,150548752.0,5887052280.0,11903946460.0,0.0257004971833,22.0921820676,2010-09-30,2010-10-26,19.9043248897,2.83893617514,6.35800208517,3.72489267685
sh600236,2011-02-18,5.2,5.22,5.12,5.13,-0.017241,11920818.0,61526220.0,5785551380.0,11698706010.0,0.0105700895772,21.7112907566,2010-09-30,2010-10-26,19.5611544243,2.78999007654,6.24838377122,3.66067180221
sh600236,2011-02-21,5.12,5.35,5.12,5.31,0.035088,20504669.0,108190331.0,5988553190.0,12109186920.0,0.0181813184146,22.4730965267,2010-09-30,2010-10-26,20.2475162107,2.88788524835,6.46762706098,3.78911745441
sh600236,2011-02-22,5.32,5.37,5.18,5.21,-0.018832,16778488.0,88150234.0,5875774410.0,11881141970.0,0.0148773449047,22.0498831729,2010-09-30,2010-10-26,19.8662149854,2.83350059335,6.34582870817,3.7177607945
sh600236,2011-02-23,5.18,5.23,5.16,5.23,0.003839,8621201.0,44690908.0,5898330160.0,11926750960.0,0.00764434679086,22.1345326744,2010-09-30,2010-10-26,19.9424813848,2.84437840213,6.37019034458,3.7320332782
sh600236,2011-02-24,5.21,5.35,5.17,5.26,0.005736,9947453.0,52420526.0,5932163800.0,11995164440.0,0.00882032333295,22.2614963538,2010-09-30,2010-10-26,20.056871458,2.86069375664,6.40672975639,3.75344022108
sh600236,2011-02-25,5.24,5.27,5.16,5.19,-0.013308,7053445.0,36653287.0,5853218650.0,11835532980.0,0.00625423066162,21.9652403603,2010-09-30,2010-10-26,19.7899546126,2.82262364413,6.3214689968,3.70348943862
sh600236,2011-02-28,5.18,5.2,5.08,5.12,-0.013487,17908085.0,91665154.0,5774273510.0,11675901510.0,0.0158789491078,21.6689951636,2010-09-30,2010-10-26,19.5230474948,2.78455491904,6.23621134444,3.65354047656
sh600236,2011-03-01,5.11,5.17,5.08,5.15,0.005859,9203043.0,47152114.0,5808107140.0,11744315000.0,0.00816026121894,21.7959538063,2010-09-30,2010-10-26,19.63743303,2.80086962631,6.2727493067,3.67494657021
sh600236,2011-03-02,5.16,5.27,5.08,5.26,0.021359,17990649.0,93231606.0,5932163800.0,11995164440.0,0.0159521579192,22.2614935836,2010-09-30,2010-10-26,20.0568689621,2.86069340066,6.40672895915,3.753439754
sh600236,2011-03-03,5.26,5.48,5.24,5.4,0.026616,41238140.0,223060252.0,6090054090.0,12314427380.0,0.036565513657,22.8540054968,2010-09-30,2010-10-26,20.5907025864,2.93683361621,6.57725045712,3.8533413065
sh600236,2011-03-04,5.41,5.54,5.4,5.46,0.011111,26094266.0,142897914.0,6157721360.0,12451254350.0,0.0231375672965,23.1079363519,2010-09-30,2010-10-26,20.8194858829,2.96946477452,6.65033028695,3.89615578175
sh600236,2011-03-07,5.49,5.65,5.4,5.52,0.010989,33220310.0,184492572.0,6225388620.0,12588081320.0,0.0294561709145,23.3618694645,2010-09-30,2010-10-26,21.0482712132,3.00209622293,6.72341076647,3.93897063764
sh600236,2011-03-08,5.52,5.84,5.48,5.82,0.054348,40343920.0,228805745.0,6563724960.0,13272216170.0,0.0357726162859,24.6315403461,2010-09-30,2010-10-26,22.1922026571,3.16525414845,7.08881469481,4.15304581385
sh600236,2011-03-09,5.8,6.07,5.71,5.99,0.02921,52870358.0,312626579.0,6755448890.0,13659892590.0,0.0468797040103,25.3510276396,2010-09-30,2010-10-26,22.8404368967,3.25771122213,7.29587897205,4.27435628207
sh600236,2011-03-10,5.98,6.01,5.87,5.94,-0.008347,25251833.0,149894306.0,6699059500.0,13545870110.0,0.0223905890103,25.1394226119,2010-09-30,2010-10-26,22.64978777,3.23051910656,7.23498027027,4.23867823019
sh600236,2011-03-11,5.87,6.14,5.79,6.02,0.013468,50212855.0,299434123.0,6789282520.0,13728306070.0,0.0445233183638,25.4780003557,2010-09-30,2010-10-26,22.9548351117,3.27402773789,7.33242098455,4.29576474859
sh600236,2011-03-14,5.98,6.44,5.98,6.33,0.051495,43411189.0,272896937.0,7138896740.0,14435245420.0,0.038492338015,26.789989984,2010-09-30,2010-10-26,24.1368943457,3.44262379625,7.71000400315,4.51697515432
sh600236,2011-03-15,6.34,6.5,6.15,6.32,-0.00158,38610118.0,244332908.0,7127618860.0,14412440930.0,0.0342352685452,26.7476617998,2010-09-30,2010-10-26,24.0987580527,3.43718445065,7.69782219682,4.50983833358
sh600236,2011-03-16,6.3,6.45,6.2,6.31,-0.001582,30732496.0,194592783.0,7116340980.0,14389636430.0,0.0272502470448,26.7053469988,2010-09-30,2010-10-26,24.0606338174,3.43174682485,7.68564424211,4.50270376933
sh600236,2011-03-17,6.27,6.65,6.21,6.43,0.019017,31724867.0,205178958.0,7251675520.0,14663290380.0,0.0281301740884,27.2132025827,2010-09-30,2010-10-26,24.5181948907,3.49700835422,7.83180213866,4.58833168692
sh600236,2011-03-18,6.45,6.55,6.28,6.31,-0.018663,18759590.0,119430905.0,7116340980.0,14389636430.0,0.0166339714795,26.7053225829,2010-09-30,2010-10-26,24.0606118195,3.4317436873,7.68563721534,4.50269965264
sh600236,2011-03-21,6.29,6.29,5.98,6.07,-0.038035,30367348.0,185527010.0,6845671910.0,13842328550.0,0.0269264733664,25.6895856385,2010-09-30,2010-10-26,23.1454664489,3.30121731616,7.39331400386,4.33143947135
sh600236,2011-03-22,6.07,6.19,6.01,6.11,0.00659,20439450.0,124780076.0,6890783420.0,13933546530.0,0.0181234892882,25.8588800078,2010-09-30,2010-10-26,23.2979950728,3.32297233827,7.44203594314,4.35998365747
sh600236,2011-03-23,6.1,6.37,6.04,6.34,0.037643,26407500.0,164188986.0,7150174610.0,14458049920.0,0.0234153092941,26.832285828,2010-09-30,2010-10-26,24.1750015014,3.448058986,7.72217650215,4.52410652229
sh600236,2011-03-24,6.34,6.39,6.22,6.24,-0.015773,17134680.0,107848409.0,7037395830.0,14230004970.0,0.0151931773887,26.4090601836,2010-09-30,2010-10-26,23.7936892027,3.39367275161,7.60037461218,4.45274779011
sh600236,2011-03-25,6.24,6.42,6.17,6.35,0.017628,21071210.0,133533400.0,7161452490.0,14480854410.0,0.0186836655953,26.8745990965,2010-09-30,2010-10-26,24.2131243559,3.45349641488,7.73435401585,4.53124082816
sh600236,2011-03-28,6.36,6.84,6.36,6.73,0.059843,39755564.0,265390797.0,7590011850.0,15347425230.0,0.0352509259547,28.4828557302,2010-09-30,2010-10-26,25.6621103568,3.66016400083,8.19720096322,4.80240387304
sh600236,2011-03-29,6.61,6.71,6.41,6.44,-0.043091,29160295.0,190453124.0,7262953390.0,14686094870.0,0.0258561895852,27.255500994,2010-12-31,2011-03-29,22.153880025,3.48123914816,6.17397573359,4.85477147143
sh600236,2011-03-30,6.44,6.46,6.1,6.19,-0.03882,23843919.0,148049423.0,6981006440.0,14115982490.0,0.0211422034743,26.1974424454,2010-12-31,2011-03-29,21.2938664025,3.34609744442,5.93430199561,4.66630924291
sh600236,2011-03-31,6.19,6.35,5.89,5.95,-0.038772,25608004.0,155355334.0,6710337370.0,13568674610.0,0.0227064028824,25.1817152069,2010-12-31,2011-03-29,20.4682606143,3.21636255431,5.70421723864,4.48538710095
sh600236,2011-04-01,5.98,6.17,5.94,6.15,0.033613,12979327.0,78495655.0,6935894930.0,14024764510.0,0.0115086606495,26.0281482001,2010-12-31,2011-03-29,21.1562602583,3.32447414885,5.89595309268,4.63615441757
sh600236,2011-04-06,6.11,6.11,5.83,5.93,-0.035772,23498580.0,139257438.0,6687781620.0,13523065620.0,0.0208359942531,25.0970692827,2010-12-31,2011-03-29,20.3994585164,3.20555105959,5.68504305865,4.47030990174
sh600236,2011-04-07,5.92,6.06,5.86,5.98,0.008432,14661006.0,87344844.0,6744171010.0,13637088090.0,0.0129997913383,25.3086877709,2010-12-31,2011-03-29,20.5714667506,3.23258026613,5.73297934172,4.50800355484
sh600236,2011-04-08,5.96,6.38,5.95,6.31,0.055184,25579996.0,159302273.0,7116340980.0,14389636430.0,0.0226815684091,26.7053223969,2010-12-31,2011-03-29,21.7066825718,3.41096697554,6.04934807371,4.75677322301
sh600236,2011-04-11,6.36,6.39,6.18,6.22,-0.014263,19623960.0,122981323.0,7014840080.0,14184395980.0,0.0174004011222,26.3244243835,2010-12-31,2011-03-29,21.3970801582,3.36231635356,5.96306622214,4.68892736653
sh600236,2011-04-12,6.25,6.6,6.15,6.42,0.032154,30078440.0,191499310.0,7240397640.0,14640485880.0,0.0266703010527,27.1708599252,2010-12-31,2011-03-29,22.0850818736,3.4704282736,6.15480265345,4.83969513707
sh600236,2011-04-13,6.4,6.4,6.28,6.39,-0.004673,10022916.0,63577152.0,7206564000.0,14572072390.0,0.0088872357534,27.0438904967,2010-12-31,2011-03-29,21.981878286,3.45421096227,6.12604126065,4.81707924169
sh600236,2011-04-14,6.41,6.56,6.38,6.43,0.00626,19320178.0,125211133.0,7251675520.0,14663290380.0,0.0171310401572,27.2131852512,2010-12-31,2011-03-29,22.1194848441,3.4758343229,6.16439027894,4.84723415775
sh600236,2011-04-15,6.43,6.53,6.22,6.37,-0.009331,13604250.0,86334299.0,7184008250.0,14526463400.0,0.0120627746356,26.9592590197,2010-12-31,2011-03-29,21.913087931,3.44340131283,6.10687035324,4.80200461582
sh600236,2011-04-18,6.35,6.45,6.3,6.38,0.00157,12845026.0,81747038.0,7195286130.0,14549267900.0,0.0113895770647,27.0015850563,2010-12-31,2011-03-29,21.9474914791,3.44880745289,6.1164581397,4.80954376307
sh600236,2011-04-19,6.38,6.38,6.11,6.13,-0.039185,16358636.0,101457694.0,6913339180.0,13979155520.0,0.0145050656519,25.9435279459,2010-12-31,2011-03-29,21.0874790255,3.31366593285,5.8767847275,4.62108179071
sh600236,2011-04-21,6.25,6.29,6.07,6.13,0.0,13946578.0,85807928.0,6913339180.0,13979155520.0,0.0123663140075,25.9435279459,2010-12-31,2011-03-29,21.0874790255,3.31366593285,5.8767847275,4.62108179071
sh600236,2011-04-22,6.12,6.4,6.1,6.3,0.027732,20266586.0,127087730.0,7105063100.0,14366831940.0,0.017970212228,26.6629938629,2010-12-31,2011-03-29,21.6722769938,3.4055605165,6.03975972156,4.74923363093
sh600236,2011-04-25,6.3,6.57,6.22,6.41,0.01746,34469464.0,221831480.0,7229119760.0,14617681380.0,0.0305637852983,27.1285297357,2010-12-31,2011-03-29,22.0506749501,3.46502160312,6.1452139263,4.83215525013
sh600236,2011-04-26,6.42,6.55,6.26,6.38,-0.00468,21453650.0,137181555.0,7195286130.0,14549267900.0,0.0190227719269,27.0015682166,2010-12-31,2011-03-29,21.9474777914,3.44880530201,6.11645432512,4.80954076356
sh600236,2011-04-27,6.37,6.59,6.34,6.52,0.021944,24253277.0,157327101.0,7353176420.0,14868530830.0,0.0215051777637,27.5940906295,2011-03-31,2011-04-27,22.3471346312,3.50687525044,6.07630799053,4.80203040451
sh600236,2011-04-28,6.5,6.69,6.04,6.1,-0.064417,38007500.0,241519945.0,6879505540.0,13910742040.0,0.033700932233,25.8165620934,2011-03-31,2011-04-27,20.9075992597,3.28097286744,5.68489045871,4.49269801194
sh600236,2011-04-29,6.0,6.52,5.85,6.39,0.047541,27640570.0,172161359.0,7206564000.0,14572072390.0,0.0245086621447,27.0439072719,2011-03-31,2011-04-27,21.9015674361,3.43695359853,5.955155836,4.70628536813
sh600236,2011-05-03,6.4,6.82,6.25,6.69,0.046948,43989797.0,291487154.0,7544900340.0,15256207250.0,0.039005384918,28.3135646305,2011-03-31,2011-04-27,22.9298022241,3.59831169607,6.23473849219,4.92723605359
sh600236,2011-05-04,6.65,6.8,6.51,6.74,0.007474,35949888.0,239020505.0,7601289730.0,15370229720.0,0.0318764648799,28.5251802126,2011-03-31,2011-04-27,23.1011795659,3.62520547769,6.28133692768,4.96406221586
sh600236,2011-05-05,6.69,6.76,6.5,6.57,-0.025223,21173149.0,139992868.0,7409565810.0,14982553310.0,0.01877405404,27.8056895921,2011-03-31,2011-04-27,22.5184985137,3.53376691992,6.12290276636,4.83885367459
sh600236,2011-05-06,6.45,6.94,6.41,6.92,0.053272,55321598.0,374668017.0,7804291530.0,15780710640.0,0.0490531980627,29.286954288,2011-03-31,2011-04-27,23.7181039665,3.72201775128,6.44908204252,5.09662908754
sh600236,2011-05-09,6.93,7.15,6.8,6.93,0.001445,49437608.0,343920064.0,7815569410.0,15803515130.0,0.0438359133503,29.3292739369,2011-03-31,2011-04-27,23.7523766267,3.72739606693,6.45840096608,5.10399371657
sh600236,2011-05-10,6.9,7.17,6.85,7.15,0.031746,42889098.0,301790244.0,8063682730.0,16305214030.0,0.0380294043017,30.2603610674,2011-03-31,2011-04-27,24.5064195751,3.84572598247,6.66342936314,5.2660251011
sh600236,2011-05-11,7.16,7.17,6.9,6.98,-0.023776,32387006.0,226664244.0,7871958800.0,15917537610.0,0.0287172872246,29.5408907226,2011-03-31,2011-04-27,23.9237549433,3.75429000151,6.50499966661,5.14082008829
sh600236,2011-05-12,6.89,7.14,6.8,6.89,-0.012894,32983825.0,230323372.0,7770457900.0,15712297150.0,0.0292464816327,29.1599904776,2011-03-31,2011-04-27,23.6152820471,3.70588218623,6.42112420091,5.07453435408
sh600236,2011-05-13,6.88,6.94,6.58,6.75,-0.020319,27037112.0,181624615.0,7612567610.0,15393034220.0,0.0239735809716,28.5674886311,2011-03-31,2011-04-27,23.1354431312,3.63058236609,6.29065337827,4.97142489054
sh600236,2011-05-16,6.7,6.77,6.49,6.52,-0.026667,18880994.0,124328841.0,7353176420.0,14868530830.0,0.016741619383,27.8056794118,2011-03-31,2011-04-27,22.5184902692,3.53376562613,6.12290052463,4.83885190298
sh600236,2011-05-17,6.5,6.57,6.21,6.31,-0.032209,22139327.0,140146681.0,7116340980.0,14389636430.0,0.019630755997,26.9100862836,2011-03-31,2011-04-27,21.7931922161,3.41994656908,5.92568802163,4.68299732204
sh600236,2011-05-18,6.3,6.51,6.26,6.48,0.026941,15463706.0,99096281.0,7308064910.0,14777312850.0,0.0137115387061,27.6350709182,2011-03-31,2011-04-27,22.3803226076,3.5120833496,6.08533198262,4.80916195289
sh600236,2011-05-19,6.5,6.58,6.3,6.36,-0.018519,12657120.0,80999988.0,7172730370.0,14503658910.0,0.0112229623933,27.1232970399,2011-03-31,2011-04-27,21.9658614132,3.44704307805,5.97263771964,4.72010108268
sh600236,2011-05-20,6.38,6.4,6.22,6.26,-0.015723,10057886.0,63151090.0,7059951590.0,14275613960.0,0.00891824335583,26.6968374405,2011-03-31,2011-04-27,21.6204921742,3.39284521973,5.87872993677,4.64588693336
sh600236,2011-05-23,6.25,6.32,5.93,6.06,-0.031949,24997540.0,152734823.0,6834394030.0,13819524050.0,0.0221651095525,25.8439001811,2011-03-31,2011-04-27,20.9297390698,3.28444720781,5.69091039402,4.49745549173
sh600236,2011-05-24,6.05,6.08,5.9,5.98,-0.013201,11425911.0,68190504.0,6744171010.0,13637088090.0,0.0101312596728,25.5027348548,2011-03-31,2011-04-27,20.6534455843,3.24108922022,5.61578468591,4.43808458178
sh600236,2011-05-25,5.95,6.07,5.82,5.86,-0.020067,10087099.0,59760323.0,6608836470.0,13363434150.0,0.00894414628177,24.9909714745,2011-03-31,2011-04-27,20.2389928918,3.17605028283,5.50309273462,4.34902553848
sh600236,2011-05-26,5.88,5.95,5.8,5.81,-0.008532,8208623.0,48152401.0,6552447080.0,13249411680.0,0.00727851733066,24.7777485059,2011-03-31,2011-04-27,20.0663138044,3.14895222182,5.4561403474,4.31191965258
sh600236,2011-05-27,5.8,5.84,5.45,5.58,-0.039587,16543524.0,92535212.0,6293055890.0,12724908290.0,0.0146690043015,23.7968717758,2011-03-31,2011-04-27,19.2719486398,3.02429465022,5.24014811947,4.1412236893
sh600236,2011-05-30,5.58,5.62,5.36,5.46,-0.021505,9845621.0,54313708.0,6157721360.0,12451254350.0,0.00873002974919,23.2851200482,2011-03-31,2011-04-27,18.8575053843,2.95925719376,5.12745873416,4.05216667386
sh600236,2011-05-31,5.55,5.63,5.4,5.62,0.029304,10902486.0,60584842.0,6338167400.0,12816126270.0,0.00966714311143,23.9674672061,2011-03-31,2011-04-27,19.4101057221,3.04597526657,5.27771378491,4.17091136607
sh600236,2011-06-01,5.61,5.72,5.55,5.63,0.001779,7936445.0,44840323.0,6349445280.0,12838930760.0,0.00703717937231,24.0101053303,2011-03-31,2011-04-27,19.4446363002,3.05139405657,5.28710283773,4.17833141739
sh600236,2011-06-02,5.57,5.75,5.49,5.69,0.010657,10934522.0,61511096.0,6417112550.0,12975757730.0,0.00969554915785,24.2659810228,2011-03-31,2011-04-27,19.6518577892,3.08391276303,5.34344749267,4.2228598953
sh600236,2011-06-03,5.71,5.87,5.66,5.72,0.005272,9809015.0,56481956.0,6450946180.0,13044171220.0,0.00869757152431,24.3939112747,2011-03-31,2011-04-27,19.7554623835,3.10017115112,5.37161814786,4.24512281267
sh600236,2011-06-07,5.73,5.78,5.66,5.73,0.001748,5753572.0,32832525.0,6462224060.0,13066975720.0,0.00510164414819,24.4365518316,2011-03-31,2011-04-27,19.7899949318,3.10559025029,5.38100773638,4.25254328735
sh600236,2011-06-08,5.69,5.69,5.57,5.66,-0.012216,9954296.0,55965884.0,6383278910.0,12907344250.0,0.00882639097467,24.1380349145,2011-03-31,2011-04-27,19.5482403537,3.06765235979,5.31527334587,4.20059421855
sh600236,2011-06-09,5.62,5.66,5.48,5.48,-0.031802,7481754.0,41728781.0,6180277110.0,12496863340.0,0.00663400866826,23.3703971281,2011-03-31,2011-04-27,18.9265672139,2.97009487945,5.14623702292,4.06700692121
sh600236,2011-06-10,5.45,5.54,5.3,5.43,-0.009124,5404256.0,29324410.0,6123887720.0,12382840860.0,0.00479190857536,23.1571656247,2011-03-31,2011-04-27,18.7538812147,2.94299573376,5.09928275633,4.02989955006
sh600236,2011-06-13,5.42,5.42,5.25,5.32,-0.020258,7479057.0,39668705.0,5999831060.0,12131991410.0,0.00663161726424,22.6880477635,2011-03-31,2011-04-27,18.373965089,2.88337652619,4.99598148625,3.94826184498
sh600236,2011-06-14,5.3,5.43,5.3,5.43,0.020677,6815205.0,36756341.0,6123887720.0,12382840860.0,0.00604298524761,23.1571685271,2011-03-31,2011-04-27,18.7538835652,2.94299610262,5.09928339544,4.02990005515
sh600236,2011-06-15,5.42,5.42,5.28,5.3,-0.023941,6949440.0,37181541.0,5977275310.0,12086382420.0,0.00616201029562,22.6027627554,2011-03-31,2011-04-27,18.3048968387,2.87253783293,4.97720145167,3.93342021793
sh600236,2011-06-16,5.2,5.3,5.19,5.23,-0.013208,5106963.0,26780196.0,5898330160.0,11926750960.0,0.0045283013608,22.3042254649,2011-03-31,2011-04-27,18.0631257613,2.83459735323,4.9114625749,3.88146760369
sh600236,2011-06-17,5.22,5.28,5.18,5.19,-0.007648,3793520.0,19849038.0,5853218650.0,11835532980.0,0.00336368244163,22.1336427486,2011-03-31,2011-04-27,17.9249789755,2.81291835267,4.87389970912,3.85178213946
sh600236,2011-06-20,5.2,5.24,4.99,5.11,-0.015414,6961747.0,35606761.0,5762995630.0,11653097020.0,0.00617292280855,21.7924747792,2011-03-31,2011-04-27,17.6486833495,2.76956002919,4.79877341901,3.79241076956
sh600236,2011-06-21,5.07,5.26,5.07,5.25,0.027397,6025482.0,31164009.0,5920885920.0,11972359950.0,0.00534274446889,22.3895232108,2011-03-31,2011-04-27,18.1322043273,2.84543766531,4.93024541437,3.89631144741
sh600236,2011-06-22,5.28,5.38,5.24,5.34,0.017143,6109242.0,32409253.0,6022386820.0,12177600400.0,0.00541701376133,22.7733468072,2011-03-31,2011-04-27,18.4430447061,2.8942170032,5.01476461151,3.96310591455
sh600236,2011-06-23,5.31,5.46,5.22,5.44,0.018727,8393537.0,45274560.0,6135165600.0,12405645360.0,0.0074424790229,23.1998232728,2011-03-31,2011-04-27,18.7884276043,2.94841700502,5.10867610839,4.03732299902
sh600236,2011-06-24,5.39,5.6,5.38,5.54,0.018382,12276895.0,67778898.0,6247944380.0,12633690310.0,0.0108858200655,23.6262824242,2011-03-31,2011-04-27,19.1337964805,3.00261480641,5.20258379261,4.11153707038
sh600236,2011-06-27,5.55,5.74,5.52,5.56,0.00361,9343958.0,52477248.0,6270500130.0,12679299300.0,0.00828520937771,23.7115733038,2011-03-31,2011-04-27,19.2028694858,3.01345424586,5.2213651201,4.12637971921
sh600236,2011-06-28,5.56,5.58,5.46,5.52,-0.007194,5168217.0,28416854.0,6225388620.0,12588081320.0,0.00458261477016,23.5409922454,2011-03-31,2011-04-27,19.0647240427,2.99177545601,5.18380261943,4.09669454351
sh600236,2011-06-29,5.52,5.52,5.39,5.4,-0.021739,6572489.0,35913537.0,6090054090.0,12314427380.0,0.00582777099768,23.029234615,2011-03-31,2011-04-27,18.6502760067,2.92673724938,5.07111193428,4.00763650083
sh600236,2011-06-30,5.42,5.66,5.42,5.53,0.024074,9412515.0,52301646.0,6236666500.0,12610885810.0,0.00834599829091,23.5836404091,2011-03-31,2011-04-27,19.0992627513,2.99719552192,5.19319388299,4.10411634195
sh600236,2011-07-01,5.5,5.66,5.5,5.52,-0.001808,5699167.0,31678173.0,6225388620.0,12588081320.0,0.00505340369257,23.5410011873,2011-03-31,2011-04-27,19.0647312843,2.99177659241,5.18380458845,4.0966960996
sh600236,2011-07-04,5.55,5.75,5.53,5.71,0.03442,12481268.0,70692349.0,6439668300.0,13021366720.0,0.0110670359031,24.3512824481,2011-03-31,2011-04-27,19.7209393351,3.09475354272,5.36223114238,4.23770437935
sh600236,2011-07-05,5.71,5.83,5.65,5.8,0.015762,9025855.0,52109029.0,6541169210.0,13226607180.0,0.00800315009738,24.7351073621,2011-03-31,2011-04-27,20.0317807809,3.14353304807,5.44675062965,4.30449907578
sh600236,2011-07-06,5.78,5.87,5.61,5.79,-0.001724,13382679.0,76727488.0,6529891330.0,13203802690.0,0.0118663094827,24.692464037,2011-03-31,2011-04-27,19.9972459908,3.13811359709,5.43736043157,4.29707811937
sh600236,2011-07-07,5.8,5.82,5.72,5.73,-0.010363,6766108.0,38940315.0,6462224060.0,13066975720.0,0.00599945134679,24.4365760322,2011-03-31,2011-04-27,19.7900145306,3.10559332588,5.38101306541,4.25254749882
sh600236,2011-07-08,5.72,5.84,5.69,5.71,-0.00349,5213913.0,29934420.0,6439668300.0,13021366720.0,0.00462313303156,24.3512923818,2011-03-31,2011-04-27,19.7209473799,3.09475480518,5.36223332981,4.23770610805
sh600236,2011-07-11,5.7,5.7,5.63,5.68,-0.005254,5035225.0,28530876.0,6405834670.0,12952953240.0,0.00446469187442,24.2233506917,2011-03-31,2011-04-27,19.6173335224,3.07849496343,5.3340601559,4.21544120016
sh600236,2011-07-12,5.65,5.65,5.56,5.57,-0.019366,6137507.0,34313935.0,6281778010.0,12702103790.0,0.00544207610259,23.7542412822,2011-03-31,2011-04-27,19.2374242414,3.01887682997,5.23076074692,4.13380496587
sh600236,2011-07-13,5.57,5.66,5.57,5.64,0.012567,4685962.0,26367963.0,6360723160.0,12861735260.0,0.00415500329368,24.0527608323,2011-03-31,2011-04-27,19.4791809518,3.05681505509,5.29649571723,4.18575449288
sh600236,2011-07-14,5.68,5.8,5.61,5.8,0.028369,9713013.0,55304485.0,6541169210.0,13226607180.0,0.00861244734563,24.7351136044,2011-03-31,2011-04-27,20.0317858362,3.14353384139,5.44675200423,4.30450016209
sh600236,2011-07-15,5.78,5.83,5.69,5.74,-0.010345,5575165.0,32086613.0,6473501940.0,13089780210.0,0.00494345215258,24.4792288542,2011-03-31,2011-04-27,19.8245570118,3.1110139838,5.39040535475,4.25997010791
sh600236,2011-07-18,5.77,5.8,5.67,5.78,0.006969,12319141.0,70564735.0,6518613450.0,13180998190.0,0.0109232792412,24.6498246,2011-03-31,2011-04-27,19.9627143496,3.13269464025,5.42797108966,4.28965783959
sh600236,2011-07-19,5.76,5.8,5.69,5.72,-0.010381,5753643.0,33050828.0,6450946180.0,13044171220.0,0.00510170710493,24.3939347709,2011-03-31,2011-04-27,19.7554814119,3.10017413719,5.37162332178,4.24512690156
sh600236,2011-07-20,5.73,5.84,5.71,5.82,0.017483,11750908.0,68009482.0,6563724960.0,13272216170.0,0.0104194317978,24.8204139325,2011-03-31,2011-04-27,20.1008664934,3.15437448163,5.46553541232,4.31934445518
sh600236,2011-07-21,5.82,5.87,5.75,5.76,-0.010309,10108755.0,58793553.0,6496057690.0,13135389200.0,0.00896334847667,24.5645402852,2011-03-31,2011-04-27,19.8936466607,3.1218560351,5.40919120775,4.27481633319
sh600236,2011-07-22,5.8,5.8,5.57,5.58,-0.03125,11149897.0,62953369.0,6293055890.0,12724908290.0,0.00988652037222,23.7968984013,2011-03-31,2011-04-27,19.2719702026,3.024298034,5.24015398251,4.14122832278
sh600236,2011-07-25,5.5,5.6,5.27,5.31,-0.048387,13379238.0,72753299.0,5988553190.0,12109186920.0,0.0118632583741,22.6454378784,2011-03-31,2011-04-27,18.3394573804,2.87796132503,4.98659865176,3.94084670793
sh600236,2011-07-26,5.31,5.37,5.27,5.36,0.009416,6341740.0,33788377.0,6044942580.0,12223209400.0,0.00562316778863,22.8586673214,2011-03-31,2011-04-27,18.5121417111,2.90506020887,5.03355246466,3.97795372053
sh600236,2011-07-27,5.34,5.57,5.3,5.54,0.033582,8675875.0,47466991.0,6247944380.0,12633690310.0,0.00769282576424,23.6263070874,2011-03-31,2011-04-27,19.133816454,3.0026179408,5.20258922353,4.11154136237
sh600236,2011-07-28,5.47,5.48,5.38,5.45,-0.016245,4478654.0,24320599.0,6146443480.0,12428449850.0,0.00397118502422,23.2424977288,2011-03-31,2011-04-27,18.8229876057,2.95384041236,5.11807316159,4.04474937294
sh600236,2011-07-29,5.47,5.47,5.19,5.22,-0.042202,11224869.0,59297772.0,5887052280.0,11903946460.0,0.00995299742437,22.2616178397,2011-03-31,2011-04-27,18.0286198828,2.82918243927,4.90208023803,3.8740528599
sh600236,2011-08-01,5.2,5.3,5.18,5.23,0.001916,10915934.0,57095392.0,5898330160.0,11926750960.0,0.00967906734132,22.3042710994,2011-03-31,2011-04-27,18.0631627185,2.83460315283,4.91147262376,3.88147554518
sh600236,2011-08-02,5.21,5.21,5.0,5.11,-0.022945,9962369.0,50559203.0,5762995630.0,11653097020.0,0.00883354922655,21.7924995991,2011-03-31,2011-04-27,17.6487034499,2.76956318348,4.79877888441,3.7924150888
sh600236,2011-08-03,5.11,5.15,5.05,5.12,0.001957,3569363.0,18249109.0,5774273510.0,11675901510.0,0.00316492430231,21.8351475208,2011-03-31,2011-04-27,17.6832419626,2.77498321864,4.80817009469,3.79983684513
sh600236,2011-08-04,5.15,5.18,5.08,5.11,-0.001953,3180772.0,16279473.0,5762995630.0,11653097020.0,0.00282036391549,21.7925034777,2011-03-31,2011-04-27,17.648706591,2.76956367641,4.79877973849,3.79241576377
sh600236,2011-08-05,5.0,5.07,4.95,5.01,-0.019569,6687157.0,33518720.0,5650216850.0,11425052070.0,0.00592944615391,21.3660459771,2011-03-31,2011-04-27,17.3033390517,2.71536608483,4.70487241779,3.71820197969
sh600236,2011-08-08,4.94,5.01,4.71,4.79,-0.043912,7960617.0,38750379.0,5402103530.0,10923353170.0,0.00705861248646,20.4278201662,2011-03-31,2011-04-27,16.5435148273,2.59612892931,4.49827206018,3.55492829435
sh600236,2011-08-09,4.69,4.85,4.5,4.8,0.002088,8223268.0,38772595.0,5413381410.0,10946157670.0,0.00729150292774,20.4704734547,2011-03-31,2011-04-27,16.5780576863,2.60154964651,4.50766445224,3.56235098463
sh600236,2011-08-10,4.88,4.94,4.79,4.82,0.004167,6857231.0,33358506.0,5435937170.0,10991766660.0,0.00608024934549,20.5557739176,2011-03-31,2011-04-27,16.6471384526,2.61239030389,4.52644789001,3.57719530119
sh600236,2011-08-11,4.7,4.92,4.65,4.91,0.018672,5339884.0,25948916.0,5537438070.0,11197007110.0,0.00473483045924,20.9395913281,2011-03-31,2011-04-27,16.9579738218,2.66116885564,4.61096572502,3.64398869185
sh600236,2011-08-12,4.93,4.95,4.9,4.91,0.0,6301397.0,31016844.0,5537438070.0,11197007110.0,0.00558739599051,20.9395913281,2011-03-31,2011-04-27,16.9579738218,2.66116885564,4.61096572502,3.64398869185
sh600236,2011-08-15,4.91,4.98,4.88,4.97,0.01222,4765286.0,23465159.0,5605105340.0,11333834080.0,0.00422533921905,21.1954731342,2011-03-31,2011-04-27,17.1652002619,2.69368833906,4.66731172618,3.68851823366
sh600236,2011-08-16,4.99,5.1,4.97,5.0,0.006036,4870650.0,24496995.0,5638938970.0,11402247570.0,0.00431876459908,21.32340901,2011-06-30,2011-08-16,15.5113791477,2.48458810002,4.27811879138,3.59724134756
sh600236,2011-08-17,5.05,5.07,5.0,5.02,0.004,3893890.0,19615979.0,5661494730.0,11447856560.0,0.00345267967776,21.4087026461,2011-06-30,2011-08-16,15.5734246643,2.49452645242,4.29523126655,3.61163031295
sh600236,2011-08-18,5.05,5.05,4.88,4.88,-0.027888,4298499.0,21257162.0,5503604430.0,11128593630.0,0.00381144309821,20.8116567467,2011-06-30,2011-08-16,15.1391129973,2.42495909871,4.17544585698,3.51090916678
sh600236,2011-08-19,4.8,4.85,4.75,4.78,-0.020492,5142128.0,24656343.0,5390825660.0,10900548680.0,0.00455948186609,20.3851842766,2011-06-30,2011-08-16,14.8288822938,2.37526683686,4.08988262048,3.43896361613
sh600236,2011-08-22,4.77,4.86,4.77,4.79,0.002092,2187917.0,10516665.0,5402103530.0,10923353170.0,0.00194000769733,20.4278300821,2011-06-30,2011-08-16,14.8599043155,2.38023589508,4.09843865492,3.44615792802
sh600236,2011-08-23,4.8,4.85,4.76,4.83,0.008351,5259801.0,25236679.0,5447215050.0,11014571150.0,0.00466382153023,20.5984228911,2011-06-30,2011-08-16,14.9839993765,2.40011324504,4.13266471613,3.47493679287
sh600236,2011-08-24,4.83,4.94,4.82,4.88,0.010352,4392616.0,21508881.0,5503604430.0,11128593630.0,0.00389489585464,20.8116577649,2011-06-30,2011-08-16,15.139113738,2.42495921736,4.17544606127,3.51090933855
sh600236,2011-08-25,4.89,5.03,4.86,5.01,0.026639,6384622.0,31672757.0,5650216850.0,11425052070.0,0.00566119090102,21.3660595161,2011-06-30,2011-08-16,15.5424045889,2.48955770595,4.2866757689,3.60443645242
sh600236,2011-08-26,5.01,5.06,4.95,5.03,0.003992,2770718.0,13877538.0,5672772600.0,11470661060.0,0.00245677246784,21.4513528257,2011-06-30,2011-08-16,15.604449868,2.49949602031,4.30378817857,3.61882536274
sh600236,2011-08-29,5.0,5.08,4.94,5.03,0.0,4455077.0,22428843.0,5672772600.0,11470661060.0,0.00395027950001,21.4513528257,2011-06-30,2011-08-16,15.604449868,2.49949602031,4.30378817857,3.61882536274
sh600236,2011-08-30,5.03,5.14,5.01,5.01,-0.003976,4611380.0,23435194.0,5650216850.0,11425052070.0,0.00408887205807,21.3660622468,2011-06-30,2011-08-16,15.5424065753,2.48955802413,4.28667631677,3.6044369131
sh600236,2011-08-31,5.0,5.05,4.95,4.95,-0.011976,2306336.0,11489374.0,5582549580.0,11288225090.0,0.00204500883268,21.1101822854,2011-06-30,2011-08-16,15.3562707142,2.45974307723,4.2353390812,3.56127017663
sh600236,2011-09-01,4.97,5.03,4.91,4.94,-0.00202,2335868.0,11628275.0,5571271700.0,11265420600.0,0.00207119461074,21.0675397172,2011-06-30,2011-08-16,15.3252510473,2.45477439622,4.22678369626,3.55407641087
sh600236,2011-09-02,4.94,4.97,4.79,4.85,-0.018219,2976474.0,14432279.0,5469770800.0,11060180140.0,0.00263921459013,20.6837102111,2011-06-30,2011-08-16,15.0460402985,2.41005086149,4.1497759241,3.48932469274
sh600236,2011-09-05,4.8,4.82,4.72,4.77,-0.016495,2356251.0,11208408.0,5379547780.0,10877744180.0,0.00208926804439,20.3425324111,2011-06-30,2011-08-16,14.7978558638,2.37029707253,4.08132537023,3.43176828194
sh600236,2011-09-06,4.75,4.83,4.71,4.77,0.0,2132242.0,10167878.0,5379547780.0,10877744180.0,0.00189064113861,20.3425324111,2011-06-30,2011-08-16,14.7978558638,2.37029707253,4.08132537023,3.43176828194
sh600236,2011-09-07,4.77,4.88,4.77,4.86,0.018868,1774333.0,8592418.0,5481048680.0,11082984640.0,0.00157328622376,20.7263553127,2011-06-30,2011-08-16,15.0770618082,2.4150198377,4.15833181731,3.49651888588
sh600236,2011-09-08,4.91,4.92,4.81,4.82,-0.00823,1898092.0,9200503.0,5435937170.0,10991766660.0,0.00168302229292,20.5557774084,2011-06-30,2011-08-16,14.9529775895,2.39514422443,4.12410874646,3.46774253545
sh600236,2011-09-09,4.82,4.89,4.77,4.83,0.002075,1721370.0,8325158.0,5447215050.0,11014571150.0,0.00152632437377,20.5984306466,2011-06-30,2011-08-16,14.984005018,2.4001141487,4.13266627211,3.47493810121
sh600236,2011-09-13,4.8,4.85,4.74,4.84,0.00207,2133348.0,10259748.0,5458492920.0,11037375650.0,0.0018916218215,20.641069398,2011-06-30,2011-08-16,15.0150219084,2.40508238499,4.14122089129,3.48213122308
sh600236,2011-09-14,4.86,4.86,4.76,4.85,0.002066,1597369.0,7684641.0,5469770800.0,11060180140.0,0.0014163737263,20.6837138474,2011-06-30,2011-08-16,15.0460429437,2.41005128519,4.14977665365,3.48932530619
sh600236,2011-09-15,4.83,4.9,4.8,4.83,-0.004124,1643713.0,7991067.0,5447215050.0,11014571150.0,0.00145746656174,20.5984142115,2011-06-30,2011-08-16,14.9839930626,2.40011223369,4.13266297473,3.47493532862
sh600236,2011-09-16,4.88,4.88,4.8,4.81,-0.004141,1310424.0,6333599.0,5424659290.0,10968962160.0,0.00116194199544,20.5131161782,2011-06-30,2011-08-16,14.9219443473,2.39017336893,4.11554961735,3.46054562143
sh600236,2011-09-19,4.8,4.81,4.73,4.74,-0.014553,1673019.0,7968165.0,5345714140.0,10809330700.0,0.00148345194904,20.2145887985,2011-06-30,2011-08-16,14.7047852912,2.3553891759,4.05565602377,3.410184301
sh600236,2011-09-20,4.71,4.78,4.69,4.7,-0.008439,2563092.0,12103747.0,5300602630.0,10718112720.0,0.0022726722301,20.0439978836,2011-06-30,2011-08-16,14.5806916081,2.33551204664,4.02143034259,3.38140575568
sh600236,2011-09-21,4.7,4.85,4.55,4.79,0.019149,7617531.0,35786191.0,5402103530.0,10923353170.0,0.0067544010009,20.4278203991,2011-06-30,2011-08-16,14.8598972717,2.38023476682,4.09843671222,3.4461562945
sh600236,2011-09-23,4.58,4.69,4.5,4.6,-0.039666,3797099.0,17459895.0,5187823850.0,10490067760.0,0.00336685591204,19.6175304751,2011-06-30,2011-08-16,14.2704645866,2.28582037456,3.93586812159,3.30946105892
sh600236,2011-09-26,4.62,4.65,4.52,4.53,-0.015217,2246862.0,10242313.0,5108878710.0,10330436300.0,0.00199227373319,19.3190105139,2011-06-30,2011-08-16,14.0533109269,2.25103704592,3.87597601638,3.25910098999
sh600236,2011-09-27,4.54,4.6,4.5,4.54,0.002208,3519281.0,15912634.0,5120156580.0,10353240790.0,0.00312051701747,19.3616668891,2011-06-30,2011-08-16,14.0843406375,2.25600733572,3.88453417143,3.26629708497
sh600236,2011-09-28,4.54,4.55,4.41,4.44,-0.022026,3616505.0,16200214.0,5007377810.0,10125195840.0,0.00320672471886,18.9352068142,2011-06-30,2011-08-16,13.7741189506,2.20631651814,3.79897342177,3.19435362538
sh600236,2011-09-29,4.42,4.43,4.28,4.3,-0.031532,3768572.0,16351249.0,4849487510.0,9805932910.0,0.00334156126118,18.3381418729,2011-06-30,2011-08-16,13.3397934318,2.13674694569,3.67918419183,3.09362926686
sh600236,2011-09-30,4.31,4.37,4.23,4.31,0.002326,2223199.0,9504201.0,4860765390.0,9828737410.0,0.0019712919512,18.3807963909,2011-06-30,2011-08-16,13.3708217914,2.14171701909,3.68774197426,3.10082504854
sh600236,2011-10-10,4.32,4.34,4.27,4.29,-0.00464,1389874.0,5972301.0,4838209640.0,9783128420.0,0.00123238964486,18.2955094957,2011-06-30,2011-08-16,13.3087811783,2.13177945212,3.6706308515,3.08643722031
sh600236,2011-10-11,4.36,4.42,4.26,4.29,0.0,1625286.0,7035079.0,4838209640.0,9783128420.0,0.00144112749525,18.2955094957,2011-06-30,2011-08-16,13.3087811783,2.13177945212,3.6706308515,3.08643722031
sh600236,2011-10-12,4.3,4.44,4.27,4.43,0.032634,2628450.0,11523972.0,4996099930.0,10102391350.0,0.00233062461983,18.8925651526,2011-06-30,2011-08-16,13.7430999432,2.20134794276,3.79041821871,3.18716001256
sh600236,2011-10-13,4.4,4.46,4.35,4.43,0.0,7030222.0,30933464.0,4996099930.0,10102391350.0,0.0062336390177,18.8925651526,2011-06-30,2011-08-16,13.7430999432,2.20134794276,3.79041821871,3.18716001256
sh600236,2011-10-14,4.39,4.4,4.35,4.39,-0.009029,2185793.0,9564863.0,4950988420.0,10011173370.0,0.00193812436144,18.7219841818,2011-06-30,2011-08-16,13.6190134938,2.18147197219,3.75619453261,3.15838314481
sh600236,2011-10-17,4.39,4.43,4.37,4.43,0.009112,2953069.0,13000618.0,4996099930.0,10102391350.0,0.00261846157068,18.8925789017,2011-06-30,2011-08-16,13.7431099448,2.2013495448,3.79042097719,3.18716233202
sh600236,2011-10-18,4.4,4.42,4.32,4.32,-0.024831,2703304.0,11779660.0,4872043270.0,9851541900.0,0.00239699703652,18.423457275,2011-06-30,2011-08-16,13.4018547818,2.14668783425,3.69630103391,3.10802190416
sh600236,2011-10-19,4.32,4.37,4.28,4.33,0.002315,1770602.0,7655777.0,4883321150.0,9874346400.0,0.00156997797698,18.4661075785,2011-06-30,2011-08-16,13.4328800756,2.15165741659,3.7048579708,3.11521697486
sh600236,2011-10-20,4.37,4.38,4.27,4.33,0.0,3852008.0,16613127.0,4883321150.0,9874346400.0,0.00341554325994,18.4661075785,2011-06-30,2011-08-16,13.4328800756,2.15165741659,3.7048579708,3.11521697486
sh600236,2011-10-21,4.28,4.35,4.24,4.27,-0.013857,1333057.0,5687581.0,4815653880.0,9737519420.0,0.00118201048743,18.2102227258,2011-06-30,2011-08-16,13.2467406564,2.12184189976,3.6535197539,3.07204941324
sh600236,2011-10-24,4.25,4.35,4.19,4.33,0.014052,2328246.0,9933510.0,4883321150.0,9874346400.0,0.0020644362454,18.4661127756,2011-06-30,2011-08-16,13.4328838561,2.15165802214,3.70485901348,3.1152178516
sh600236,2011-10-25,4.3,4.41,4.28,4.39,0.013857,2781576.0,12126999.0,4950988420.0,10011173370.0,0.00246640016177,18.7219977003,2011-06-30,2011-08-16,13.6190233277,2.18147354735,3.75619724483,3.15838542537
sh600236,2011-10-26,4.39,4.46,4.34,4.41,0.004556,3311183.0,14619276.0,4973544170.0,10056782360.0,0.00293599826017,18.8072951218,2011-06-30,2011-08-16,13.6810715979,2.19141234083,3.77331047948,3.17277502937
sh600236,2011-10-27,4.4,4.51,4.37,4.46,0.011338,4058752.0,18090159.0,5029933560.0,10170804830.0,0.00359886143705,19.0205322339,2011-09-30,2011-10-27,25.9573972762,2.48876428947,4.89701984501,3.21617374838
sh600236,2011-10-28,4.5,4.52,4.45,4.48,0.004484,3788271.0,16954671.0,5052489320.0,10216413820.0,0.00335902819484,19.1058203005,2011-09-30,2011-10-27,26.0737902456,2.49992390854,4.91897808199,3.23059507147
sh600236,2011-10-31,4.46,4.48,4.4,4.47,-0.002232,5294537.0,23458268.0,5041211440.0,10193609330.0,0.00469462165427,19.0631761095,2011-09-30,2011-10-27,26.0155935458,2.49434407838,4.90799892291,3.22338438327
sh600236,2011-11-01,4.43,4.59,4.41,4.55,0.017897,6375776.0,28950058.0,5131434460.0,10376045290.0,0.00565334723188,19.4043497724,2011-09-30,2011-10-27,26.4811946235,2.53898535435,4.99583737964,3.28107329357
sh600236,2011-11-02,4.4,4.58,4.4,4.58,0.006593,3901552.0,17577216.0,5165268100.0,10444458770.0,0.00345947350923,19.5322826504,2011-09-30,2011-10-27,26.6557851396,2.55572488479,5.02877493548,3.3027054098
sh600236,2011-11-03,4.58,4.61,4.55,4.56,-0.004367,4704318.0,21550499.0,5142712340.0,10398849780.0,0.00417127940701,19.4469851721,2011-09-30,2011-10-27,26.5393793259,2.54456403422,5.00681427534,3.28828249527
sh600236,2011-11-04,4.6,4.6,4.5,4.55,-0.002193,3786239.0,17214665.0,5131434460.0,10376045290.0,0.00335722644112,19.4043379336,2011-09-30,2011-10-27,26.4811784671,2.53898380529,4.99583433163,3.28107129176
sh600236,2011-11-07,4.55,4.59,4.51,4.54,-0.002198,1977358.0,8991577.0,5120156580.0,10353240790.0,0.00175330679438,19.3616871988,2011-09-30,2011-10-27,26.4229728368,2.53340311889,4.98485348777,3.27385949706
sh600236,2011-11-08,4.54,4.58,4.52,4.55,0.002203,3197886.0,14565709.0,5131434460.0,10376045290.0,0.00283553875888,19.4043409957,2011-09-30,2011-10-27,26.4811826459,2.53898420596,4.99583512001,3.28107180953
sh600236,2011-11-09,4.55,4.55,4.47,4.53,-0.004396,4086469.0,18402052.0,5108878710.0,10330436300.0,0.00362343786588,19.3190395127,2011-09-30,2011-10-27,26.364771367,2.52782283139,4.97387342882,3.26664821786
sh600236,2011-11-10,4.5,4.5,4.44,4.44,-0.019868,2905061.0,12950444.0,5007377810.0,10125195840.0,0.00257589327776,18.9352088357,2011-09-30,2011-10-27,25.8409560895,2.47760004738,4.87505251153,3.20174645107
sh600236,2011-11-11,4.43,4.46,4.37,4.39,-0.011261,2856623.0,12597706.0,4950988420.0,10011173370.0,0.00253294370864,18.721979449,2011-09-30,2011-10-27,25.549961083,2.44969979324,4.8201545452,3.16569158428
sh600236,2011-11-14,4.45,4.59,4.44,4.56,0.038724,7487970.0,33839207.0,5142712340.0,10398849780.0,0.00663952034307,19.4469693812,2011-09-30,2011-10-27,26.539357776,2.54456196804,5.00681020981,3.28827982519
sh600236,2011-11-15,4.55,4.8,4.53,4.72,0.035088,14193521.0,66680479.0,5323158390.0,10763721710.0,0.0125852762987,20.1293246428,2011-09-30,2011-10-27,27.4705707616,2.63384555837,5.18248916645,3.4036589877
sh600236,2011-11-16,4.69,4.69,4.56,4.62,-0.021186,5726552.0,26371051.0,5210379610.0,10535676750.0,0.00507768573891,19.7028647709,2011-09-30,2011-10-27,26.8885792495,2.57804490637,5.07269295097,3.33154906838
sh600236,2011-11-17,4.6,5.03,4.58,4.85,0.049784,24273594.0,118095672.0,5469770800.0,11060180140.0,0.0215231926903,20.6837521907,2011-09-30,2011-10-27,28.2272002788,2.70639029399,5.32523189684,3.4974069072
sh600236,2011-11-18,4.83,4.84,4.72,4.81,-0.008247,6829323.0,32596676.0,5424659290.0,10968962160.0,0.00605550355772,20.5131732864,2011-09-30,2011-10-27,27.9944105581,2.68407069323,5.28131470939,3.46856379244
sh600236,2011-11-21,4.8,4.85,4.62,4.76,-0.010395,5347726.0,25181505.0,5368269900.0,10854939690.0,0.00474178389578,20.2999388501,2011-09-30,2011-10-27,27.7034086604,2.65616977838,5.22641544299,3.43250807182
sh600236,2011-11-22,4.7,4.97,4.65,4.95,0.039916,13813891.0,67254227.0,5582549580.0,11288225090.0,0.0122486615605,21.1102312092,2011-09-30,2011-10-27,28.8092179204,2.76219345125,5.43503304181,3.56952006401
sh600236,2011-11-23,4.96,4.99,4.85,4.87,-0.016162,6083811.0,29939422.0,5492326560.0,11105789130.0,0.0053944643033,20.7690476524,2011-09-30,2011-10-27,28.3436033404,2.71755088069,5.34719203779,3.51182948074
sh600236,2011-11-24,4.86,4.87,4.74,4.81,-0.01232,5339679.0,25614965.0,5424659290.0,10968962160.0,0.00473464868795,20.5131729853,2011-09-30,2011-10-27,27.9944101473,2.68407065384,5.28131463188,3.46856374154
sh600236,2011-11-25,4.79,4.92,4.69,4.75,-0.012474,4094504.0,19664301.0,5356992020.0,10832135190.0,0.00363056243642,20.2572916655,2011-09-30,2011-10-27,27.6452078751,2.65058955651,5.21543551316,3.42529687742
sh600236,2011-11-28,4.75,4.92,4.75,4.88,0.027368,7682505.0,37326867.0,5503604430.0,11128593630.0,0.00681201290479,20.8116932238,2011-09-30,2011-10-27,28.4018019242,2.72313089149,5.35817155229,3.51904040237
sh600236,2011-11-29,4.89,4.94,4.85,4.91,0.006148,8521362.0,41712284.0,5537438070.0,11197007110.0,0.00755582037959,20.9396435137,2011-09-30,2011-10-27,28.5764162024,2.73987270021,5.39111359099,3.54067546276
sh600236,2011-11-30,4.93,4.93,4.68,4.73,-0.03666,5767122.0,27648518.0,5334436270.0,10786526200.0,0.00511365881591,20.1719961825,2011-09-30,2011-10-27,27.5288047845,2.63942896702,5.19347536674,3.41087430029
sh600236,2011-12-01,4.87,4.88,4.58,4.61,-0.02537,17274486.0,80942436.0,5199101730.0,10512872260.0,0.0153171421903,19.6602326394,2011-09-30,2011-10-27,26.8303990071,2.57246665413,5.06171689669,3.3243404193
sh600236,2011-12-02,4.54,4.58,4.3,4.38,-0.049892,10281530.0,44862001.0,4939710540.0,9988368870.0,0.00911654661449,18.6793443125,2011-09-30,2011-10-27,25.4917767398,2.44412114782,4.80917771728,3.1584824271
sh600236,2011-12-05,4.33,4.36,4.22,4.23,-0.034247,3625001.0,15448804.0,4770542370.0,9646301440.0,0.00321425805301,18.0396328079,2011-09-30,2011-10-27,24.6187598618,2.36041733087,4.644477808,3.05031387942
sh600236,2011-12-06,4.19,4.3,4.19,4.26,0.007092,2246984.0,9573227.0,4804376000.0,9714714930.0,0.00199238191182,18.1675698837,2011-09-30,2011-10-27,24.7933561067,2.37715741058,4.67741644461,3.07194670545
sh600236,2011-12-07,4.24,4.29,4.2,4.23,-0.007042,2939164.0,12443990.0,4770542370.0,9646301440.0,0.00260613212413,18.0396338566,2011-09-30,2011-10-27,24.618761293,2.3604174681,4.64447807801,3.05031405675
sh600236,2011-12-08,4.23,4.23,4.08,4.13,-0.023641,5223705.0,21600342.0,4657763590.0,9418256490.0,0.00463181551256,17.6131588726,2011-09-30,2011-10-27,24.0367491573,2.30461483873,4.53467797177,2.97820158213
sh600236,2011-12-09,4.1,4.18,4.09,4.13,0.0,1705165.0,7048061.0,4657763590.0,9418256490.0,0.00151195553701,17.6131588726,2011-09-30,2011-10-27,24.0367491573,2.30461483873,4.53467797177,2.97820158213
sh600236,2011-12-12,4.14,4.18,4.09,4.12,-0.002421,1316681.0,5413191.0,4646485710.0,9395452000.0,0.00116749002549,17.570517415,2011-09-30,2011-10-27,23.9785561876,2.29903536621,4.5236995164,2.9709913561
sh600236,2011-12-13,4.13,4.13,3.91,3.93,-0.046117,4139233.0,16507244.0,4432206030.0,8962166590.0,0.00367022326577,16.7602178633,2011-09-30,2011-10-27,22.8727371119,2.19301075222,4.3150800658,2.83397814773
sh600236,2011-12-14,3.93,4.01,3.88,3.95,0.005089,2417604.0,9592850.0,4454761790.0,9007775580.0,0.00214366923534,16.8455106121,2011-09-30,2011-10-27,22.9891364711,2.20417098394,4.33703950825,2.84840026253
sh600236,2011-12-15,3.96,3.99,3.87,3.95,0.0,2983065.0,11749147.0,4454761790.0,9007775580.0,0.00264505877204,16.8455106121,2011-09-30,2011-10-27,22.9891364711,2.20417098394,4.33703950825,2.84840026253
sh600236,2011-12-16,3.95,4.01,3.92,3.99,0.010127,3396748.0,13466536.0,4499873300.0,9098993560.0,0.00301186802748,17.016105098,2011-09-30,2011-10-27,23.2219474561,2.2264926235,4.38096070735,2.87724601199
sh600236,2011-12-19,4.0,4.03,3.94,4.0,0.002506,2540664.0,10099748.0,4511151180.0,9121798060.0,0.0022527855074,17.0587474574,2011-09-30,2011-10-27,23.2801416564,2.23207221401,4.39193939489,2.88445639049
sh600236,2011-12-20,3.99,4.03,3.97,3.99,-0.0025,2234832.0,8940163.0,4499873300.0,9098993560.0,0.00198160683324,17.0161005888,2011-09-30,2011-10-27,23.2219413023,2.22649203348,4.3809595464,2.87724524952
sh600236,2011-12-21,4.03,4.04,3.9,3.91,-0.02005,1802102.0,7158976.0,4409650270.0,8916557600.0,0.00159790876568,16.6749277719,2011-09-30,2011-10-27,22.7563413792,2.1818508682,4.29312130749,2.81955648226
sh600236,2011-12-22,3.91,3.91,3.66,3.7,-0.053708,9649019.0,36049050.0,4172814840.0,8437663200.0,0.00855570440312,15.7793507512,2011-09-30,2011-10-27,21.5341437964,2.06466802178,4.06254634831,2.66812374271
sh600236,2011-12-23,3.7,3.78,3.63,3.73,0.008108,3422951.0,12752151.0,4206648470.0,8506076690.0,0.00303510201079,15.9072897271,2011-09-30,2011-10-27,21.7087426343,2.0814083501,4.0954854741,2.68975689002
sh600236,2011-12-26,3.75,3.78,3.69,3.74,0.002681,1677897.0,6292345.0,4217926350.0,8528881180.0,0.00148777722968,15.9499371708,2011-09-30,2011-10-27,21.7669437733,2.08698860588,4.10646547066,2.69696812824
sh600236,2011-12-27,3.77,3.77,3.67,3.68,-0.016043,1582971.0,5845755.0,4150259080.0,8392054210.0,0.00140360714059,15.6940523288,2011-09-30,2011-10-27,21.4177366943,2.05350704768,4.04058544511,2.65370066856
sh600236,2011-12-28,3.68,3.68,3.57,3.63,-0.013587,2200983.0,7942477.0,4093869690.0,8278031740.0,0.00195159321009,15.4808172398,2011-09-30,2011-10-27,21.1267339059,2.02560604742,3.98568601067,2.61764483758
sh600236,2011-12-29,3.63,3.67,3.59,3.64,0.002755,1229153.0,4473669.0,4105147570.0,8300836230.0,0.00108987968001,15.5234668913,2011-09-30,2011-10-27,21.1849380578,2.03118659208,3.99666657563,2.6248564491
sh600236,2011-12-30,3.64,3.84,3.64,3.79,0.041209,2786321.0,10444765.0,4274315740.0,8642903660.0,0.0024706075153,16.1631734384,2011-09-30,2011-10-27,22.0579481702,2.11488976036,4.16136520854,2.73302415852
sh600236,2012-01-04,3.81,3.87,3.72,3.72,-0.01847,2285905.0,8697029.0,4195370590.0,8483272190.0,0.00202689283761,15.864639625,2011-09-30,2011-10-27,21.6505378675,2.07582774648,4.08450479314,2.68254520231
sh600236,2012-01-05,3.67,3.75,3.64,3.69,-0.008065,1874401.0,6904683.0,4161536960.0,8414858710.0,0.0016620156823,15.7366913064,2011-09-30,2011-10-27,21.4759262796,2.05908619571,4.05156326199,2.66091047525
sh600236,2012-01-06,3.65,3.78,3.6,3.74,0.01355,3128482.0,11504388.0,4217926350.0,8528881180.0,0.00277399881105,15.9499234736,2011-09-30,2011-10-27,21.7669250807,2.08698681366,4.10646194419,2.69696581219
sh600236,2012-01-09,3.74,3.84,3.71,3.82,0.02139,2449888.0,9284241.0,4308149370.0,8711317140.0,0.00217229519133,16.2910923367,2011-09-30,2011-10-27,22.2325196082,2.1316274616,4.19429916517,2.75465391091
sh600236,2012-01-11,3.97,4.02,3.87,3.92,0.026178,9338593.0,36779260.0,4420928150.0,8939362090.0,0.00828045227562,16.7175605519,2011-09-30,2011-10-27,22.8145225065,2.18742920529,4.30409752872,2.82676524099
sh600236,2012-01-12,3.88,3.97,3.86,3.87,-0.012755,4507591.0,17623371.0,4364538760.0,8825339620.0,0.00399684322428,16.5043280671,2011-09-30,2011-10-27,22.5235232719,2.15952854578,4.24919876474,2.79070985034
sh600236,2012-01-13,3.86,3.89,3.71,3.74,-0.033592,3631699.0,13708161.0,4217926350.0,8528881180.0,0.00322019711416,15.9499146787,2011-09-30,2011-10-27,21.7669130781,2.08698566287,4.10645967983,2.69696432505
sh600236,2012-01-16,3.73,3.75,3.59,3.61,-0.034759,4758989.0,17371034.0,4071313940.0,8232422750.0,0.00421975572093,15.3955115943,2011-09-30,2011-10-27,21.0103169465,2.01444412821,3.96372324782,2.60322054208
sh600236,2012-01-17,3.6,3.81,3.58,3.78,0.047091,6773668.0,25005700.0,4263037860.0,8620099160.0,0.00600615473774,16.1205016308,2011-09-30,2011-10-27,21.9997137818,2.10930631665,4.15037893929,2.72580880062
sh600236,2012-01-18,3.78,3.83,3.69,3.71,-0.018519,5734104.0,21433566.0,4184092720.0,8460467700.0,0.00508438203062,15.8219660611,2011-09-30,2011-10-27,21.5923010823,2.07024407298,4.07351807171,2.67532954745
sh600236,2012-01-19,3.71,3.75,3.67,3.74,0.008086,2544497.0,9470977.0,4217926350.0,8528881180.0,0.00225618419819,15.9499024787,2011-09-30,2011-10-27,21.7668964288,2.08698406655,4.10645653884,2.69696226217
sh600236,2012-01-20,3.74,3.78,3.72,3.78,0.010695,3560298.0,13376473.0,4263037860.0,8620099160.0,0.00315688644623,16.1204866857,2011-09-30,2011-10-27,21.9996933861,2.10930436114,4.15037509152,2.72580627356
sh600236,2012-01-30,3.78,3.85,3.77,3.8,0.005291,3489873.0,13328852.0,4285593620.0,8665708150.0,0.00309444118502,16.2057801808,2011-09-30,2011-10-27,22.1160937638,2.12046469052,4.17233472613,2.74022851455
sh600236,2012-01-31,3.8,3.85,3.78,3.83,0.007895,1748488.0,6669841.0,4319427250.0,8734121640.0,0.00155036967922,16.3337248153,2011-09-30,2011-10-27,22.2907003241,2.13720575925,4.20527530879,2.76186261868
sh600236,2012-02-01,3.85,3.86,3.78,3.79,-0.010444,2061900.0,7873586.0,4274315740.0,8642903660.0,0.00182826947641,16.1631353933,2011-09-30,2011-10-27,22.0578962499,2.1148847823,4.16135541347,2.73301772549
sh600236,2012-02-02,3.78,3.81,3.69,3.8,0.002639,5417052.0,20307781.0,4285593620.0,8665708150.0,0.00480325467724,16.2057899076,2011-09-30,2011-10-27,22.1161070381,2.12046596324,4.1723372304,2.74023015926
sh600236,2012-02-03,3.8,3.85,3.78,3.85,0.013158,3987201.0,15253146.0,4341983010.0,8779730630.0,0.00353541776065,16.4190256912,2011-09-30,2011-10-27,22.4071107745,2.14836705438,4.22723684368,2.7762861077
sh600236,2012-02-06,3.85,3.89,3.83,3.84,-0.002597,2626240.0,10112976.0,4330705130.0,8756926130.0,0.00232866503197,16.3763854815,2011-09-30,2011-10-27,22.3489195078,2.14278774514,4.2162587096,2.76907609268
sh600236,2012-02-07,3.83,3.83,3.76,3.78,-0.015625,2042427.0,7733627.0,4263037860.0,8620099160.0,0.00181100293114,16.1205044584,2011-09-30,2011-10-27,21.9997176405,2.10930668663,4.15037966726,2.72580927873
sh600236,2012-02-08,3.77,3.83,3.74,3.83,0.013228,4845634.0,18393099.0,4319427250.0,8734121640.0,0.00429658312222,16.3337464913,2011-09-30,2011-10-27,22.2907299055,2.13720859548,4.2052808895,2.76186628387
sh600236,2012-02-09,3.82,3.86,3.81,3.86,0.007833,6733203.0,25884225.0,4353260880.0,8802535120.0,0.00597027476561,16.4616887276,2011-09-30,2011-10-27,22.4653331928,2.1539493504,4.23822085471,2.78349998247
sh600236,2012-02-10,3.84,3.92,3.82,3.87,0.002591,4545055.0,17589079.0,4364538760.0,8825339620.0,0.00403006223961,16.5043409631,2011-09-30,2011-10-27,22.5235408711,2.15953023317,4.24920208494,2.79071203092
sh600236,2012-02-13,3.87,3.9,3.79,3.89,0.005168,6085405.0,23408524.0,4387094520.0,8870948610.0,0.00539587769128,16.5896353972,2011-09-30,2011-10-27,22.6399425303,2.17069068542,4.27116196132,2.8051344307
sh600236,2012-02-14,3.88,3.88,3.81,3.85,-0.010283,4571338.0,17558180.0,4341983010.0,8779730630.0,0.00405336715032,16.4190441764,2011-09-30,2011-10-27,22.4071360013,2.1483694731,4.22724160287,2.77628923335
sh600236,2012-02-15,3.83,3.94,3.82,3.93,0.020779,7846975.0,30610327.0,4432206030.0,8962166590.0,0.00695784707238,16.7602154953,2011-09-30,2011-10-27,22.8727338803,2.19301044238,4.31507945613,2.83397774733
sh600236,2012-02-16,3.93,4.05,3.92,4.04,0.02799,14439012.0,57648189.0,4556262690.0,9213016040.0,0.0128029511134,17.2293339271,2011-09-30,2011-10-27,23.5129417016,2.25439280466,4.43585853011,2.91330078448
sh600236,2012-02-17,4.06,4.08,3.95,4.0,-0.009901,5469250.0,21796193.0,4511151180.0,9121798060.0,0.0048495382059,17.0587462918,2011-09-30,2011-10-27,23.2801400658,2.2320720615,4.3919390948,2.88445619341
sh600236,2012-02-20,4.03,4.03,3.96,3.99,-0.0025,5586308.0,22299146.0,4499873300.0,9098993560.0,0.00495333255716,17.0160994261,2011-09-30,2011-10-27,23.2219397156,2.22649188135,4.38095924707,2.87724505293
sh600236,2012-02-21,3.99,4.0,3.92,3.99,0.0,3375246.0,13367163.0,4499873300.0,9098993560.0,0.00299280238401,17.0160994261,2011-09-30,2011-10-27,23.2219397156,2.22649188135,4.38095924707,2.87724505293
sh600236,2012-02-22,4.0,4.02,3.92,4.02,0.007519,6893294.0,27467723.0,4533706930.0,9167407050.0,0.00611222611162,17.1440434777,2011-09-30,2011-10-27,23.3965454804,2.24323287381,4.41389967965,2.89887905848
sh600236,2012-02-23,4.01,4.07,3.98,4.07,0.012438,7399994.0,29736019.0,4590096320.0,9281429520.0,0.00656151276146,17.3572810905,2011-09-30,2011-10-27,23.687551713,2.27113420429,4.46879976386,2.93493531621
sh600236,2012-02-24,4.07,4.09,4.04,4.07,0.0,5859295.0,23869385.0,4590096320.0,9281429520.0,0.00519538784973,17.3572810905,2011-09-30,2011-10-27,23.687551713,2.27113420429,4.46879976386,2.93493531621
sh600236,2012-02-27,4.08,4.2,4.07,4.11,0.009828,8445079.0,34941905.0,4635207830.0,9372647500.0,0.00748818088918,17.527868449,2011-09-30,2011-10-27,23.9203529713,2.29345491125,4.51271912794,2.9637798605
sh600236,2012-02-28,4.11,4.15,4.04,4.1,-0.002433,6579454.0,26930088.0,4623929960.0,9349843010.0,0.00583394680139,17.4852231451,2011-09-30,2011-10-27,23.8621547525,2.28787493545,4.5017396823,2.9565689841
sh600236,2012-02-29,4.11,4.16,3.99,4.02,-0.019512,9292925.0,37793088.0,4533706930.0,9167407050.0,0.00823995884092,17.1440514711,2011-09-30,2011-10-27,23.396556389,2.24323391971,4.41390173762,2.89888041008
sh600236,2012-03-01,4.02,4.04,3.99,4.02,0.0,5471985.0,21974444.0,4533706930.0,9167407050.0,0.00485196331383,17.1440514711,2011-09-30,2011-10-27,23.396556389,2.24323391971,4.41390173762,2.89888041008
sh600236,2012-03-02,4.03,4.09,4.01,4.09,0.017413,5569684.0,22572809.0,4612652080.0,9327038510.0,0.00493859219488,17.4425808394,2011-09-30,2011-10-27,23.8039606254,2.28229535195,4.49076100858,2.94935861466
sh600236,2012-03-05,4.08,4.12,4.04,4.05,-0.00978,4759123.0,19390052.0,4567540570.0,9235820530.0,0.00421987453743,17.2719923987,2011-09-30,2011-10-27,23.5711578905,2.25997450341,4.44684136591,2.92051388741
sh600236,2012-03-06,4.04,4.06,3.95,3.96,-0.022222,5604362.0,22390894.0,4466039660.0,9030580080.0,0.00496934089475,16.8881741837,2011-09-30,2011-10-27,23.0473596198,2.20975335,4.34802365708,2.8556142278
sh600236,2012-03-07,3.93,3.99,3.93,3.95,-0.002525,3177307.0,12573276.0,4454761790.0,9007775580.0,0.00281729152795,16.8455315439,2011-09-30,2011-10-27,22.9891650368,2.20417372279,4.33704489735,2.84840380188
sh600236,2012-03-08,3.98,4.02,3.95,4.0,0.012658,7916797.0,31495221.0,4511151180.0,9121798060.0,0.00701975764865,17.0587622821,2011-09-30,2011-10-27,23.2801618878,2.23207415377,4.39194321166,2.8844588972
sh600236,2012-03-09,4.0,4.07,3.96,4.06,0.015,8887663.0,35620210.0,4578818440.0,9258625030.0,0.00788061641946,17.3146437164,2011-09-30,2011-10-27,23.6293643161,2.26555526608,4.45782235983,2.92772578066
sh600236,2012-03-12,4.06,4.07,4.0,4.03,-0.007389,4798480.0,19305266.0,4544984810.0,9190211540.0,0.0042547720638,17.1867058139,2011-09-30,2011-10-27,23.4547669432,2.24881507822,4.42488351042,2.90609281487
sh600236,2012-03-13,4.04,4.11,4.02,4.11,0.019851,8206969.0,33362496.0,4635207830.0,9372647500.0,0.00727705074445,17.5278791111,2011-09-30,2011-10-27,23.9203675218,2.29345630633,4.51272187298,2.96378166333
sh600236,2012-03-14,4.1,4.2,3.97,3.99,-0.029197,19730138.0,81405414.0,4499873300.0,9098993560.0,0.0174945482621,17.0161176247,2011-09-30,2011-10-27,23.2219645512,2.22649426256,4.38096393246,2.87724813011
sh600236,2012-03-15,4.0,4.05,3.92,3.95,-0.010025,5228031.0,20717700.0,4454761790.0,9007775580.0,0.00463565133749,16.8455310455,2011-09-30,2011-10-27,22.9891643566,2.20417365758,4.33704476903,2.8484037176
sh600236,2012-03-16,3.95,4.12,3.95,4.09,0.035443,9661256.0,39176154.0,4612652080.0,9327038510.0,0.00856655484842,17.4425872023,2011-09-30,2011-10-27,23.8039693089,2.28229618452,4.49076264678,2.94935969057
sh600236,2012-03-19,4.08,4.15,4.05,4.13,0.00978,7775831.0,31878358.0,4657763590.0,9418256490.0,0.00689476428107,17.6131757051,2011-09-30,2011-10-27,24.0367721288,2.30461704121,4.53468230547,2.97820442834
sh600236,2012-03-20,4.12,4.23,4.06,4.09,-0.009685,11050060.0,45808188.0,4612652080.0,9327038510.0,0.00979799573351,17.4425920984,2011-09-30,2011-10-27,23.8039759907,2.28229682516,4.49076390734,2.94936051845
sh600236,2012-03-21,4.1,4.12,4.0,4.06,-0.007335,5777871.0,23355872.0,4578818440.0,9258625030.0,0.00512318987254,17.3146506854,2011-09-30,2011-10-27,23.6293738268,2.26555617795,4.45782415408,2.92772695905
sh600236,2012-03-22,4.06,4.06,4.01,4.02,-0.009852,3197885.0,12890991.0,4533706930.0,9167407050.0,0.00283553787188,17.1440667468,2011-09-30,2011-10-27,23.3965772359,2.24323591848,4.41390567051,2.89888299305
sh600236,2012-03-23,4.05,4.05,3.93,3.95,-0.017413,4271318.0,16974251.0,4454761790.0,9007775580.0,0.00378734192654,16.8455371126,2011-09-30,2011-10-27,22.9891726364,2.20417445144,4.33704633107,2.84840474349
sh600236,2012-03-26,3.94,3.98,3.93,3.95,0.0,2059486.0,8149173.0,4454761790.0,9007775580.0,0.00182612900161,16.8455371126,2011-09-30,2011-10-27,22.9891726364,2.20417445144,4.33704633107,2.84840474349
sh600236,2012-03-27,3.95,3.97,3.91,3.92,-0.007595,2410005.0,9493518.0,4420928150.0,8939362090.0,0.00213693126861,16.7175952582,2011-12-31,2012-03-27,46.3482980006,2.32939554563,5.82632786768,2.87001189005
sh600236,2012-03-28,3.91,3.92,3.7,3.72,-0.05102,5175220.0,19666456.0,4195370590.0,8483272190.0,0.00458882427357,15.8646635481,2011-12-31,2012-03-27,43.9836078366,2.21054978489,5.52906861987,2.72358388342
sh600236,2012-03-29,3.71,3.74,3.69,3.73,0.002688,3734993.0,13885317.0,4206648470.0,8506076690.0,0.00331178704124,15.9073077638,2011-12-31,2012-03-27,44.1018357745,2.21649174271,5.54393075632,2.7309048769
sh600236,2012-03-30,3.74,3.81,3.71,3.81,0.021448,4580791.0,17301892.0,4296871500.0,8688512650.0,0.00406174904462,16.2484877007,2011-12-31,2012-03-27,45.0477319482,2.26403105761,5.66283698319,2.7894773247
sh600236,2012-04-05,3.81,3.86,3.78,3.86,0.013123,3107021.0,11903913.0,4353260880.0,8802535120.0,0.00275496952528,16.4617166048,2011-12-31,2012-03-27,45.6388933346,2.29374193718,5.73715039292,2.82608363563
sh600236,2012-04-06,3.86,3.86,3.8,3.83,-0.007772,2372859.0,9077649.0,4319427250.0,8734121640.0,0.00210399422053,16.3337761433,2011-12-31,2012-03-27,45.2841878556,2.27591497484,5.69256126006,2.80411931361
sh600236,2012-04-09,3.83,3.83,3.73,3.74,-0.023499,4743195.0,17888294.0,4217926350.0,8528881180.0,0.00420575131664,15.9499487377,2011-12-31,2012-03-27,44.2200547251,2.22243324885,5.55879176301,2.73822531386
sh600236,2012-04-10,3.74,3.83,3.7,3.82,0.02139,3871882.0,14483161.0,4308149370.0,8711317140.0,0.00343316537328,16.2911181412,2011-12-31,2012-03-27,45.1659216957,2.26997109604,5.67769431882,2.79679595333
sh600236,2012-04-11,3.78,3.82,3.76,3.81,-0.002618,2860591.0,10827784.0,4296871500.0,8688512650.0,0.00253646210039,16.2484679939,2011-12-31,2012-03-27,45.0476773127,2.26402831171,5.6628301151,2.78947394152
sh600236,2012-04-12,3.82,3.86,3.78,3.86,0.013123,5883580.0,22531988.0,4353260880.0,8802535120.0,0.00521692116003,16.4616966394,2011-12-31,2012-03-27,45.6388379821,2.29373915524,5.7371434347,2.82608020805
sh600236,2012-04-13,3.85,3.87,3.82,3.86,0.0,6451194.0,24807072.0,4353260880.0,8802535120.0,0.00572021974479,16.4616966394,2011-12-31,2012-03-27,45.6388379821,2.29373915524,5.7371434347,2.82608020805
sh600236,2012-04-16,3.83,3.93,3.82,3.88,0.005181,6593509.0,25581010.0,4375816640.0,8848144110.0,0.00584640925905,16.5469846897,2011-12-31,2012-03-27,45.8752928017,2.30562301781,5.76686757483,2.84072212961
sh600236,2012-04-17,3.88,3.92,3.82,3.87,-0.002577,5689913.0,21973535.0,4364538760.0,8825339620.0,0.00504519824908,16.5043431102,2011-12-31,2012-03-27,45.7570721721,2.29968142729,5.75200635709,2.83340158868
sh600236,2012-04-18,3.87,3.95,3.84,3.93,0.015504,6826930.0,26683381.0,4432206030.0,8962166590.0,0.00605338170617,16.7602264457,2011-12-31,2012-03-27,46.4664898191,2.33533568814,5.84118546365,2.87733064692
sh600236,2012-04-19,3.93,3.94,3.87,3.88,-0.012723,5805581.0,22611125.0,4375816640.0,8848144110.0,0.00514776009444,16.5469860847,2011-12-31,2012-03-27,45.8752966691,2.30562321218,5.766868061,2.8407223691
sh600236,2012-04-20,3.89,3.95,3.84,3.91,0.007732,5840970.0,22715331.0,4409650270.0,8916557600.0,0.00517913922911,16.6749273811,2011-12-31,2012-03-27,46.230004463,2.32345029086,5.81145748485,2.86268683445
sh600236,2012-04-23,3.88,3.88,3.8,3.82,-0.023018,8039203.0,30833363.0,4308149370.0,8711317140.0,0.00712829403591,16.2911039026,2012-03-31,2012-04-23,-310.468140442,2.26093698674,7.14408611803,2.93808862721
sh600236,2012-04-24,3.81,3.83,3.7,3.79,-0.007853,7191609.0,27080022.0,4274315740.0,8642903660.0,0.00637673952229,16.1631698637,2012-03-31,2012-04-23,-308.030034135,2.24318184858,7.08798360975,2.91501581722
sh600236,2012-04-25,3.79,3.8,3.71,3.8,0.002639,6731508.0,25187943.0,4285593620.0,8665708150.0,0.00596877181276,16.2058244689,2012-03-31,2012-04-23,-308.842925395,2.24910160548,7.10668879849,2.92270854396
sh600236,2012-04-26,3.84,3.86,3.8,3.81,0.002632,5934160.0,22676126.0,4296871500.0,8688512650.0,0.00526177001104,16.2484781989,2012-03-31,2012-04-23,-309.655799975,2.25502124091,7.12539360341,2.93040111285
sh600236,2012-04-27,3.82,3.83,3.73,3.78,-0.007874,5196343.0,19509280.0,4263037860.0,8620099160.0,0.00460755385832,16.1205376816,2012-03-31,2012-04-23,-307.217570206,2.23726520366,7.06928825418,2.90732713449
sh600236,2012-05-02,3.79,3.83,3.78,3.8,0.005291,6062653.0,23036446.0,4285593620.0,8665708150.0,0.0053757036814,16.2058314465,2012-03-31,2012-04-23,-308.84305837,2.24910257385,7.10669185833,2.92270980236
sh600236,2012-05-03,3.8,3.81,3.76,3.78,-0.005263,4756076.0,17987243.0,4263037860.0,8620099160.0,0.0042171727933,16.1205401556,2012-03-31,2012-04-23,-307.217617354,2.237265547,7.06928933908,2.90732758067
sh600236,2012-05-04,3.78,3.8,3.71,3.79,0.002646,4190164.0,15740203.0,4274315740.0,8642903660.0,0.00371538335631,16.1631951048,2012-03-31,2012-04-23,-308.030515169,2.24318535164,7.08799467867,2.91502036945
sh600236,2012-05-07,3.78,3.82,3.74,3.81,0.005277,5296406.0,20076710.0,4296871500.0,8688512650.0,0.00469627887639,16.2484882854,2012-03-31,2012-04-23,-309.655992198,2.25502264074,7.12539802659,2.93040293194
sh600236,2012-05-08,3.82,3.83,3.78,3.8,-0.002625,3186230.0,12103556.0,4285593620.0,8665708150.0,0.00282520347788,16.2058360036,2012-03-31,2012-04-23,-308.843145218,2.24910320631,7.10669385677,2.92271062424
sh600236,2012-05-09,3.8,3.8,3.71,3.75,-0.013158,5712617.0,21338309.0,4229204230.0,8551685680.0,0.00506532968969,15.9925996135,2012-03-31,2012-04-23,-304.779387113,2.21950950632,7.013183979,2.88425359785
sh600236,2012-05-10,3.74,3.75,3.71,3.74,-0.002667,2650540.0,9887275.0,4217926350.0,8528881180.0,0.00235021163895,15.9499473503,2012-03-31,2012-04-23,-303.966540488,2.21359007447,6.99447981733,2.8765612935
sh600236,2012-05-11,3.74,3.75,3.72,3.75,0.002674,2604575.0,9732931.0,4229204230.0,8551685680.0,0.00230945485695,15.9925975096,2012-03-31,2012-04-23,-304.779347017,2.21950921433,7.01318305636,2.8842532184
sh600236,2012-05-15,3.74,3.77,3.7,3.74,-0.002667,2790081.0,10393465.0,4217926350.0,8528881180.0,0.00247394147601,15.949945252,2012-03-31,2012-04-23,-303.966500499,2.21358978325,6.99447889715,2.87656091507
sh600236,2012-05-16,3.74,3.75,3.72,3.73,-0.002674,1743367.0,6500555.0,4206648470.0,8506076690.0,0.0015458289316,15.9072950984,2012-03-31,2012-04-23,-303.153694076,2.20767064417,6.97577566058,2.86886899118
sh600236,2012-05-17,3.74,3.76,3.71,3.75,0.005362,2230838.0,8330781.0,4229204230.0,8551685680.0,0.00197806538655,15.9925900147,2012-03-31,2012-04-23,-304.779204184,2.21950817416,7.01317976967,2.88425186671
sh600236,2012-05-18,3.74,3.81,3.74,3.78,0.008,5751629.0,21740642.0,4263037860.0,8620099160.0,0.00509992130823,16.1205307348,2012-03-31,2012-04-23,-307.217437818,2.23726423956,7.06928520783,2.90732588164
sh600236,2012-05-21,3.78,3.8,3.75,3.78,0.0,2588668.0,9762535.0,4263037860.0,8620099160.0,0.00229535025523,16.1205307348,2012-03-31,2012-04-23,-307.217437818,2.23726423956,7.06928520783,2.90732588164
sh600236,2012-05-22,3.79,3.8,3.75,3.78,0.0,3426515.0,12927421.0,4263037860.0,8620099160.0,0.00303826217954,16.1205307348,2012-03-31,2012-04-23,-307.217437818,2.23726423956,7.06928520783,2.90732588164
sh600236,2012-05-23,3.78,3.79,3.74,3.75,-0.007937,3063245.0,11543554.0,4229204230.0,8551685680.0,0.00271615370772,15.9925820824,2012-03-31,2012-04-23,-304.779053014,2.21950707329,7.01317629113,2.88425043612
sh600236,2012-05-24,3.76,3.77,3.71,3.74,-0.002667,3719303.0,13881552.0,4217926350.0,8528881180.0,0.00329787484791,15.949929866,2012-03-31,2012-04-23,-303.966207279,2.21358764792,6.99447214997,2.87655814021
sh600236,2012-05-25,3.75,3.75,3.69,3.71,-0.008021,3015234.0,11175479.0,4184092720.0,8460467700.0,0.00267358275464,15.8219954785,2012-03-31,2012-04-23,-301.528094331,2.1958324614,6.93836948885,2.85348526737
sh600236,2012-05-28,3.71,3.82,3.63,3.8,0.024259,8366512.0,30978325.0,4285593620.0,8665708150.0,0.00741851617746,16.2058212668,2012-03-31,2012-04-23,-308.842864371,2.24910116108,7.10668739428,2.92270796647
sh600236,2012-05-29,3.76,3.84,3.74,3.81,0.002632,7557575.0,28662107.0,4296871500.0,8688512650.0,0.00670123850574,16.2484749884,2012-03-31,2012-04-23,-309.65573879,2.25502079534,7.1253921955,2.93040053383
sh600236,2012-05-30,3.81,3.81,3.78,3.79,-0.005249,4184337.0,15881971.0,4274315740.0,8642903660.0,0.00371021660417,16.1631867432,2012-03-31,2012-04-23,-308.030355817,2.24318419118,7.08799101187,2.91501886143
sh600236,2012-05-31,3.78,3.81,3.76,3.79,0.0,3121721.0,11810937.0,4274315740.0,8642903660.0,0.00276800388873,16.1631867432,2012-03-31,2012-04-23,-308.030355817,2.24318419118,7.08799101187,2.91501886143
sh600236,2012-06-01,3.79,3.8,3.76,3.79,0.0,2295233.0,8679205.0,4274315740.0,8642903660.0,0.00203516389503,16.1631867432,2012-03-31,2012-04-23,-308.030355817,2.24318419118,7.08799101187,2.91501886143
sh600236,2012-06-04,3.76,3.77,3.71,3.72,-0.01847,3053079.0,11399806.0,4195370590.0,8483272190.0,0.00270713960456,15.864652684,2012-03-31,2012-04-23,-302.341035145,2.20175257917,6.95707581788,2.86117846306
sh600236,2012-06-05,3.72,3.84,3.72,3.82,0.026882,11615766.0,44273424.0,4308149370.0,8711317140.0,0.0102996025228,16.2911262775,2012-03-31,2012-04-23,-310.468566852,2.260940092,7.14409593002,2.93809266251
sh600236,2012-06-06,3.81,3.94,3.8,3.9,0.020942,15212202.0,59063386.0,4398372400.0,8893753100.0,0.0134885322125,16.632295044,2012-03-31,2012-04-23,-316.970399579,2.30828869941,7.29370758698,2.99962219904
sh600236,2012-06-07,3.93,3.94,3.85,3.88,-0.005128,6977205.0,27087976.0,4375816640.0,8848144110.0,0.00618662929167,16.547004635,2012-03-31,2012-04-23,-315.34497537,2.29645179496,7.25630545448,2.98424013641
sh600236,2012-06-08,3.88,3.89,3.83,3.86,0.002577,5361153.0,20728572.0,4353260880.0,8802535120.0,0.0047536895101,16.589646266,2012-03-31,2012-04-23,-316.157619371,2.30236975124,7.27500495363,2.99193052324
sh600236,2012-06-11,3.86,4.03,3.85,3.99,0.033679,12471237.0,49401958.0,4499873300.0,9098993560.0,0.0110581414881,17.1483689626,2012-03-31,2012-04-23,-326.805491834,2.37991126209,7.52001984547,3.09269575133
sh600236,2012-06-12,3.97,3.98,3.9,3.94,-0.012531,4530174.0,17816483.0,4443483910.0,8984971090.0,0.00401686737738,16.9334827511,2012-03-31,2012-04-23,-322.710292216,2.35008859406,7.42578647678,3.05394118087
sh600236,2012-06-13,3.94,4.21,3.93,4.12,0.045685,21511787.0,88359601.0,4646485710.0,9395452000.0,0.0190743215349,17.7070889106,2012-03-31,2012-04-23,-337.453311916,2.45745239148,7.76503353197,3.19346048372
sh600236,2012-06-14,4.11,4.2,4.07,4.08,-0.009709,9111436.0,37559464.0,4601374200.0,9304234020.0,0.008079034059,17.5351707843,2012-03-31,2012-04-23,-334.176977711,2.43359298621,7.68964282141,3.16245517588
sh600236,2012-06-15,4.08,4.15,3.98,4.0,-0.019608,8422112.0,34074890.0,4511151180.0,9121798060.0,0.00746781623045,17.1913411556,2012-03-31,2012-04-23,-327.624435532,2.38587509494,7.53886430497,3.10044575479
sh600236,2012-06-18,4.02,4.23,4.02,4.05,0.0125,10637579.0,43657581.0,4567540570.0,9235820530.0,0.00943225227882,17.40623292,2012-03-31,2012-04-23,-331.719740976,2.41569853363,7.63310010878,3.13920132673
sh600236,2012-06-19,4.07,4.15,3.97,4.0,-0.012346,9830078.0,39843108.0,4511151180.0,9121798060.0,0.00871624790016,17.1913355684,2012-03-31,2012-04-23,-327.624329054,2.38587431953,7.53886185484,3.10044474715
sh600236,2012-06-20,4.0,4.08,3.95,4.0,0.0,4975835.0,20021668.0,4511151180.0,9121798060.0,0.00441203125451,17.1913355684,2012-03-31,2012-04-23,-327.624329054,2.38587431953,7.53886185484,3.10044474715
sh600236,2012-06-21,4.0,4.04,3.96,4.04,0.01,3121874.0,12492317.0,4556262690.0,9213016040.0,0.00276813955167,17.3632489241,2012-03-31,2012-04-23,-330.900572344,2.40973306273,7.61425047339,3.13144919462
sh600236,2012-06-25,4.04,4.12,4.0,4.05,0.002475,6096459.0,24843956.0,4567540570.0,9235820530.0,0.00540567917714,17.4062229652,2012-03-31,2012-04-23,-331.719551261,2.41569715206,7.63309574331,3.13919953138
sh600236,2012-06-26,4.06,4.15,4.04,4.06,0.002469,9766950.0,40066888.0,4578818440.0,9258625030.0,0.00866027284541,17.4491989297,2012-03-31,2012-04-23,-332.538566833,2.42166150832,7.6519418567,3.14695021502
sh600236,2012-06-27,4.06,4.12,3.98,3.99,-0.017241,4770551.0,19358296.0,4499873300.0,9098993560.0,0.00423000765155,17.1483572909,2012-03-31,2012-04-23,-326.805269402,2.37990964226,7.52001472715,3.09269364636
sh600236,2012-06-28,4.03,4.03,3.9,3.91,-0.02005,5244389.0,20703595.0,4409650270.0,8916557600.0,0.00465015584785,16.8045327273,2012-03-31,2012-04-23,-320.252823751,2.33219245393,7.36923843187,3.03068513875
sh600236,2012-06-29,3.91,4.02,3.9,3.96,0.012788,4664205.0,18482334.0,4466039660.0,9030580080.0,0.00413571154897,17.0194290918,2012-03-31,2012-04-23,-324.348216861,2.36201653103,7.46347625294,3.06944154031
sh600236,2012-07-02,3.97,4.02,3.9,3.99,0.007576,3914674.0,15473481.0,4499873300.0,9098993560.0,0.00347110867766,17.1483682866,2012-03-31,2012-04-23,-326.805478952,2.37991116827,7.52001954903,3.09269562942
sh600236,2012-07-03,3.99,4.03,3.93,3.95,-0.010025,4347469.0,17286816.0,4454761790.0,9007775580.0,0.00385486438098,16.9764558945,2012-03-31,2012-04-23,-323.529254025,2.35605255881,7.44463135305,3.06169135573
sh600236,2012-07-04,4.03,4.03,3.88,3.9,-0.012658,6367171.0,24965948.0,4398372400.0,8893753100.0,0.00564571724304,16.7615679158,2012-03-31,2012-04-23,-319.434020728,2.32622964552,7.35039720938,3.02293646655
sh600236,2012-07-05,3.9,3.91,3.85,3.87,-0.007692,2957822.0,11469820.0,4364538760.0,8825339620.0,0.00262267601903,16.6326379354,2012-03-31,2012-04-23,-316.97693424,2.30833628709,7.29385795405,2.99968403925
sh600236,2012-07-06,3.9,3.94,3.87,3.93,0.015504,3553245.0,13860588.0,4432206030.0,8962166590.0,0.00315063260947,16.8905103539,2012-03-31,2012-04-23,-321.891344629,2.34412473288,7.40694192777,3.0461911406
sh600236,2012-07-09,3.9,3.9,3.75,3.77,-0.040712,12695910.0,48343459.0,4251759980.0,8597294670.0,0.0112573571709,16.2028638964,2012-03-31,2012-04-23,-308.786504206,2.24869072676,7.105390508,2.92217460688
sh600236,2012-07-10,3.76,3.79,3.68,3.72,-0.013263,5142614.0,19093897.0,4195370590.0,8483272190.0,0.00455991280618,15.9879653125,2012-03-31,2012-04-23,-304.691068801,2.21886634165,7.0111517137,2.88341780507
sh600236,2012-07-11,3.7,3.76,3.69,3.72,0.0,2639298.0,9820086.0,4195370590.0,8483272190.0,0.00234024345392,15.9879653125,2012-03-31,2012-04-23,-304.691068801,2.21886634165,7.0111517137,2.88341780507
sh600236,2012-07-12,3.71,3.76,3.69,3.73,0.002688,2607683.0,9733734.0,4206648470.0,8506076690.0,0.0023122106968,16.0309409633,2012-03-31,2012-04-23,-305.510078394,2.22483065437,7.0299976895,2.89116843213
sh600236,2012-07-13,3.73,3.81,3.71,3.78,0.013405,3321681.0,12574914.0,4263037860.0,8620099160.0,0.00294530674893,16.2458357269,2012-03-31,2012-04-23,-309.605440995,2.2546545093,7.12423480853,2.92992454496
sh600236,2012-07-16,3.77,3.83,3.72,3.73,-0.013228,3052720.0,11509740.0,4206648470.0,8506076690.0,0.00270682128093,16.0309358119,2012-03-31,2012-04-23,-305.509980221,2.22482993945,7.02999543048,2.89116750308
sh600236,2012-07-17,3.75,3.79,3.72,3.75,0.005362,1750624.0,6561778.0,4229204230.0,8551685680.0,0.00155226365126,16.1168936897,2012-03-31,2012-04-23,-307.148124735,2.23675947758,7.06769026598,2.90666994323
sh600236,2012-07-18,3.8,3.81,3.72,3.77,0.005333,2182458.0,8188204.0,4251759980.0,8597294670.0,0.00193516724808,16.2028450838,2012-03-31,2012-04-23,-308.786145684,2.24868811588,7.10538225817,2.92217121404
sh600236,2012-07-19,3.76,3.79,3.7,3.76,-0.002653,2618494.0,9852923.0,4240482110.0,8574490170.0,0.00232179671665,16.1598589358,2012-03-31,2012-04-23,-307.96693604,2.24272234631,7.08653167904,2.91441869381
sh600236,2012-07-20,3.75,3.83,3.73,3.78,0.005319,2939948.0,11106058.0,4263037860.0,8620099160.0,0.00260682729193,16.2458132255,2012-03-31,2012-04-23,-309.605012173,2.25465138647,7.12422494104,2.92992048684
sh600236,2012-07-23,3.78,3.78,3.67,3.69,-0.02381,2930544.0,10857899.0,4161536960.0,8414858710.0,0.00259848884293,15.8590004126,2012-03-31,2012-04-23,-302.233316833,2.20096813695,6.95459714519,2.86015908005
sh600236,2012-07-24,3.67,3.72,3.67,3.7,0.00271,1642259.0,6063622.0,4172814840.0,8437663200.0,0.00145617731267,15.9019783037,2012-03-31,2012-04-23,-303.052369122,2.2069327606,6.97344410346,2.86791011116
sh600236,2012-07-25,3.72,3.72,3.65,3.67,-0.008108,2785641.0,10220280.0,4138981200.0,8369249720.0,0.00247000456779,15.7730450636,2012-03-31,2012-04-23,-300.595220513,2.18903894978,6.91690341867,2.84465709597
sh600236,2012-07-26,3.68,3.68,3.63,3.65,-0.00545,1324014.0,4834976.0,4116425450.0,8323640730.0,0.00117399213437,15.687081968,2012-03-31,2012-04-23,-298.956976561,2.17710868751,6.87920629503,2.8291537148
sh600236,2012-07-27,3.65,3.67,3.61,3.62,-0.008219,1347609.0,4896788.0,4082591810.0,8255227240.0,0.00119491362522,15.5581498413,2012-03-31,2012-04-23,-296.499849171,2.1592150312,6.82266609849,2.80590090042
sh600236,2012-07-30,3.62,3.66,3.62,3.63,0.002762,1406559.0,5119621.0,4093869690.0,8278031740.0,0.00124718409638,15.6011214512,2012-03-31,2012-04-23,-297.318781754,2.16517878312,6.84151030226,2.81365079871
sh600236,2012-07-31,3.64,3.65,3.51,3.53,-0.027548,3862577.0,13741454.0,3981090910.0,8049986780.0,0.00342491470761,15.1713417574,2012-03-31,2012-04-23,-289.128243954,2.105532438,6.65304037645,2.7361403465
sh600236,2012-08-01,3.53,3.59,3.52,3.54,0.002833,1305878.0,4637515.0,3992368790.0,8072791280.0,0.00115791109568,15.2143221686,2012-03-31,2012-04-23,-289.947344269,2.1114974114,6.67188843984,2.74389183211
sh600236,2012-08-02,3.54,3.57,3.4,3.43,-0.031073,4291135.0,14917817.0,3868312130.0,7821941830.0,0.00380491350112,14.7415675359,2012-03-31,2012-04-23,-280.937810441,2.04588685233,6.46457285035,2.65863088121
sh600236,2012-08-03,3.45,3.5,3.43,3.48,0.014577,2009134.0,6942271.0,3924701520.0,7935964310.0,0.00178148230747,14.9564553658,2012-03-31,2012-04-23,-285.033040904,2.07570974498,6.55880692879,2.69738574356
sh600236,2012-08-06,3.46,3.53,3.46,3.53,0.014368,1770594.0,6196590.0,3981090910.0,8049986780.0,0.00156997088519,15.1713497165,2012-03-31,2012-04-23,-289.128395635,2.1055335426,6.65304386674,2.73614178193
sh600236,2012-08-07,3.51,3.53,3.47,3.52,-0.002833,4618642.0,16121780.0,3969813030.0,8027182290.0,0.00409531121923,15.1283692828,2012-03-31,2012-04-23,-288.30929489,2.09956856607,6.63419579347,2.72839029226
sh600236,2012-08-08,3.51,3.54,3.49,3.5,-0.005682,2035081.0,7141444.0,3947257280.0,7981573300.0,0.00180448929339,15.0424098885,2012-03-31,2012-04-23,-286.671121477,2.08763881748,6.59650029297,2.71288757862
sh600236,2012-08-09,3.5,3.52,3.46,3.5,0.0,2741880.0,9581899.0,3947257280.0,7981573300.0,0.00243120205228,15.0424098885,2012-03-31,2012-04-23,-286.671121477,2.08763881748,6.59650029297,2.71288757862
sh600236,2012-08-10,3.49,3.58,3.49,3.57,0.02,3271540.0,11607892.0,4026202420.0,8141204760.0,0.00290084714618,15.3432580863,2012-03-31,2012-04-23,-292.404543906,2.12939159383,6.72843029883,2.76714533019
sh600236,2012-08-13,3.57,3.57,3.52,3.54,-0.008403,1763799.0,6234880.0,3992368790.0,8072791280.0,0.00156394581474,15.2143286886,2012-03-31,2012-04-23,-289.947468524,2.11149831626,6.67189129903,2.74389300798
sh600236,2012-08-14,3.54,3.55,3.47,3.52,-0.00565,4779045.0,16740090.0,3969813030.0,8027182290.0,0.00423753921731,15.1283677315,2012-03-31,2012-04-23,-288.309265327,2.09956835078,6.63419511319,2.72839001248
sh600236,2012-08-15,3.52,3.52,3.45,3.47,-0.014205,1666600.0,5794868.0,3913423650.0,7913159810.0,0.00147776027265,14.9134692679,2012-03-31,2012-04-23,-284.213832213,2.06974398235,6.5399563716,2.68963323236
sh600236,2012-08-16,3.49,3.49,3.43,3.44,-0.008646,2876640.0,9924896.0,3879590010.0,7844746330.0,0.00255069261816,14.7845274126,2012-03-31,2012-04-23,-281.75651942,2.05184897588,6.48341190881,2.66637866343
sh600236,2012-08-17,3.45,3.46,3.33,3.41,-0.008721,5417220.0,18330026.0,3845756380.0,7776332840.0,0.0048034036415,14.655591549,2012-03-31,2012-04-23,-279.299320814,2.03395480096,6.42687007356,2.64312517511
sh600236,2012-08-20,3.38,3.39,3.32,3.38,-0.008798,3136099.0,10524576.0,3811922740.0,7707919360.0,0.00278075274422,14.5266516546,2012-03-31,2012-04-23,-276.842045389,2.01606006663,6.37032647065,2.61987095982
sh600236,2012-08-21,3.38,3.42,3.35,3.38,0.0,3902711.0,13199643.0,3811922740.0,7707919360.0,0.00346050119054,14.5266516546,2012-03-31,2012-04-23,-276.842045389,2.01606006663,6.37032647065,2.61987095982
sh600236,2012-08-22,3.39,3.39,3.34,3.36,-0.005917,1657709.0,5569798.0,3789366990.0,7662310370.0,0.00146987669832,14.4406974567,2012-03-31,2012-04-23,-275.203971007,2.00413103921,6.33263324892,2.60436918335
sh600236,2012-08-23,3.37,3.37,3.34,3.36,0.0,4092500.0,13708625.0,3789366990.0,7662310370.0,0.0036287855033,14.4406974567,2012-03-31,2012-04-23,-275.203971007,2.00413103921,6.33263324892,2.60436918335
sh600236,2012-08-24,3.36,3.39,3.31,3.33,-0.008929,3731966.0,12507978.0,3755533350.0,7593896880.0,0.00330910302794,14.3117564692,2012-03-31,2012-04-23,-272.746674749,1.98623615316,6.27608916664,2.58111477091
sh600236,2012-08-27,3.33,3.35,3.3,3.33,0.0,2422814.0,8058413.0,3755533350.0,7593896880.0,0.00214828890283,14.3117564692,2012-03-31,2012-04-23,-272.746674749,1.98623615316,6.27608916664,2.58111477091
sh600236,2012-08-28,3.35,3.37,3.31,3.35,0.006006,1886907.0,6303008.0,3778089110.0,7639505870.0,0.00167310464787,14.3977128785,2012-06-30,2012-08-28,-67.231275588,2.00373831776,7.18618878869,2.54778426428
sh600236,2012-08-29,3.35,3.36,3.33,3.34,-0.002985,1670593.0,5580038.0,3766811230.0,7616701380.0,0.00148130083492,14.3547357056,2012-06-30,2012-08-28,-67.0305902304,1.99775715888,7.16473801515,2.54017912825
sh600236,2012-08-30,3.34,3.36,3.29,3.31,-0.008982,2026465.0,6738834.0,3732977600.0,7548287890.0,0.00179684955784,14.2258014695,2012-06-30,2012-08-28,-66.4285214689,1.97981330408,7.1003843383,2.51736323932
sh600236,2012-08-31,3.31,3.32,3.28,3.3,-0.003021,1711760.0,5646236.0,3721699720.0,7525483400.0,0.00151780326866,14.1828253232,2012-06-30,2012-08-28,-66.2278409056,1.97383228809,7.07893407722,2.50975828497
sh600236,2012-09-03,3.31,3.34,3.29,3.33,0.009091,1688603.0,5600294.0,3755533350.0,7593896880.0,0.00149727015205,14.3117613882,2012-06-30,2012-08-28,-66.8299182073,1.99177639742,7.14328866691,2.53257449754
sh600236,2012-09-04,3.35,3.36,3.29,3.32,-0.003003,1303197.0,4324660.0,3744255480.0,7571092390.0,0.00115553387399,14.2687831688,2012-06-30,2012-08-28,-66.6292279629,1.9857950929,7.12183737104,2.52496917632
sh600236,2012-09-05,3.31,3.36,3.29,3.34,0.006024,1969288.0,6552828.0,3766811230.0,7616701380.0,0.00174615119218,14.3547383186,2012-06-30,2012-08-28,-67.0306024321,1.99775752253,7.16473931937,2.54017959064
sh600236,2012-09-06,3.35,3.35,3.3,3.33,-0.002994,1331194.0,4416475.0,3755533350.0,7593896880.0,0.00118035858209,14.3117602321,2012-06-30,2012-08-28,-66.8299128084,1.99177623651,7.14328808985,2.53257429295
sh600236,2012-09-07,3.34,3.46,3.33,3.41,0.024024,6398375.0,21747593.0,3845756380.0,7776332840.0,0.00567338556947,14.6555859599,2012-06-30,2012-08-28,-68.4354346338,2.03962666882,7.31489844292,2.59341685776
sh600236,2012-09-10,3.41,3.43,3.39,3.43,0.005865,2545843.0,8678197.0,3868312130.0,7821941830.0,0.00225737768736,14.7415409715,2012-06-30,2012-08-28,-68.8368084579,2.05158907923,7.35780032228,2.60862724763
sh600236,2012-09-11,3.43,3.43,3.36,3.39,-0.011662,2963799.0,10019669.0,3823200620.0,7730723850.0,0.00262797577439,14.5696251207,2012-06-30,2012-08-28,-68.0340335976,2.02766344739,7.27199365492,2.57820543667
sh600236,2012-09-12,3.39,3.41,3.37,3.4,0.00295,2080862.0,7058224.0,3834478500.0,7753528350.0,0.00184508292327,14.6126055148,2012-06-30,2012-08-28,-68.2347339968,2.03364505456,7.29344603621,2.58581114271
sh600236,2012-09-13,3.41,3.41,3.36,3.36,-0.011765,1323580.0,4477289.0,3789366990.0,7662310370.0,0.00117360731007,14.4406882109,2012-06-30,2012-08-28,-67.4319523513,2.00971922049,7.20763864359,2.55538907461
sh600236,2012-09-14,3.38,3.39,3.35,3.36,0.0,2074501.0,6982999.0,3789366990.0,7662310370.0,0.00183944267694,14.4406882109,2012-06-30,2012-08-28,-67.4319523513,2.00971922049,7.20763864359,2.55538907461
sh600236,2012-09-17,3.38,3.38,3.29,3.29,-0.020833,1616194.0,5373267.0,3710421840.0,7502678900.0,0.00143306569692,14.1398453535,2012-06-30,2012-08-28,-66.027142488,1.96785073997,7.05748190773,2.50215265402
sh600236,2012-09-18,3.29,3.31,3.24,3.29,0.0,1382015.0,4534943.0,3710421840.0,7502678900.0,0.00122542113702,14.1398453535,2012-06-30,2012-08-28,-66.027142488,1.96785073997,7.05748190773,2.50215265402
sh600236,2012-09-19,3.29,3.3,3.28,3.3,0.00304,988704.0,3251903.0,3721699720.0,7525483400.0,0.000876675563713,14.1828304833,2012-06-30,2012-08-28,-66.2278650011,1.97383300622,7.07893665273,2.50975919809
sh600236,2012-09-20,3.29,3.29,3.17,3.18,-0.036364,1864404.0,6008059.0,3586365180.0,7251829450.0,0.00165315142838,13.6670860356,2012-06-30,2012-08-28,-63.8195549182,1.90205654278,6.82151820029,2.41849431461
sh600236,2012-09-21,3.2,3.22,3.16,3.2,0.006289,945992.0,3019939.0,3608920940.0,7297438440.0,0.000838803190851,13.7530383397,2012-06-30,2012-08-28,-64.2209160991,1.91401857638,6.86441872825,2.43370422536
sh600236,2012-09-24,3.19,3.19,3.1,3.14,-0.01875,2442917.0,7659747.0,3541253670.0,7160611470.0,0.00216611406434,13.4951688708,2012-06-30,2012-08-28,-63.0167739222,1.87813072807,6.7357108771,2.38807227113
sh600236,2012-09-25,3.14,3.14,3.06,3.09,-0.015924,2120552.0,6570642.0,3484864280.0,7046589000.0,0.00188027571622,13.2802718017,2012-06-30,2012-08-28,-62.0132948143,1.84822337436,6.62845141709,2.35004460829
sh600236,2012-09-26,3.11,3.11,3.0,3.02,-0.022654,2380789.0,7277211.0,3405919140.0,6886957530.0,0.00211102568336,12.9794205243,2012-06-30,2012-08-28,-60.6084456336,1.80635372204,6.47829047869,2.29680669773
sh600236,2012-09-27,3.03,3.1,3.02,3.08,0.019868,1630158.0,4997401.0,3473586410.0,7023784500.0,0.00144544745614,13.2372956513,2012-06-30,2012-08-28,-61.8126142314,1.84224235779,6.60700115392,2.3424396532
sh600236,2012-09-28,3.08,3.29,3.06,3.23,0.048701,5194222.0,16617543.0,3642754570.0,7365851930.0,0.00460567318978,13.8819651868,2012-06-30,2012-08-28,-64.8229503571,1.93196140285,6.92876871711,2.45651880675
sh600236,2012-10-08,3.23,3.26,3.12,3.14,-0.027864,6987811.0,22078520.0,3541253670.0,7160611470.0,0.00619603354763,13.4951581089,2012-06-30,2012-08-28,-63.0167236684,1.87812923032,6.73570550558,2.38807036672
sh600236,2012-10-09,3.15,3.21,3.14,3.18,0.012739,4731353.0,15026697.0,3586365180.0,7251829450.0,0.00419525112052,13.667072928,2012-06-30,2012-08-28,-63.8194937112,1.90205471859,6.82151165802,2.41849199512
sh600236,2012-10-10,3.18,3.24,3.17,3.24,0.018868,3884824.0,12482250.0,3654032450.0,7388656430.0,0.00344464093634,13.92494326,2012-06-30,2012-08-28,-65.0236399185,1.93794268702,6.95021993998,2.46412410208
sh600236,2012-10-11,3.24,3.26,3.21,3.22,-0.006173,2772875.0,8955335.0,3631476700.0,7343047440.0,0.00245868505779,13.8389845853,2012-06-30,2012-08-28,-64.6222489893,1.92597976681,6.90731623229,2.448913064
sh600236,2012-10-12,3.21,3.26,3.21,3.24,0.006211,2800393.0,9066430.0,3654032450.0,7388656430.0,0.00248308504212,13.9249385185,2012-06-30,2012-08-28,-65.0236177778,1.93794202714,6.95021757341,2.46412326304
sh600236,2012-10-15,3.24,3.27,3.18,3.22,-0.006173,1978072.0,6362208.0,3631476700.0,7343047440.0,0.00175393988897,13.8389798731,2012-06-30,2012-08-28,-64.6222269852,1.92597911101,6.90731388033,2.44891223014
sh600236,2012-10-16,3.18,3.24,3.18,3.21,-0.003106,1736790.0,5573307.0,3620198820.0,7320242940.0,0.0015399971596,13.7959960016,2012-06-30,2012-08-28,-64.4215103482,1.91999701989,6.88585976342,2.44130590875
sh600236,2012-10-17,3.21,3.23,3.17,3.2,-0.003115,1067310.0,3409468.0,3608920940.0,7297438440.0,0.000946374846327,13.753021474,2012-06-30,2012-08-28,-64.2208373435,1.91401622917,6.86441031025,2.43370124085
sh600236,2012-10-18,3.23,3.26,3.21,3.26,0.01875,2711102.0,8804962.0,3676588210.0,7434265420.0,0.00240391145681,14.0108906267,2012-06-30,2012-08-28,-65.4249780437,1.94990403347,6.99311800357,2.47933313911
sh600236,2012-10-19,3.25,3.26,3.22,3.24,-0.006135,2329166.0,7524071.0,3654032450.0,7388656430.0,0.00206525200399,13.9249338127,2012-06-30,2012-08-28,-65.0235958034,1.93794137223,6.95021522462,2.46412243031
sh600236,2012-10-22,3.22,3.36,3.22,3.29,0.015432,4860332.0,16071004.0,3710421840.0,7502678900.0,0.00430961571744,14.1398233913,2012-06-30,2012-08-28,-66.0270399338,1.96784768348,7.05747094596,2.50214876765
sh600236,2012-10-23,3.29,3.34,3.28,3.32,0.009119,2701697.0,8961303.0,3744255480.0,7571092390.0,0.00239557212052,14.2687644408,2012-06-30,2012-08-28,-66.629140511,1.98579248651,7.12182802352,2.52496586226
sh600236,2012-10-24,3.31,3.45,3.31,3.42,0.03012,5083047.0,17283078.0,3857034260.0,7799137340.0,0.00450709523643,14.6985396257,2012-06-30,2012-08-28,-68.6360102232,2.0456045562,7.33633748359,2.60101783403
sh600236,2012-10-25,3.43,3.43,3.31,3.34,-0.023392,5980387.0,20270519.0,3766811230.0,7616701380.0,0.00530275911384,14.3547113868,2012-09-30,2012-10-25,48.0312922431,1.71285564832,4.9015219666,2.33403703851
sh600236,2012-10-26,3.32,3.34,3.17,3.21,-0.038922,5836520.0,18862719.0,3620198820.0,7320242940.0,0.00517519344421,13.7959973102,2012-09-30,2012-10-25,46.1618182864,1.64618788078,4.71074492861,2.2431916489
sh600236,2012-10-29,3.2,3.22,3.16,3.19,-0.006231,2136002.0,6799748.0,3597643060.0,7274633950.0,0.00189397510158,13.710034451,2012-09-30,2012-10-25,45.8741839967,1.63593048409,4.68139227696,2.22921432174
sh600236,2012-10-30,3.18,3.24,3.17,3.23,0.012539,2003016.0,6434083.0,3642754570.0,7365851930.0,0.0017760575289,13.881944573,2012-09-30,2012-10-25,46.4494003898,1.65644341643,4.74009225472,2.25716644012
sh600236,2012-10-31,3.23,3.29,3.2,3.27,0.012384,2508373.0,8146606.0,3687866090.0,7457069910.0,0.00222415334772,14.0538585745,2012-09-30,2012-10-25,47.0246297642,1.6769568117,4.79879355721,2.28511918931
sh600236,2012-11-01,3.27,3.34,3.27,3.31,0.012232,2885262.0,9536421.0,3732977600.0,7548287890.0,0.00255833767125,14.2257653726,2012-09-30,2012-10-25,47.5998350355,1.69746934742,4.8574924,2.31307076723
sh600236,2012-11-02,3.31,3.32,3.25,3.31,0.0,2045925.0,6730858.0,3732977600.0,7548287890.0,0.001814104577,14.2257653726,2012-09-30,2012-10-25,47.5998350355,1.69746934742,4.8574924,2.31307076723
sh600236,2012-11-05,3.3,3.35,3.29,3.34,0.009063,2285188.0,7600903.0,3766811230.0,7616701380.0,0.00202625707899,14.3546934842,2012-09-30,2012-10-25,48.0312323404,1.71285351212,4.90151585362,2.3340341276
sh600236,2012-11-06,3.34,3.4,3.29,3.39,0.01497,4803778.0,16074811.0,3823200620.0,7730723850.0,0.00425946975809,14.5695832457,2012-09-30,2012-10-25,48.7502598886,1.73849492919,4.97489154595,2.36897461849
sh600236,2012-11-07,3.39,3.42,3.34,3.39,0.0,3124399.0,10554621.0,3823200620.0,7730723850.0,0.00277037845061,14.5695832457,2012-09-30,2012-10-25,48.7502598886,1.73849492919,4.97489154595,2.36897461849
sh600236,2012-11-08,3.37,3.41,3.32,3.33,-0.017699,3848390.0,12949441.0,3755533350.0,7593896880.0,0.00341233521465,14.3117161918,2012-09-30,2012-10-25,47.8874290388,1.70772530744,4.88684094048,2.32704613671
sh600236,2012-11-09,3.32,3.35,3.3,3.34,0.003003,1565205.0,5201750.0,3766811230.0,7616701380.0,0.00138785417713,14.3546942755,2012-09-30,2012-10-25,48.0312349882,1.71285360654,4.90151612382,2.33403425626
sh600236,2012-11-12,3.35,3.37,3.3,3.33,-0.002994,2088364.0,6949789.0,3755533350.0,7593896880.0,0.00185173488607,14.3117163209,2012-09-30,2012-10-25,47.8874294706,1.70772532284,4.88684098454,2.3270461577
sh600236,2012-11-13,3.31,3.35,3.26,3.35,0.006006,2187284.0,7219966.0,3778089110.0,7639505870.0,0.00193944642031,14.3976724891,2012-09-30,2012-10-25,48.175041372,1.71798192113,4.9161913515,2.34102239692
sh600236,2012-11-14,3.33,3.4,3.27,3.39,0.01194,4278502.0,14325544.0,3823200620.0,7730723850.0,0.00379371192402,14.5695806986,2012-09-30,2012-10-25,48.750251366,1.73849462527,4.97489067624,2.36897420434
sh600236,2012-11-15,3.37,3.39,3.32,3.38,-0.00295,3385100.0,11354902.0,3811922740.0,7707919360.0,0.00300153984758,14.5266004355,2012-09-30,2012-10-25,48.6064381245,1.73336606613,4.96021474874,2.36198573044
sh600236,2012-11-16,3.35,3.44,3.33,3.43,0.014793,5260734.0,17868129.0,3868312130.0,7821941830.0,0.00466464882191,14.7414924358,2012-09-30,2012-10-25,49.3254731637,1.75900775034,5.03359120552,2.39692658535
sh600236,2012-11-19,3.41,3.49,3.38,3.48,0.014577,6638336.0,22886755.0,3924701520.0,7935964310.0,0.00588615698857,14.956379171,2012-09-30,2012-10-25,50.044490586,1.78464880632,5.10696586452,2.43186658418
sh600236,2012-11-20,3.49,3.57,3.45,3.55,0.020115,8986502.0,31615720.0,4003646670.0,8095595770.0,0.00796825612486,15.257226738,2012-09-30,2012-10-25,51.0511355141,1.82054701706,5.20969248289,2.48078358053
sh600236,2012-11-21,3.56,3.58,3.5,3.58,0.008451,4643096.0,16441587.0,4037480300.0,8164009260.0,0.00411699437394,15.3861655612,2012-09-30,2012-10-25,51.4825686603,1.8359324599,5.25371959406,2.50174868256
sh600236,2012-11-22,3.56,3.57,3.46,3.53,-0.013966,5059166.0,17731585.0,3981090910.0,8049986780.0,0.00448592016202,15.171282373,2012-09-30,2012-10-25,50.7635631064,1.81029182716,5.18034614621,2.46680926046
sh600236,2012-11-23,3.48,3.57,3.47,3.57,0.011331,3368186.0,11870448.0,4026202420.0,8141204760.0,0.00298654234578,15.3431881735,2012-09-30,2012-10-25,51.33876504,1.83080424386,5.23904464839,2.49476067619
sh600236,2012-11-26,3.55,3.59,3.53,3.54,-0.008403,2453069.0,8749130.0,3992368790.0,8072791280.0,0.00217511575628,15.2142593633,2012-09-30,2012-10-25,50.9073653974,1.8154199958,5.19502095621,2.47379720223
sh600236,2012-11-27,3.54,3.55,3.38,3.44,-0.028249,4412163.0,15271111.0,3879590010.0,7844746330.0,0.00391222801401,14.7844717506,2012-09-30,2012-10-25,49.4692832323,1.76413619633,5.04826680922,2.40391490507
sh600236,2012-11-28,3.44,3.46,3.38,3.45,0.002907,2090747.0,7154994.0,3890867890.0,7867550820.0,0.00185384786992,14.8274502099,2012-09-30,2012-10-25,49.6130904386,1.76926454026,5.06294212083,2.41090308569
sh600236,2012-11-29,3.43,3.47,3.41,3.45,0.0,2199119.0,7563696.0,3890867890.0,7867550820.0,0.00194994041548,14.8274502099,2012-09-30,2012-10-25,49.6130904386,1.76926454026,5.06294212083,2.41090308569
sh600236,2012-11-30,3.45,3.55,3.43,3.54,0.026087,3595314.0,12600197.0,3992368790.0,8072791280.0,0.00318793484006,15.2142539036,2012-09-30,2012-10-25,50.9073471289,1.81541934432,5.19501909194,2.47379631449
sh600236,2012-12-03,3.54,3.55,3.46,3.48,-0.016949,2080805.0,7279248.0,3924701520.0,7935964310.0,0.00184503238351,14.9563875142,2012-09-30,2012-10-25,50.0445185024,1.78464980185,5.10696871335,2.43186794076
sh600236,2012-12-04,3.48,3.49,3.34,3.47,-0.002874,3013504.0,10266892.0,3913423650.0,7913159810.0,0.00267204877755,14.9134028564,2012-09-30,2012-10-25,49.9006905562,1.77952071832,5.09229128527,2.4248787523
sh600236,2012-12-05,3.44,3.58,3.41,3.52,0.014409,6386032.0,22519432.0,3969813030.0,8027182290.0,0.00566244114524,15.1282900782,2012-09-30,2012-10-25,50.6197096064,1.80516183235,5.1656661104,2.45981883024
sh600236,2012-12-06,3.49,3.57,3.42,3.43,-0.025568,4237306.0,14697038.0,3868312130.0,7821941830.0,0.0037571837772,14.7414899575,2012-09-30,2012-10-25,49.3254648712,1.75900745462,5.03359035929,2.39692618239
sh600236,2012-12-07,3.42,3.51,3.38,3.49,0.017493,4163029.0,14341627.0,3935979400.0,7958768800.0,0.0036913229805,14.9993628413,2012-09-30,2012-10-25,50.1883152282,1.78977777203,5.12164295544,2.43885561209
sh600236,2012-12-10,3.49,3.54,3.47,3.53,0.011461,3796262.0,13335857.0,3981090910.0,8049986780.0,0.00336611375197,15.1712705388,2012-09-30,2012-10-25,50.763523509,1.81029041507,5.18034210535,2.46680733626
sh600236,2012-12-11,3.52,3.52,3.44,3.48,-0.014164,3697850.0,12872656.0,3924701520.0,7935964310.0,0.00327885265527,14.9563846629,2012-09-30,2012-10-25,50.0445089621,1.78464946163,5.10696773977,2.43186747715
sh600236,2012-12-12,3.46,3.49,3.4,3.46,-0.005747,2472789.0,8509604.0,3902145770.0,7890355320.0,0.0021926013133,14.8704303203,2012-09-30,2012-10-25,49.7569031691,1.77439308118,5.07761799617,2.41789153476
sh600236,2012-12-13,3.41,3.44,3.4,3.42,-0.011561,1223101.0,4180936.0,3857034260.0,7799137340.0,0.00108451342094,14.6985132753,2012-09-30,2012-10-25,49.1816636115,1.75387932276,5.01891565452,2.38993829073
sh600236,2012-12-14,3.41,3.55,3.38,3.53,0.032164,5491298.0,19180009.0,3981090910.0,8049986780.0,0.00486908799076,15.1712762563,2012-09-30,2012-10-25,50.7635426399,1.8102910973,5.18034405763,2.46680826591
sh600236,2012-12-17,3.53,3.71,3.52,3.7,0.048159,13616863.0,49496628.0,4172814840.0,8437663200.0,0.0120739584745,15.9019097496,2012-09-30,2012-10-25,53.2082640899,1.89747290626,5.4298242471,2.58560728519
sh600236,2012-12-18,3.71,3.73,3.6,3.66,-0.010811,8630651.0,31721220.0,4127703330.0,8346445220.0,0.00765272601604,15.7299942032,2012-09-30,2012-10-25,52.6330295468,1.87695932667,5.37112241717,2.55765428483
sh600236,2012-12-19,3.62,3.74,3.62,3.73,0.019126,5839555.0,21613370.0,4206648470.0,8506076690.0,0.00517788455711,16.0308460724,2012-09-30,2012-10-25,53.63968887,1.91285805075,5.47385050452,2.60657198068
sh600236,2012-12-20,3.69,4.02,3.69,3.98,0.067024,16981153.0,65552992.0,4488595420.0,9076189070.0,0.0150570462731,17.1052974995,2012-09-30,2012-10-25,57.2348353768,2.04106544874,5.84072986073,2.78127486111
sh600236,2013-02-05,4.36,4.38,3.89,4.06,0.020101,75997093.0,316065360.0,4578818440.0,9258625030.0,0.0673859864992,17.4491310846,2012-09-30,2012-10-25,58.3853128027,2.08209290533,5.95813437166,2.8371812671
sh600236,2013-02-06,3.91,4.0,3.86,3.92,-0.034483,27005410.0,105772809.0,4420928150.0,8939362090.0,0.0239454710885,16.8474326974,2012-09-30,2012-10-25,56.3720120613,2.01029609567,5.75268002413,2.73934674546
sh600236,2013-02-07,3.88,3.91,3.78,3.8,-0.030612,14114782.0,53972083.0,4285593620.0,8665708150.0,0.0125154590836,16.3316990877,2012-09-30,2012-10-25,54.6463520281,1.94875691159,5.57657898323,2.65548986289
sh600236,2013-02-08,3.79,3.84,3.76,3.8,0.0,8553775.0,32599600.0,4285593620.0,8665708150.0,0.0075845607125,16.3316990877,2012-09-30,2012-10-25,54.6463520281,1.94875691159,5.57657898323,2.65548986289
sh600236,2013-02-18,3.83,3.84,3.77,3.78,-0.005263,9250578.0,35124551.0,4263037860.0,8620099160.0,0.00820241010949,16.2457453554,2012-09-30,2012-10-25,54.3587482774,1.93850060397,5.54722944804,2.64151401974
sh600236,2013-02-19,3.79,3.8,3.7,3.71,-0.018519,8264432.0,30820890.0,4184092720.0,8460467700.0,0.00732800269302,15.9448903971,2012-09-30,2012-10-25,53.352078618,1.90260151128,5.44450030589,2.59259582161
sh600236,2013-02-20,3.71,3.73,3.69,3.72,0.002695,9266437.0,34363166.0,4195370590.0,8483272190.0,0.00821647215675,15.9878618767,2012-09-30,2012-10-25,53.4958624699,1.90772902236,5.45917323421,2.59958286735
sh600236,2013-02-21,3.71,3.71,3.63,3.65,-0.018817,7839514.0,28706928.0,4116425450.0,8323640730.0,0.00695123146224,15.6870182798,2012-09-30,2012-10-25,52.4892308258,1.87183128534,5.35644797147,2.55066651654
sh600236,2013-02-22,3.65,3.68,3.62,3.67,0.005479,4012681.0,14707245.0,4138981200.0,8369249720.0,0.00355801066939,15.772967453,2012-09-30,2012-10-25,52.7768193215,1.88208704895,5.3857959499,2.56464161838
sh600236,2013-02-25,3.69,3.76,3.66,3.74,0.019074,7711705.0,28630602.0,4217926350.0,8528881180.0,0.0068379042939,16.0738210342,2012-09-30,2012-10-25,53.7834843732,1.91798597733,5.48852462185,2.61355959261
sh600236,2013-02-26,3.74,3.76,3.65,3.66,-0.02139,6447306.0,23990801.0,4127703330.0,8346445220.0,0.00571677227588,15.7300020022,2012-09-30,2012-10-25,52.6330556425,1.87696025727,5.37112508019,2.55765555292
sh600236,2013-02-27,3.66,3.7,3.64,3.67,0.002732,3247625.0,11905493.0,4138981200.0,8369249720.0,0.00287964191526,15.7729763677,2012-09-30,2012-10-25,52.7768491505,1.88208811269,5.38579899391,2.56464306789
sh600236,2013-02-28,3.68,3.77,3.65,3.75,0.021798,7869602.0,29105936.0,4229204230.0,8551685680.0,0.00697791023916,16.1167957066,2012-09-30,2012-10-25,53.9272789083,1.92311386937,5.50319864038,2.62054715749
sh600236,2013-03-01,3.74,3.76,3.67,3.71,-0.010667,6052029.0,22486040.0,4184092720.0,8460467700.0,0.00536628346754,15.9448778468,2012-09-30,2012-10-25,53.3520366242,1.90260001373,5.44449602048,2.59259378096
sh600236,2013-03-04,3.71,3.72,3.58,3.6,-0.02965,7890510.0,28665573.0,4060036060.0,8209618250.0,0.00699644918917,15.4721122186,2012-09-30,2012-10-25,51.7701487383,1.84618792332,5.28306671347,2.51572337535
sh600236,2013-03-05,3.59,3.62,3.58,3.61,0.002778,6178253.0,22248484.0,4071313940.0,8232422750.0,0.00547820523268,15.5150937464,2012-09-30,2012-10-25,51.9139662115,1.85131663337,5.2977430728,2.52271205489
sh600236,2013-03-06,3.62,3.72,3.6,3.71,0.027701,7461134.0,27349286.0,4184092720.0,8460467700.0,0.00661572507886,15.9448773582,2012-09-30,2012-10-25,53.3520349895,1.90259995543,5.44449585366,2.59259370152
sh600236,2013-03-07,3.7,3.8,3.67,3.75,0.010782,11771485.0,44172027.0,4229204230.0,8551685680.0,0.0104376772436,16.1167950259,2012-09-30,2012-10-25,53.9272766307,1.92311378815,5.50319840796,2.62054704681
sh600236,2013-03-08,3.75,3.8,3.7,3.71,-0.010667,4647098.0,17411826.0,4184092720.0,8460467700.0,0.00412054290709,15.9448771734,2012-09-30,2012-10-25,53.3520343709,1.90259993338,5.44449579054,2.59259367146
sh600236,2013-03-11,3.72,3.73,3.65,3.67,-0.010782,3289099.0,12132355.0,4138981200.0,8369249720.0,0.00291641656406,15.7729595077,2012-09-30,2012-10-25,52.7767927363,1.88208610089,5.38579323693,2.5646403265
sh600236,2013-03-12,3.65,3.73,3.58,3.61,-0.016349,5935067.0,21624178.0,4071313940.0,8232422750.0,0.00526257424157,15.5150873927,2012-09-30,2012-10-25,51.9139449519,1.85131587523,5.29774090329,2.5227110218
sh600236,2013-03-13,3.61,3.63,3.54,3.56,-0.01385,3439080.0,12258522.0,4014924550.0,8118400270.0,0.00304940345641,15.3002034323,2012-09-30,2012-10-25,51.1949368143,1.82567515036,5.22436719178,2.48777147415
sh600236,2013-03-14,3.55,3.58,3.53,3.54,-0.005618,2818520.0,9993752.0,3992368790.0,8072791280.0,0.00249915810007,15.2142468894,2012-09-30,2012-10-25,50.9073236593,1.81541850736,5.1950166969,2.47379517401
sh600236,2013-03-15,3.53,3.59,3.51,3.55,0.002825,3155596.0,11187361.0,4003646670.0,8095595770.0,0.00279804056735,15.2572271369,2012-09-30,2012-10-25,51.0511368486,1.82054706465,5.20969261907,2.48078364537
sh600236,2013-03-18,3.55,3.56,3.5,3.51,-0.011268,2507062.0,8829141.0,3958535160.0,8004377790.0,0.00222299089545,15.0853087015,2012-09-30,2012-10-25,50.4758926386,1.80003314032,5.15098980264,2.45283017526
sh600236,2013-03-19,3.51,3.55,3.51,3.55,0.011396,2141162.0,7565889.0,4003646670.0,8095595770.0,0.00189855042828,15.2572208795,2012-09-30,2012-10-25,51.0511159111,1.82054631799,5.20969048243,2.48078262794
sh600236,2013-03-20,3.56,3.6,3.53,3.6,0.014085,4769944.0,17007217.0,4060036060.0,8209618250.0,0.00422946942988,15.4721188355,2012-09-30,2012-10-25,51.7701708787,1.84618871288,5.28306897287,2.51572445125
sh600236,2013-03-21,3.58,3.61,3.56,3.58,-0.005556,4434115.0,15885708.0,4037480300.0,8164009260.0,0.00393169266981,15.3861557433,2012-09-30,2012-10-25,51.4825358093,1.83593128839,5.25371624166,2.5017470862
sh600236,2013-03-22,3.58,3.58,3.54,3.56,-0.005587,4681637.0,16648730.0,4014924550.0,8118400270.0,0.0041511683501,15.3001932912,2012-09-30,2012-10-25,51.1949028818,1.82567394028,5.22436372902,2.48776982523
sh600236,2013-03-25,3.56,3.65,3.55,3.64,0.022472,6165077.0,22255526.0,4105147570.0,8300836230.0,0.00546652218887,15.6440192348,2012-09-30,2012-10-25,52.3453547393,1.86670048507,5.34176563074,2.54367498874
sh600236,2013-03-26,3.63,3.66,3.58,3.61,-0.008242,3916210.0,14171362.0,4071313940.0,8232422750.0,0.00347247063438,15.5150812283,2012-09-30,2012-10-25,51.9139243256,1.85131513967,5.29773879841,2.52271001948
sh600236,2013-03-27,3.62,3.63,3.57,3.59,-0.00554,2657937.0,9549719.0,4048758180.0,8186813760.0,0.00235677049747,15.4291276783,2012-09-30,2012-10-25,51.6263211848,1.8410588538,5.26838932547,2.50873420598
sh600236,2013-03-28,3.58,3.58,3.47,3.48,-0.030641,4567490.0,15998379.0,3924701520.0,7935964310.0,0.00404995516704,14.9563637771,2012-09-30,2012-10-25,50.0444390774,1.78464696946,5.10696060814,2.43186408117
sh600236,2013-03-29,3.48,3.52,3.47,3.52,0.011494,2218746.0,7762806.0,3969813030.0,8027182290.0,0.00196734351492,15.1282722223,2012-09-30,2012-10-25,50.6196498601,1.80515970172,5.16566001337,2.45981592692
sh600236,2013-04-01,3.51,3.61,3.5,3.53,0.002841,4141329.0,14778479.0,3981090910.0,8049986780.0,0.00367208177369,15.1712516437,2012-09-30,2012-10-25,50.7634602854,1.81028816044,5.18033565347,2.46680426397
sh600236,2013-04-02,3.52,3.55,3.47,3.49,-0.011331,2319900.0,8126985.0,3935979400.0,7958768800.0,0.00205703591843,14.9993461913,2012-09-30,2012-10-25,50.1882595169,1.78977578529,5.12163727018,2.43885290485
sh600236,2013-04-03,3.48,3.5,3.45,3.48,-0.002865,1827965.0,6345517.0,3924701520.0,7935964310.0,0.00162084127101,14.9563730645,2012-09-30,2012-10-25,50.0444701534,1.78464807767,5.1069637794,2.43186559128
sh600236,2013-04-08,3.42,3.46,3.4,3.43,-0.014368,4875351.0,16672659.0,3868312130.0,7821941830.0,0.00432293294026,14.7414798963,2012-09-30,2012-10-25,49.3254312062,1.75900625409,5.03358692382,2.39692454646
sh600236,2013-04-09,3.44,3.58,3.43,3.57,0.040816,7052658.0,24728555.0,4026202420.0,8141204760.0,0.0062535328415,15.3431681397,2012-09-30,2012-10-25,51.3386980063,1.83080185335,5.2390378077,2.49475741875
sh600236,2013-04-10,3.55,3.57,3.45,3.51,-0.016807,3429243.0,12059184.0,3958535160.0,8004377790.0,0.00304068107103,15.0852955128,2012-09-30,2012-10-25,50.4758485089,1.8000315666,5.15098529927,2.45282803082
sh600236,2013-04-11,3.51,3.55,3.5,3.5,-0.002849,1404492.0,4948040.0,3947257280.0,7981573300.0,0.00124535130378,15.0423175059,2012-09-30,2012-10-25,50.3320428165,1.79490327667,5.13631014215,2.44583992376
sh600236,2013-04-12,3.5,3.61,3.5,3.61,0.031429,7604367.0,27156047.0,4071313940.0,8232422750.0,0.00674272858211,15.5150825028,2012-09-30,2012-10-25,51.9139285902,1.85131529175,5.29773923361,2.52271022672
sh600236,2013-04-15,3.6,3.6,3.51,3.55,-0.01662,2830707.0,10056765.0,4003646670.0,8095595770.0,0.0025099642097,15.2572218316,2012-09-30,2012-10-25,51.051119097,1.8205464316,5.20969080755,2.48078278275
sh600236,2013-04-16,3.55,3.58,3.49,3.57,0.005634,2622213.0,9259017.0,4026202420.0,8141204760.0,0.00232509432797,15.3431810194,2012-12-31,2013-04-16,28.4032142573,1.56616590303,3.96111670204,2.44263067903
sh600236,2013-04-17,3.56,3.58,3.52,3.56,-0.002801,1351292.0,4798744.0,4014924550.0,8118400270.0,0.00119817930825,15.3002047694,2012-12-31,2013-04-16,28.3236568542,1.56177907234,3.95002161416,2.4357888705
sh600236,2013-04-18,3.53,3.56,3.52,3.54,-0.005618,2311695.0,8165724.0,3992368790.0,8072791280.0,0.00204976061342,15.214248219,2012-12-31,2013-04-16,28.16453455,1.55300499751,3.92783039273,2.42210460862
sh600236,2013-04-19,3.54,3.59,3.53,3.59,0.014124,4922027.0,17553574.0,4048758180.0,8186813760.0,0.00436432015557,15.4291342608,2012-12-31,2013-04-16,28.5623304359,1.57493964009,3.9833070692,2.45631441412
sh600236,2013-04-22,3.55,3.56,3.52,3.56,-0.008357,2497070.0,8841817.0,4014924550.0,8118400270.0,0.00221413107253,15.3001929858,2012-12-31,2013-04-16,28.3236350405,1.56177786952,3.95001857202,2.43578699456
sh600236,2013-04-23,3.55,3.56,3.5,3.56,0.0,3479516.0,12284237.0,4014924550.0,8118400270.0,0.00308525771923,15.3001929858,2012-12-31,2013-04-16,28.3236350405,1.56177786952,3.95001857202,2.43578699456
sh600236,2013-04-24,3.56,3.56,3.49,3.53,-0.008427,4856036.0,17112563.0,3981090910.0,8049986780.0,0.00430580649061,15.1712582595,2013-03-31,2013-04-24,14.8859726064,1.48666632975,3.02547224793,2.34189085462
sh600236,2013-04-25,3.5,3.54,3.5,3.53,0.0,3046506.0,10720003.0,3982652730.0,8049986780.0,0.00270025204532,15.1712582595,2013-03-31,2013-04-24,14.8859726064,1.48666632975,3.02547224793,2.34189085462
sh600236,2013-04-26,3.53,3.54,3.48,3.49,-0.011331,2387815.0,8363725.0,3937523520.0,7958768800.0,0.00211642528805,14.9993527322,2013-03-31,2013-04-24,14.7172996508,1.46982091356,2.99119062189,2.31535488934
sh600236,2013-05-02,3.46,3.52,3.45,3.48,-0.002865,3234884.0,11285283.0,3926241210.0,7935964310.0,0.00286721974476,14.9563795866,2013-03-31,2013-04-24,14.6751345873,1.46560987665,2.98262086076,2.30872139759
sh600236,2013-05-03,3.48,3.54,3.48,3.51,0.008621,3382043.0,11885917.0,3960088120.0,8004377790.0,0.00299765322646,15.085318535,2013-03-31,2013-04-24,14.8016489226,1.47824489939,3.0083340352,2.32862488475
sh600236,2013-05-06,3.5,3.54,3.49,3.53,0.005698,2642449.0,9298789.0,3982652730.0,8049986780.0,0.00234211858336,15.17127468,2013-03-31,2013-04-24,14.8859887182,1.48666793883,3.02547552253,2.34189338935
sh600236,2013-05-07,3.54,3.6,3.52,3.59,0.016997,5327279.0,19028122.0,4050346540.0,8186813760.0,0.00472180131283,15.4291408358,2013-03-31,2013-04-24,15.1390058684,1.51193683378,3.07689952999,2.38169855129
sh600236,2013-05-08,3.61,3.64,3.55,3.63,0.011142,7111294.0,25671405.0,4095475750.0,8278031740.0,0.00630305214724,15.601052323,2013-03-31,2013-04-24,15.3076846718,1.52878283399,3.11118234455,2.40823543655
sh600236,2013-05-09,3.64,3.66,3.58,3.6,-0.008264,4325863.0,15637240.0,4061628840.0,8209618250.0,0.00383420233937,15.4721252266,2013-03-31,2013-04-24,15.1811819657,1.51614897265,3.08547153366,2.3883337789
sh600236,2013-05-10,3.6,3.68,3.6,3.65,0.013889,4832224.0,17649283.0,4118040350.0,8323640730.0,0.00428301233134,15.6870175738,2013-03-31,2013-04-24,15.392033402,1.53720676573,3.12832564779,2.42150534675
sh600236,2013-05-13,3.65,3.72,3.65,3.71,0.016438,4538960.0,16762280.0,4185734170.0,8460467700.0,0.00402307956408,15.9448807687,2013-03-31,2013-04-24,15.6450476471,1.56247537054,3.17974906479,2.46131005164
sh600236,2013-05-14,3.71,3.77,3.67,3.75,0.010782,7452739.0,27828571.0,4230863380.0,8551685680.0,0.00660568984149,16.1167984732,2013-03-31,2013-04-24,15.8137325508,1.57932197999,3.2140331192,2.48784789662
sh600236,2013-05-15,3.77,3.77,3.7,3.72,-0.008,3831283.0,14236424.0,4197016470.0,8483272190.0,0.00339583436517,15.9878640854,2013-03-31,2013-04-24,15.6872226904,1.56668740415,3.18832085425,2.46794511345
sh600236,2013-05-16,3.72,3.72,3.66,3.68,-0.010753,5025299.0,18500132.0,4151887260.0,8392054210.0,0.00445414317922,15.8159465829,2013-03-31,2013-04-24,15.5185379848,1.54984081449,3.15403684011,2.44140729964
sh600236,2013-05-17,3.68,3.74,3.66,3.71,0.008152,3716108.0,13775956.0,4185734170.0,8460467700.0,0.00329374970317,15.9448781794,2013-03-31,2013-04-24,15.6450451064,1.56247511681,3.17974854843,2.46130965195
sh600236,2013-05-20,3.71,3.75,3.7,3.74,0.008086,4212924.0,15695544.0,4219581080.0,8528881180.0,0.00373409953767,16.0738084644,2013-03-31,2013-04-24,15.7715509412,1.57510929061,3.20545999519,2.48121180179
sh600236,2013-05-21,3.74,3.75,3.7,3.72,-0.005348,4736758.0,17610166.0,4197016470.0,8483272190.0,0.00419839661959,15.9878457367,2013-03-31,2013-04-24,15.6872046867,1.56668560612,3.18831719513,2.46794228108
sh600236,2013-05-22,3.73,3.74,3.7,3.71,-0.002688,3740648.0,13897448.0,4185734170.0,8460467700.0,0.00331550058278,15.9448704074,2013-03-31,2013-04-24,15.6450374805,1.56247435521,3.17974699851,2.46130845223
sh600236,2013-05-23,3.71,3.72,3.67,3.69,-0.005391,4149973.0,15296795.0,4163169560.0,8414858710.0,0.00367830330937,15.858911611,2013-03-31,2013-04-24,15.5606950835,1.55405105596,3.16260498244,2.44803953836
sh600236,2013-05-24,3.74,3.98,3.74,3.93,0.065041,23323057.0,90276861.0,4433944820.0,8962166590.0,0.0206722495951,16.8903910811,2013-03-31,2013-04-24,16.5727782524,1.65512809069,3.36830397311,2.60726247797
sh600236,2013-05-27,3.86,3.93,3.81,3.87,-0.015267,10740634.0,41612543.0,4366251010.0,8825339620.0,0.00951989555452,16.6325254804,2013-03-31,2013-04-24,16.3197616468,1.62985925013,3.31688007635,2.56745740172
sh600236,2013-05-28,3.87,3.93,3.81,3.9,0.007752,9026741.0,34981774.0,4400097910.0,8893753100.0,0.00800079694136,16.761460818,2013-03-31,2013-04-24,16.4462724391,1.64249391904,3.3425925307,2.5873603315
sh600236,2013-05-29,3.9,4.05,3.9,4.02,0.030769,13457408.0,53610557.0,4535485540.0,9167407050.0,0.011927891663,17.2771942059,2013-03-31,2013-04-24,16.9523077958,1.69303181443,3.44544076028,2.66697082154
sh600236,2013-05-30,4.0,4.02,3.93,4.0,-0.004975,7305169.0,29025030.0,4512920940.0,9121798060.0,0.00647489206846,17.1912401647,2013-03-31,2013-04-24,16.8679700645,1.68460898116,3.4282996925,2.6537026417
sh600236,2013-05-31,4.0,4.0,3.93,3.98,-0.005,6705046.0,26593591.0,4490356330.0,9076189070.0,0.00594297670804,17.1052839639,2013-03-31,2013-04-24,16.7836302142,1.67618593625,3.41115819403,2.6404341285
sh600236,2013-06-03,3.96,4.03,3.93,3.94,-0.01005,4216336.0,16734930.0,4445227120.0,8984971090.0,0.00373712374903,16.93337586,2013-03-31,2013-04-24,16.6149547305,1.65934026759,3.37687605418,2.6138977655
sh600236,2013-06-04,3.92,4.02,3.91,4.0,0.015228,8009893.0,31699704.0,4512920940.0,9121798060.0,0.00709951989542,17.1912373076,2013-03-31,2013-04-24,16.8679672612,1.68460870119,3.42829912274,2.65370220068
sh600236,2013-06-05,3.98,4.07,3.97,4.07,0.0175,9369670.0,37811800.0,4591897050.0,9281429520.0,0.00830474997256,17.4920839605,2013-03-31,2013-04-24,17.1631566882,1.71408935346,3.48829435739,2.70014198919
sh600236,2013-06-06,4.06,4.21,4.04,4.16,0.022113,13625056.0,56573500.0,4693437770.0,9486669980.0,0.0120764854543,17.8788864131,2013-03-31,2013-04-24,17.5426855721,1.75199301133,3.56543101051,2.759850229
sh600236,2013-06-07,4.14,4.34,4.13,4.29,0.03125,20608651.0,88381611.0,4840107700.0,9783128420.0,0.0182663523768,18.4376016135,2013-03-31,2013-04-24,18.0908944962,1.80674279293,3.67685072959,2.84609554865
sh600236,2013-06-13,4.26,4.4,4.03,4.32,0.006993,22659598.0,96043001.0,4873954610.0,9851541900.0,0.0200841967546,18.5665357616,2013-03-31,2013-04-24,18.2174041214,1.81937734529,3.70256294674,2.86599829482
sh600236,2013-06-14,4.32,4.38,4.22,4.25,-0.016204,13879555.0,59890381.0,4794978490.0,9691910430.0,0.0123020590964,18.2656836162,2013-03-31,2013-04-24,17.922209305,1.78989615478,3.64256661675,2.81955765846
sh600236,2013-06-17,4.15,4.25,3.97,4.01,-0.056471,13676424.0,56427124.0,4524203240.0,9144602550.0,0.0121220151551,17.2342021967,2013-03-31,2013-04-24,16.9101242234,1.68881892903,3.43686723734,2.66033441792
sh600236,2013-06-18,3.95,3.95,3.72,3.8,-0.052369,21838172.0,82810095.0,4287274890.0,8665708150.0,0.0193561308125,16.3316642618,2013-03-31,2013-04-24,16.0245579279,1.60037717053,3.25688193699,2.52101536479
sh600236,2013-06-19,3.74,3.85,3.65,3.83,0.007895,13989985.0,52719705.0,4321121800.0,8734121640.0,0.0123999380323,16.4606027512,2013-03-31,2013-04-24,16.1510718128,1.61301214829,3.28259501988,2.5409187811
sh600236,2013-06-21,3.61,3.67,3.51,3.57,-0.067885,13224930.0,47313250.0,4027781940.0,8141204760.0,0.0117218361876,15.3431747334,2013-03-31,2013-04-24,15.0546563028,1.50351281861,3.05975605695,2.36842850964
sh600236,2013-06-24,3.56,3.56,3.22,3.27,-0.084034,14277297.0,48385469.0,3689312870.0,7457069910.0,0.0126545952688,14.0538263879,2013-03-31,2013-04-24,13.789553315,1.37716662241,2.80263251646,2.16939998826
sh600236,2013-06-25,3.27,3.35,3.0,3.3,0.009174,10692331.0,34473072.0,3723159770.0,7525483400.0,0.00947708249974,14.1827561911,2013-03-31,2013-04-24,13.9160586771,1.389800749,2.82834386717,2.18930206376
sh600236,2013-06-26,3.31,3.33,3.24,3.29,-0.00303,5277086.0,17286875.0,3711877470.0,7502678900.0,0.00467731305258,14.1397824399,2013-03-31,2013-04-24,13.8738930193,1.38558965273,2.81977398525,2.1826684785
sh600236,2013-06-27,3.29,3.35,3.27,3.3,0.00304,6519623.0,21594324.0,3723159770.0,7525483400.0,0.00577862816239,14.1827673785,2013-03-31,2013-04-24,13.9160696541,1.38980184528,2.82834609817,2.18930379068
sh600236,2013-06-28,3.3,3.32,3.22,3.23,-0.021212,4085895.0,13392394.0,3644183660.0,7365851930.0,0.00362150815692,13.8819225169,2013-03-31,2013-04-24,13.6208819846,1.36032136853,2.76835122073,2.14286427867
sh600236,2013-07-01,3.24,3.32,3.21,3.3,0.021672,2899715.0,9507645.0,3723159770.0,7525483400.0,0.00257014474026,14.1827715417,2013-03-31,2013-04-24,13.916073739,1.38980225323,2.82834692839,2.18930443332
sh600236,2013-07-02,3.31,3.35,3.28,3.32,0.006061,2778273.0,9240308.0,3745724380.0,7571092390.0,0.00246250535924,14.26873332,2013-03-31,2013-04-24,14.0004190619,1.39822584469,2.84548953912,2.20257380749
sh600236,2013-07-03,3.32,3.32,3.24,3.29,-0.009036,3715039.0,12175101.0,3711877470.0,7502678900.0,0.00329280220287,14.1398010457,2013-03-31,2013-04-24,13.8739112753,1.38559147596,2.81977769565,2.18267135056
sh600236,2013-07-04,3.28,3.41,3.24,3.35,0.018237,3537941.0,11827396.0,3779571280.0,7639505870.0,0.00313583247198,14.3976685974,2013-03-31,2013-04-24,14.1269297952,1.4108605077,2.87120198148,2.22247672798
sh600236,2013-07-05,3.36,3.4,3.32,3.36,0.002985,2659060.0,8928844.0,3790853590.0,7662310370.0,0.0023568416421,14.4406456381,2013-03-31,2013-04-24,14.1690986806,1.41507192632,2.8797725194,2.22911082102
sh600236,2013-07-08,3.36,3.36,3.22,3.25,-0.032738,5323706.0,17388286.0,3666748260.0,7411460920.0,0.00471863440661,13.9678877812,2013-03-31,2013-04-24,13.705230728,1.3687453016,2.78549452666,2.15613419096
sh600236,2013-07-09,3.27,3.33,3.23,3.32,0.021538,3028261.0,9954146.0,3745724380.0,7571092390.0,0.0026840807011,14.2687281483,2013-03-31,2013-04-24,14.0004139874,1.3982253379,2.84548850777,2.20257300916
sh600236,2013-07-10,3.31,3.38,3.31,3.37,0.01506,4430989.0,14833133.0,3802135890.0,7685114860.0,0.00392738012581,14.4836151942,2013-03-31,2013-04-24,14.2112602221,1.41928261149,2.8883415647,2.23574375868
sh600236,2013-07-11,3.37,3.47,3.35,3.45,0.023739,6571952.0,22583252.0,3892394310.0,7867550820.0,0.00582500964554,14.8274417353,2013-03-31,2013-04-24,14.5486213285,1.4529749614,2.9569079051,2.28881807977
sh600236,2013-07-12,3.45,3.55,3.45,3.51,0.017391,9514173.0,33374303.0,3960088120.0,8004377790.0,0.00843282932553,15.0853057745,2013-03-31,2013-04-24,14.801636402,1.47824364896,3.00833149048,2.32862291499
sh600236,2013-07-15,3.51,3.54,3.38,3.53,0.005698,7393070.0,25718073.0,3982652730.0,8049986780.0,0.00655280258392,15.1712618468,2013-03-31,2013-04-24,14.8859761263,1.48666668127,3.02547296331,2.34189140836
sh600236,2013-07-16,3.51,3.55,3.49,3.55,0.005666,3896049.0,13709698.0,4005217330.0,8095595770.0,0.00345323931523,15.2572222164,2013-03-31,2013-04-24,14.970320067,1.49509013469,3.04261529312,2.35516056508
sh600236,2013-07-17,3.52,3.53,3.46,3.49,-0.005634,3168249.0,11063389.0,3937523520.0,7958768800.0,0.0028081582126,15.1712630264,2013-03-31,2013-04-24,14.8859772837,1.48666679687,3.02547319856,2.34189159046
sh600236,2013-07-18,3.48,3.48,3.42,3.44,-0.014327,1882269.0,6499636.0,3881112000.0,7844746330.0,0.0016683376723,14.9539043411,2013-03-31,2013-04-24,14.6727058872,1.46536732167,2.98212724405,2.30833930964
sh600236,2013-07-19,3.45,3.48,3.4,3.4,-0.011628,2773976.0,9502130.0,3835982800.0,7753528350.0,0.00245869673868,14.7800203414,2013-03-31,2013-04-24,14.5020916631,1.44832803045,2.94745106845,2.28149794015
sh600236,2013-07-22,3.4,3.45,3.35,3.45,0.014706,1783728.0,6115970.0,3892394310.0,7867550820.0,0.00158099645357,14.9973753205,2013-03-31,2013-04-24,14.7153594231,1.46962714247,2.99079628386,2.31504964886
sh600236,2013-07-23,3.48,3.51,3.43,3.5,0.014493,3351486.0,11664547.0,3948805820.0,7981573300.0,0.00297056921376,15.214732281,2013-03-31,2013-04-24,14.9286291272,1.49092644864,3.03414189441,2.34860166342
sh600236,2013-07-24,3.51,3.51,3.4,3.44,-0.017143,2625674.0,9027331.0,3881112000.0,7844746330.0,0.00232725016954,14.9539061255,2013-03-31,2013-04-24,14.6727076381,1.46536749653,2.98212759991,2.3083395851
sh600236,2013-07-25,3.44,3.45,3.39,3.42,-0.005814,2135372.0,7282527.0,3858547400.0,7799137340.0,0.00189267397363,14.8669641153,2013-03-31,2013-04-24,14.5874005159,1.45684784991,2.96478951005,2.29491889875
sh600236,2013-07-26,3.42,3.42,3.37,3.41,-0.002924,1569859.0,5316161.0,3847265100.0,7776332840.0,0.00139143496766,14.8234931123,2013-03-31,2013-04-24,14.5447469568,1.4525880268,2.95612046552,2.28820855589
sh600236,2013-07-29,3.37,3.4,3.34,3.36,-0.014663,2470266.0,8295008.0,3790853590.0,7662310370.0,0.00218950522961,14.6061362328,2013-03-31,2013-04-24,14.3314773322,1.43128872856,2.91277487113,2.25465655384
sh600236,2013-07-30,3.37,3.38,3.31,3.34,-0.005952,1695345.0,5660239.0,3768288980.0,7616701380.0,0.00150265872125,14.5192005099,2013-03-31,2013-04-24,14.2461763791,1.42276969805,2.8954380351,2.24123683803
sh600236,2013-07-31,3.36,3.38,3.32,3.34,0.0,1620549.0,5424315.0,3768288980.0,7616701380.0,0.00143636374193,14.5192005099,2013-03-31,2013-04-24,14.2461763791,1.42276969805,2.8954380351,2.24123683803
sh600236,2013-08-01,3.36,3.4,3.33,3.39,0.01497,3773334.0,12696408.0,3824700490.0,7730723850.0,0.00334447162423,14.7365529415,2013-03-31,2013-04-24,14.4594416395,1.44406856043,2.93878274248,2.2747881535
sh600236,2013-08-02,3.39,3.41,3.34,3.39,0.0,4144129.0,13983759.0,3824700490.0,7730723850.0,0.00367312351561,14.7365529415,2013-03-31,2013-04-24,14.4594416395,1.44406856043,2.93878274248,2.2747881535
sh600236,2013-08-05,3.38,3.41,3.35,3.4,0.00295,2250729.0,7606770.0,3835982800.0,7753528350.0,0.00199491994594,14.7800257727,2013-03-31,2013-04-24,14.5020969923,1.44832856268,2.94745215157,2.28149877855
sh600236,2013-08-06,3.38,3.46,3.35,3.43,0.008824,4204064.0,14317424.0,3869829700.0,7821941830.0,0.00372624653741,14.9104447201,2013-03-31,2013-04-24,14.6300634962,1.46110861392,2.97346046936,2.30163072377
sh600236,2013-08-07,3.42,3.44,3.38,3.4,-0.008746,3069172.0,10436960.0,3835982800.0,7753528350.0,0.00272034191603,14.7800379706,2013-03-31,2013-04-24,14.5021089608,1.44832975798,2.9474545841,2.28150066146
sh600236,2013-08-08,3.37,3.4,3.36,3.38,-0.005882,1776979.0,5999513.0,3813418190.0,7707919360.0,0.00157501451998,14.6931017873,2013-03-31,2013-04-24,14.4168075559,1.43981068234,2.93011765623,2.26808087457
sh600236,2013-08-09,3.38,3.4,3.35,3.39,0.002959,2261622.0,7626935.0,3824700490.0,7730723850.0,0.00200457489418,14.7365786755,2013-03-31,2013-04-24,14.4594668895,1.44407108215,2.93878787438,2.27479212588
sh600236,2013-08-12,3.4,3.43,3.36,3.43,0.011799,6226427.0,21195013.0,3869829700.0,7821941830.0,0.00551875567289,14.9104555672,2013-03-31,2013-04-24,14.6300741393,1.46110967685,2.97346263251,2.30163239817
sh600236,2013-08-13,3.43,3.46,3.4,3.45,0.005831,5680673.0,19553538.0,3892394310.0,7867550820.0,0.00503502992995,14.9973984337,2013-03-31,2013-04-24,14.7153821016,1.46962940738,2.99080089312,2.31505321668
sh600236,2013-08-14,3.44,3.46,3.42,3.43,-0.005797,4995953.0,17204579.0,3869829700.0,7821941830.0,0.00442813253255,14.9104585149,2013-03-31,2013-04-24,14.6300770316,1.4611099657,2.97346322034,2.30163285319
sh600236,2013-08-15,3.41,3.45,3.41,3.42,-0.002915,2503529.0,8583311.0,3858547400.0,7799137340.0,0.00221898768951,14.8669945284,2013-03-31,2013-04-24,14.587430357,1.45685083015,2.96479557505,2.29492359342
sh600236,2013-08-16,3.42,3.47,3.35,3.35,-0.020468,5524356.0,18774596.0,3779571280.0,7639505870.0,0.00489647931709,14.5626968844,2013-03-31,2013-04-24,14.2888548325,1.42703200736,2.90411213922,2.24795109731
sh600236,2013-08-19,3.34,3.36,3.32,3.35,0.0,3440445.0,11503649.0,3779571280.0,7639505870.0,0.00304941748578,14.5626968844,2013-03-31,2013-04-24,14.2888548325,1.42703200736,2.90411213922,2.24795109731
sh600236,2013-08-20,3.36,3.36,3.3,3.3,-0.014925,5080195.0,16924629.0,3723159770.0,7525483400.0,0.0045027999161,14.3453486334,2013-03-31,2013-04-24,14.0755936741,1.40573355465,2.86076826554,2.21440042718
sh600236,2013-08-21,3.31,3.32,3.26,3.29,-0.00303,2891185.0,9486666.0,3711877470.0,7502678900.0,0.00256258422507,14.301882227,2013-03-31,2013-04-24,14.0329446253,1.40147418198,2.8521001377,2.20769079389
sh600236,2013-08-22,3.28,3.3,3.27,3.28,-0.00304,1666041.0,5477082.0,3700595170.0,7479874410.0,0.00147668529762,14.258404505,2013-03-31,2013-04-24,13.9902844736,1.39721370047,2.84342975328,2.20097941388
sh600236,2013-08-23,3.28,3.3,3.24,3.29,0.003049,4024541.0,13161367.0,3711877470.0,7502678900.0,0.00356712741652,14.3018783804,2013-03-31,2013-04-24,14.032940851,1.40147380504,2.8520993706,2.20769020011
sh600236,2013-08-26,3.29,3.34,3.28,3.33,0.012158,2916683.0,9664679.0,3757006680.0,7593896880.0,0.00258518422171,14.4757606177,2013-03-31,2013-04-24,14.2035533459,1.41851292356,2.88677519475,2.23453129756
sh600236,2013-08-27,3.33,3.35,3.3,3.35,0.006006,3008604.0,10015574.0,3779571280.0,7639505870.0,0.0026666578438,14.562702036,2013-06-30,2013-08-27,14.196900414,1.44183321992,2.79642991896,2.21731838177
sh600236,2013-08-28,3.33,3.35,3.3,3.31,-0.01194,3774687.0,12541610.0,3734442070.0,7548287890.0,0.00334567084876,14.3888233737,2013-06-30,2013-08-27,14.0273894231,1.42461773128,2.76304054573,2.19084360029
sh600236,2013-08-29,3.33,3.4,3.32,3.39,0.024169,8213564.0,27658737.0,3824700490.0,7730723850.0,0.00728004245896,14.7365868458,2013-06-30,2013-08-27,14.3664173981,1.45904931722,2.82982047268,2.24379409927
sh600236,2013-08-30,3.39,3.4,3.34,3.38,-0.00295,3634517.0,12240447.0,3813418190.0,7707919360.0,0.00322143201924,14.6931139146,2013-06-30,2013-08-27,14.3240364667,1.45474512174,2.82147250228,2.23717490667
sh600236,2013-09-02,3.38,3.43,3.33,3.42,0.011834,4577719.0,15486830.0,3858547400.0,7799137340.0,0.00405743336987,14.8669922247,2013-06-30,2013-08-27,14.4935471143,1.47196057551,2.85486180788,2.26364963452
sh600236,2013-09-03,3.42,3.65,3.38,3.54,0.035088,18993002.0,66653078.0,3993935030.0,8072791280.0,0.0168343316992,15.3886452478,2013-06-30,2013-08-27,15.0020966954,1.52360872818,2.95503319899,2.34307657289
sh600236,2013-09-04,3.54,3.54,3.45,3.48,-0.016949,11099648.0,38585244.0,3926241210.0,7935964310.0,0.00983810544844,15.1278230995,2013-06-30,2013-08-27,14.7478261585,1.49778508385,2.9049483413,2.30336376806
sh600236,2013-09-05,3.47,3.47,3.4,3.41,-0.020115,6026237.0,20609568.0,3847265100.0,7776332840.0,0.00534131847842,14.8235269379,2013-06-30,2013-08-27,14.4511736354,1.46765713689,2.84651530542,2.25703160587
sh600236,2013-09-06,3.4,3.43,3.37,3.41,0.0,5132376.0,17419216.0,3847265100.0,7776332840.0,0.00454905022272,14.8235269379,2013-06-30,2013-08-27,14.4511736354,1.46765713689,2.84651530542,2.25703160587
sh600236,2013-09-09,3.4,3.45,3.38,3.45,0.01173,7070431.0,24244871.0,3892394310.0,7867550820.0,0.00626683347248,14.9974069089,2013-06-30,2013-08-27,14.6206859021,1.4848727551,2.87990492995,2.2835065866
sh600236,2013-09-10,3.45,3.5,3.42,3.49,0.011594,8356824.0,28997168.0,3937523520.0,7958768800.0,0.0074070200754,15.1712868446,2013-06-30,2013-08-27,14.7901981345,1.50208836983,2.91329454771,2.30998156197
sh600236,2013-09-11,3.5,3.55,3.47,3.55,0.017192,17604439.0,61831883.0,4005217330.0,8095595770.0,0.0156035873464,15.432111608,2013-06-30,2013-08-27,15.0444712208,1.52791227308,2.96337990757,2.34969476498
sh600236,2013-09-12,3.55,3.56,3.5,3.52,-0.008451,8453866.0,29769383.0,3971370420.0,8027182290.0,0.0074930326746,15.3016948328,2013-06-30,2013-08-27,14.9173303945,1.51499988646,2.93833638397,2.32983749452
sh600236,2013-09-13,3.52,3.52,3.44,3.45,-0.019886,7223313.0,25049950.0,3892394310.0,7867550820.0,0.00640233950244,14.9974053294,2013-06-30,2013-08-27,14.6206843623,1.48487259872,2.87990462664,2.28350634611
sh600236,2013-09-16,3.45,3.48,3.43,3.45,0.0,4634248.0,15993596.0,3892394310.0,7867550820.0,0.00410753750177,14.9974053294,2013-06-30,2013-08-27,14.6206843623,1.48487259872,2.87990462664,2.28350634611
sh600236,2013-09-17,3.47,3.47,3.37,3.38,-0.02029,4647808.0,15902535.0,3813418190.0,7707919360.0,0.00411955632907,14.6931079752,2013-06-30,2013-08-27,14.3240306766,1.45474453369,2.82147136177,2.23717400234
sh600236,2013-09-18,3.39,3.42,3.38,3.42,0.011834,2184355.0,7421095.0,3858547400.0,7799137340.0,0.00193608975751,14.866986215,2013-06-30,2013-08-27,14.4935412556,1.4719599805,2.85486065386,2.26364871949
sh600236,2013-09-23,3.44,3.45,3.39,3.44,0.005848,4526377.0,15510933.0,3881112000.0,7844746330.0,0.00401192670554,14.9539283504,2013-06-30,2013-08-27,14.5782994848,1.48056800247,2.87155587897,2.2768865372
sh600236,2013-09-24,3.45,3.45,3.37,3.39,-0.014535,4685887.0,15904437.0,3824700490.0,7730723850.0,0.00415330742147,14.7365730018,2013-06-30,2013-08-27,14.3664039018,1.45904794655,2.82981781426,2.24379199138
sh600236,2013-09-25,3.39,3.4,3.35,3.36,-0.00885,3724868.0,12565200.0,3790853590.0,7662310370.0,0.00330151407404,14.6061543308,2013-06-30,2013-08-27,14.2392612273,1.44613537222,2.80477392661,2.22393443226
sh600236,2013-09-26,3.35,3.35,3.27,3.28,-0.02381,5503220.0,18186277.0,3700595170.0,7479874410.0,0.00487774554383,14.2583817961,2013-06-30,2013-08-27,13.9002244175,1.41170288901,2.73799225942,2.17098255342
sh600236,2013-09-27,3.29,3.32,3.27,3.3,0.006098,3032080.0,9988816.0,3723159770.0,7525483400.0,0.00268746565233,14.3453294083,2013-06-30,2013-08-27,13.984987986,1.42031145323,2.75468853621,2.18422120504
sh600236,2013-09-30,3.3,3.32,3.28,3.31,0.00303,2012465.0,6636399.0,3734442070.0,7548287890.0,0.00178373610439,14.3887957564,2013-06-30,2013-08-27,14.0273624996,1.42461499693,2.76303524248,2.19083939529
sh600236,2013-10-08,3.31,3.34,3.29,3.34,0.009063,2785303.0,9233408.0,3768288980.0,7616701380.0,0.00246873636002,14.5192014124,2013-06-30,2013-08-27,14.1544924859,1.43752628265,2.78807663088,2.21069497273
sh600236,2013-10-09,3.34,3.35,3.3,3.33,-0.002994,4165734.0,13850847.0,3757006680.0,7593896880.0,0.00369227297195,14.4757309233,2013-06-30,2013-08-27,14.1121139354,1.43322232896,2.77972912945,2.20407615198
sh600236,2013-10-10,3.39,3.42,3.35,3.36,0.009009,9654921.0,32703872.0,3790853590.0,7662310370.0,0.0085575804472,14.6061427832,2013-06-30,2013-08-27,14.2392499699,1.44613422892,2.80477170918,2.22393267403
sh600236,2013-10-11,3.36,3.38,3.34,3.37,0.002976,8063335.0,27101310.0,3802135890.0,7685114860.0,0.00714688789043,14.6496106642,2013-06-30,2013-08-27,14.2816259778,1.45043792439,2.81311870978,2.23055109767
sh600236,2013-10-14,3.36,3.38,3.35,3.37,0.0,5808264.0,19508688.0,3802135890.0,7685114860.0,0.00514811943768,14.6496106642,2013-06-30,2013-08-27,14.2816259778,1.45043792439,2.81311870978,2.23055109767
sh600236,2013-10-15,3.37,3.41,3.35,3.4,0.008902,10820378.0,36673974.0,3835982800.0,7753528350.0,0.00959057616212,14.7800214983,2013-06-30,2013-08-27,14.4087610122,1.46334972279,2.83816109254,2.25040746354
sh600236,2013-10-16,3.39,3.4,3.33,3.34,-0.017647,6293899.0,21144220.0,3768288980.0,7616701380.0,0.00557855906794,14.5191984589,2013-06-30,2013-08-27,14.1544896066,1.43752599023,2.78807606374,2.21069452303
sh600236,2013-10-17,3.35,3.36,3.31,3.33,-0.002994,5538967.0,18479972.0,3757006680.0,7593896880.0,0.00490942968193,14.4757279787,2013-06-30,2013-08-27,14.1121110648,1.43322203742,2.779728564,2.20407570363
sh600236,2013-10-18,3.31,3.33,3.3,3.32,-0.003003,3482048.0,11546185.0,3745724380.0,7571092390.0,0.00308629204587,14.4322573676,2013-06-30,2013-08-27,14.0697323952,1.42891807164,2.77138103912,2.19745686429
sh600236,2013-10-21,3.32,3.35,3.3,3.34,0.006024,4807565.0,15993359.0,3768288980.0,7616701380.0,0.0042611559743,14.519197286,2013-06-30,2013-08-27,14.1544884632,1.4375258741,2.7880758385,2.21069434444
sh600236,2013-10-22,3.33,3.34,3.3,3.32,-0.005988,6857516.0,22712474.0,3745724380.0,7571092390.0,0.0060781175576,14.4322563326,2013-06-30,2013-08-27,14.0697313863,1.42891796917,2.77138084038,2.19745670671
sh600236,2013-10-23,3.32,3.34,3.28,3.29,-0.009036,7295935.0,24138094.0,3711877470.0,7502678900.0,0.00646670757427,14.3018464644,2013-06-30,2013-08-27,13.9425972935,1.4160062664,2.74633864311,2.17760048791
sh600236,2013-10-24,3.29,3.31,3.26,3.27,-0.006079,3498566.0,11479327.0,3689312870.0,7457069910.0,0.00310093267313,14.2149055398,2013-06-30,2013-08-27,13.8578402445,1.4073983643,2.7296436505,2.16436285454
sh600236,2013-10-25,3.27,3.29,3.23,3.24,-0.009174,7389993.0,24059955.0,3655465960.0,7388656430.0,0.00655007530695,14.0844979963,2013-06-30,2013-08-27,13.7307084181,1.39448689171,2.70460189965,2.14450698971
sh600236,2013-10-28,3.23,3.23,3.15,3.18,-0.018519,8206809.0,26174474.0,3587772140.0,7251829450.0,0.00727405520798,13.8236671779,2013-06-30,2013-08-27,13.4764294289,1.36866238896,2.65451537707,2.10479286477
sh600236,2013-10-29,3.19,3.23,3.14,3.17,-0.003145,10984456.0,34940311.0,3576489840.0,7229024960.0,0.00973600571447,13.7801917447,2013-09-30,2013-10-29,16.8472744086,1.38713005854,2.80458004732,2.00736964287
sh600236,2013-10-30,3.17,3.36,3.14,3.3,0.041009,13105635.0,42937656.0,3723159770.0,7525483400.0,0.0116160998108,14.3453036279,2013-09-30,2013-10-29,17.5381642848,1.44401487511,2.91959307048,2.08968986456
sh600236,2013-10-31,3.27,3.3,3.23,3.25,-0.015152,5968007.0,19426070.0,3666748260.0,7411460920.0,0.00528970667596,14.1279435874,2013-09-30,2013-10-29,17.2724260196,1.42213516172,2.87535539627,2.05802688373
sh600236,2013-11-01,3.25,3.27,3.23,3.25,0.0,3363267.0,10948928.0,3666748260.0,7411460920.0,0.00298101123255,14.1279435874,2013-09-30,2013-10-29,17.2724260196,1.42213516172,2.87535539627,2.05802688373
sh600236,2013-11-04,3.27,3.28,3.21,3.24,-0.003077,2981925.0,9653299.0,3655465960.0,7388656430.0,0.00264301107047,14.0844719049,2013-09-30,2013-10-29,17.2192787647,1.41775925183,2.86650792772,2.05169433501
sh600236,2013-11-05,3.23,3.24,3.18,3.22,-0.006173,3733942.0,11985730.0,3632901350.0,7343047440.0,0.00330955676515,13.9975284599,2013-09-30,2013-10-29,17.1129841569,1.40900742397,2.84881297428,2.03902922588
sh600236,2013-11-06,3.23,3.24,3.19,3.21,-0.003106,3478877.0,11200203.0,3621619050.0,7320242940.0,0.00308348145286,13.9540521365,2013-09-30,2013-10-29,17.0598312281,1.40463104691,2.83996456118,2.0326960011
sh600236,2013-11-07,3.21,3.25,3.19,3.2,-0.003115,2985190.0,9619647.0,3610336750.0,7297438440.0,0.00264590498379,13.9105852641,2013-09-30,2013-10-29,17.0066898539,1.4002556212,2.83111807157,2.02636415306
sh600236,2013-11-08,3.2,3.21,3.17,3.19,-0.003125,3004461.0,9557142.0,3599054450.0,7274633950.0,0.0026629857156,13.8671146851,2013-09-30,2013-10-29,16.9535439481,1.39587982238,2.8222708276,2.02003176508
sh600236,2013-11-11,3.2,3.2,3.15,3.17,-0.00627,2240372.0,7109735.0,3576489840.0,7229024960.0,0.00198574008531,13.780167876,2013-09-30,2013-10-29,16.8472452275,1.3871276559,2.80457518951,2.00736616591
sh600236,2013-11-12,3.18,3.2,3.15,3.2,0.009464,2071157.0,6585019.0,3610336750.0,7297438440.0,0.00183575739853,13.9105833848,2013-09-30,2013-10-29,17.0066875563,1.40025543203,2.8311176891,2.02636387931
sh600236,2013-11-13,3.21,3.21,3.15,3.15,-0.015625,2083415.0,6598319.0,3553925240.0,7183415970.0,0.00184662220132,13.6932305194,2013-09-30,2013-10-29,16.7409580633,1.37837644091,2.78688147521,1.99470194369
sh600236,2013-11-14,3.15,3.17,3.13,3.15,0.0,1922206.0,6065413.0,3553925240.0,7183415970.0,0.00170373558561,13.6932305194,2013-09-30,2013-10-29,16.7409580633,1.37837644091,2.78688147521,1.99470194369
sh600236,2013-11-15,3.15,3.21,3.14,3.2,0.015873,3214716.0,10257162.0,3610336750.0,7297438440.0,0.00284934395663,13.9105831675,2013-09-30,2013-10-29,17.0066872906,1.40025541015,2.83111764487,2.02636384765
sh600236,2013-11-18,3.22,3.25,3.19,3.25,0.015625,5563069.0,17955548.0,3666748260.0,7411460920.0,0.0049307923446,14.1279360295,2013-09-30,2013-10-29,17.2724167795,1.42213440094,2.87535385807,2.05802578276
sh600236,2013-11-19,3.25,3.25,3.22,3.23,-0.006154,3606128.0,11661763.0,3644183660.0,7365851930.0,0.00319626959745,14.0409927111,2013-09-30,2013-10-29,17.1661223267,1.41338258583,2.85765893043,2.0453606921
sh600236,2013-11-20,3.25,3.25,3.21,3.24,0.003096,3236310.0,10442316.0,3655465960.0,7388656430.0,0.00286848366658,14.0844636246,2013-09-30,2013-10-29,17.2192686414,1.41775841832,2.86650624248,2.0516931288
sh600236,2013-11-21,3.23,3.23,3.2,3.21,-0.009259,3524282.0,11324327.0,3621619050.0,7320242940.0,0.00312372589823,13.9540555759,2013-09-30,2013-10-29,17.059835433,1.40463139312,2.83996526118,2.03269650212
sh600236,2013-11-22,3.22,3.23,3.19,3.2,-0.003115,2841905.0,9116176.0,3610336750.0,7297438440.0,0.00251890519631,13.9105886928,2013-09-30,2013-10-29,17.0066940457,1.40025596633,2.83111876939,2.02636465252
sh600236,2013-11-25,3.21,3.22,3.18,3.19,-0.003125,3507780.0,11230746.0,3599054450.0,7274633950.0,0.00310909944694,13.8671181031,2013-09-30,2013-10-29,16.9535481268,1.39588016644,2.82227152323,2.02003226298
sh600236,2013-11-26,3.22,3.25,3.21,3.24,0.015674,4833061.0,15612890.0,3655465960.0,7388656430.0,0.00428375419477,14.0844713122,2013-09-30,2013-10-29,17.2192780401,1.41775919217,2.86650780709,2.05169424867
sh600236,2013-11-27,3.27,3.3,3.24,3.27,0.009259,6976633.0,22790674.0,3689312870.0,7457069910.0,0.00618369618243,14.2148794321,2013-09-30,2013-10-29,17.3787113355,1.43088622453,2.89304880287,2.07069088572
sh600236,2013-11-28,3.26,3.42,3.25,3.38,0.033639,17957543.0,59794627.0,3813418190.0,7707919360.0,0.0159165589285,14.6930537613,2013-09-30,2013-10-29,17.9633138061,1.47901980623,2.99036807155,2.14034685642
sh600236,2013-11-29,3.36,3.39,3.31,3.39,0.002959,15640644.0,52538807.0,3824700490.0,7730723850.0,0.0138629896115,14.7365305074,2013-09-30,2013-10-29,18.0164672516,1.48339622584,2.99921657068,2.14668014277
sh600236,2013-12-02,3.4,3.4,3.29,3.35,-0.011799,8828235.0,29637760.0,3779571280.0,7639505870.0,0.00782485235997,14.562654184,2013-09-30,2013-10-29,17.8038909545,1.46589363377,2.96382881436,2.12135146376
sh600236,2013-12-03,3.33,3.38,3.33,3.36,0.002985,6598139.0,22156068.0,3790853590.0,7662310370.0,0.00584822033182,14.6061237067,2013-09-30,2013-10-29,17.857035569,1.47026932627,2.97267584337,2.12768369788
sh600236,2013-12-04,3.38,3.54,3.34,3.41,0.014881,24061174.0,82135661.0,3847265100.0,7776332840.0,0.0213264750953,14.8234774336,2013-09-30,2013-10-29,18.1227661153,1.49214840411,3.0169122326,2.15934575899
sh600236,2013-12-05,3.38,3.39,3.35,3.36,-0.014663,7891561.0,26561114.0,3790853590.0,7662310370.0,0.0069946370469,14.606120784,2013-09-30,2013-10-29,17.8570319958,1.47026903206,2.97267524853,2.12768327213
sh600236,2013-12-06,3.35,3.37,3.31,3.33,-0.008929,7613334.0,25415076.0,3757006680.0,7593896880.0,0.00674803224465,14.4757027315,2013-09-30,2013-10-29,17.6975865571,1.45714099988,2.94613223124,2.10868518819
sh600236,2013-12-09,3.35,3.37,3.34,3.36,0.009009,4325921.0,14513345.0,3790853590.0,7662310370.0,0.00383425374125,14.6061143374,2013-09-30,2013-10-29,17.8570241144,1.47026838314,2.97267393651,2.12768233305
sh600236,2013-12-10,3.37,3.43,3.36,3.37,0.002976,8231707.0,27968148.0,3802135890.0,7685114860.0,0.00729612338764,14.6495821337,2013-09-30,2013-10-29,17.9101666182,1.47464390185,2.98152061414,2.13401431567
sh600236,2013-12-11,3.37,3.47,3.37,3.39,0.005935,21340275.0,72800320.0,3824700490.0,7730723850.0,0.0189148228571,14.7365274036,2013-09-30,2013-10-29,18.016463457,1.48339591341,2.99921593899,2.14667969064
sh600236,2013-12-12,3.39,3.43,3.38,3.4,0.00295,7231287.0,24603858.0,3835982800.0,7753528350.0,0.00640940720589,14.7800001595,2013-09-30,2013-10-29,18.0696120242,1.48777193135,3.00806362601,2.15301239573
sh600236,2013-12-13,3.39,3.39,3.34,3.35,-0.014706,3866910.0,12998823.0,3779571280.0,7639505870.0,0.00342741214289,14.5626454771,2013-09-30,2013-10-29,17.8038803098,1.46589275733,2.96382704232,2.12135019543
sh600236,2013-12-16,3.33,3.36,3.27,3.27,-0.023881,4352927.0,14380533.0,3689312870.0,7457069910.0,0.00385819034372,14.2148749405,2013-09-30,2013-10-29,17.3787058441,1.43088577239,2.89304788873,2.07069023142
sh600236,2013-12-17,3.28,3.28,3.23,3.23,-0.012232,3323852.0,10780586.0,3644183660.0,7365851930.0,0.00294607598345,14.0409985902,2013-09-30,2013-10-29,17.1661295143,1.41338317763,2.85766012695,2.04536154851
sh600236,2013-12-18,3.23,3.27,3.22,3.25,0.006192,2629622.0,8544874.0,3666748260.0,7411460920.0,0.00233074945265,14.1279404535,2013-09-30,2013-10-29,17.2724221882,1.42213484626,2.87535475846,2.05802642721
sh600236,2013-12-19,3.25,3.27,3.2,3.21,-0.012308,2980507.0,9640015.0,3621619050.0,7320242940.0,0.00264175423696,13.9540537624,2013-09-30,2013-10-29,17.0598332159,1.40463121057,2.83996489209,2.03269623795
sh600236,2013-12-20,3.21,3.23,3.14,3.14,-0.021807,4954955.0,15706419.0,3542642930.0,7160611470.0,0.00439179420772,13.649757712,2013-09-30,2013-10-29,16.687809433,1.37400041777,2.77803377769,1.98836923109
sh600236,2013-12-23,3.14,3.16,3.09,3.1,-0.012739,4791265.0,14953437.0,3497513730.0,7069393490.0,0.00424670856117,13.4758734485,2013-09-30,2013-10-29,16.4752234286,1.35649702644,2.74264440539,1.96303939545
sh600236,2013-12-24,3.11,3.15,3.1,3.12,0.006452,4529132.0,14140917.0,3520078330.0,7115002480.0,0.00401436857799,13.562819784,2013-09-30,2013-10-29,16.5815215702,1.36524914526,2.7603399471,1.97570492563
sh600236,2013-12-25,3.13,3.15,3.11,3.15,0.009615,1657646.0,5195363.0,3553925240.0,7183415970.0,0.00146924444027,13.6932262962,2013-09-30,2013-10-29,16.7409529001,1.37837601579,2.78688061569,1.99470132849
sh600236,2013-12-26,3.15,3.15,3.08,3.1,-0.015873,3358501.0,10453277.0,3497513730.0,7069393490.0,0.00297678691314,13.4758737152,2013-09-30,2013-10-29,16.4752237547,1.35649705329,2.74264445968,1.9630394343
sh600236,2013-12-27,3.1,3.14,3.09,3.13,0.009677,2958345.0,9212346.0,3531360630.0,7137806980.0,0.00262211108413,13.6062797451,2013-09-30,2013-10-29,16.634654495,1.36962387528,2.76918503011,1.98203576691
sh600236,2013-12-30,3.14,3.15,3.08,3.11,-0.00639,4410511.0,13738279.0,3508796030.0,7092197990.0,0.00390922957411,13.5193356176,2013-09-30,2013-10-29,16.5283590527,1.36087197871,2.75148993777,1.96937055836
sh600236,2013-12-31,3.11,3.14,3.08,3.13,0.006431,2817275.0,8790862.0,3531360630.0,7137806980.0,0.00249707454829,13.6062784649,2013-09-30,2013-10-29,16.6346529298,1.36962374641,2.76918476956,1.98203558042
sh600236,2014-01-02,3.13,3.13,3.1,3.11,-0.00639,2090958.0,6515814.0,3508796030.0,7092197990.0,0.00185330789376,13.5193343455,2013-09-30,2013-10-29,16.5283574976,1.36087185067,2.75148967888,1.96937037306
sh600236,2014-01-03,3.1,3.12,3.08,3.09,-0.006431,4101825.0,12679023.0,3486231420.0,7046589000.0,0.00363562762279,13.4323915064,2013-09-30,2013-10-29,16.4220636305,1.3521200838,2.73379484876,1.95670535219
sh600236,2014-01-06,3.09,3.09,2.99,3.01,-0.02589,5553238.0,16729218.0,3395973000.0,6864153040.0,0.00492207870322,13.0846268903,2013-09-30,2013-10-29,15.9968964031,1.31711369483,2.66301690012,1.90604625062
sh600236,2014-01-07,3.01,3.03,2.99,3.0,-0.003322,3504577.0,10509473.0,3384690700.0,6841348540.0,0.00310626049228,13.0411597597,2013-09-30,2013-10-29,15.9437547133,1.31273824313,2.65417035798,1.89971436498
sh600236,2014-01-08,3.0,3.01,2.96,2.97,-0.01,2646931.0,7909956.0,3350843790.0,6772935060.0,0.0023460911826,12.9107481621,2013-09-30,2013-10-29,15.7843171661,1.2996108607,2.6276286544,1.88071722133
sh600236,2014-01-09,2.95,2.97,2.92,2.93,-0.013468,3311142.0,9765713.0,3305714590.0,6681717080.0,0.00293481055181,12.7368662059,2013-09-30,2013-10-29,15.5717339825,1.28210770163,2.59223975168,1.85538772179
sh600236,2014-01-10,2.92,2.93,2.82,2.87,-0.020478,6008216.0,17290655.0,3238020770.0,6544890110.0,0.00532534568023,12.4760406597,2013-09-30,2013-10-29,15.252856014,1.25585270012,2.53915586605,1.81739309203
sh600236,2014-01-13,2.87,2.89,2.82,2.84,-0.010453,3144032.0,8970700.0,3204173860.0,6476476620.0,0.00278669362842,12.3456286067,2013-09-30,2013-10-29,15.0934179101,1.24272527184,2.51261406978,1.79839588204
sh600236,2014-01-14,2.84,2.87,2.81,2.86,0.007042,3514064.0,9991313.0,3226738470.0,6522085610.0,0.00311466923441,12.4325665234,2013-09-30,2013-10-29,15.1997057591,1.25147654321,2.53030789806,1.81106018584
sh600236,2014-01-15,2.86,2.86,2.82,2.85,-0.003497,2056748.0,5836965.0,3215456170.0,6499281110.0,0.00182298606795,12.3890898382,2013-09-30,2013-10-29,15.146552388,1.24710012973,2.52145941134,1.80472690837
sh600236,2014-01-16,2.85,2.9,2.84,2.87,0.007018,3964163.0,11400037.0,3238020770.0,6544890110.0,0.00351361174561,12.4760364707,2013-09-30,2013-10-29,15.2528508927,1.25585227844,2.53915501349,1.81739248181
sh600236,2014-01-17,2.86,2.86,2.82,2.82,-0.017422,2798281.0,7957104.0,3181609260.0,6430867630.0,0.00248023933021,12.2586789633,2013-09-30,2013-10-29,14.9871157244,1.23397282005,2.49491785484,1.78572986999
sh600236,2014-01-20,2.83,2.83,2.78,2.79,-0.010638,2557673.0,7159070.0,3147762350.0,6362454140.0,0.00226697789622,12.1282711365,2013-09-30,2013-10-29,14.8276827873,1.22084581719,2.4683769187,1.76673327563
sh600236,2014-01-21,2.8,2.83,2.79,2.8,0.003584,2451439.0,6879377.0,3159044660.0,6385258640.0,0.00217281803164,12.1717388603,2013-09-30,2013-10-29,14.8808252025,1.2252213286,2.47722358158,1.77306524769
sh600236,2014-01-22,2.81,2.88,2.81,2.88,0.028571,3495448.0,9994596.0,3249303070.0,6567694600.0,0.0030981690606,12.5194976112,2013-09-30,2013-10-29,15.3059852593,1.26022712718,2.54800033653,1.82372349489
sh600236,2014-01-23,2.9,2.97,2.9,2.93,0.017361,5123985.0,15021626.0,3305714590.0,6681717080.0,0.00454161290736,12.7368486093,2013-09-30,2013-10-29,15.5717124694,1.28210593033,2.59223617037,1.85538515848
sh600236,2014-01-24,2.93,3.02,2.93,2.98,0.017065,7256766.0,21744980.0,3362126100.0,6795739550.0,0.00643199036467,12.9542029308,2013-09-30,2013-10-29,15.8374437427,1.30398506803,2.63647268062,1.88704730621
sh600236,2014-01-27,2.98,2.98,2.9,2.91,-0.02349,3969252.0,11651882.0,3283149980.0,6636108090.0,0.00351812234907,12.6499087039,2013-09-30,2013-10-29,15.4654221892,1.27335445879,2.57454193735,1.84272056499
sh600236,2014-01-28,2.9,2.96,2.9,2.96,0.017182,2121592.0,6201362.0,3339561490.0,6750130560.0,0.00188046015586,12.8672594353,2013-09-30,2013-10-29,15.7311490732,1.2952332351,2.61877771692,1.87438218974
sh600236,2014-01-29,2.94,3.0,2.93,2.99,0.010135,2122498.0,6313729.0,3373408400.0,6818544050.0,0.00188126318177,12.9976691097,2013-09-30,2013-10-29,15.8905842691,1.30836042393,2.64531902908,1.89337905323
sh600236,2014-01-30,3.0,3.0,2.95,2.95,-0.013378,1692780.0,5011930.0,3328279190.0,6727326070.0,0.00150038524863,12.8237862923,2013-09-30,2013-10-29,15.6780000327,1.29085717818,2.60992995111,1.86804942825
sh600236,2014-02-07,2.92,2.96,2.91,2.95,0.0,1351589.0,3974318.0,3328279190.0,6727326070.0,0.00119797268269,12.8237862923,2013-09-30,2013-10-29,15.6780000327,1.29085717818,2.60992995111,1.86804942825
sh600236,2014-02-10,2.94,3.01,2.94,3.01,0.020339,3855248.0,11489499.0,3395973000.0,6864153040.0,0.00341707560101,13.0846092817,2013-09-30,2013-10-29,15.9968748754,1.31711192233,2.66301331639,1.90604368558
sh600236,2014-02-11,3.0,3.0,2.94,2.98,-0.009967,8967111.0,26581648.0,3362126100.0,6795739550.0,0.00794794424278,12.954194981,2013-09-30,2013-10-29,15.8374340235,1.3039842678,2.63647106266,1.88704614816
sh600236,2014-02-12,2.98,2.98,2.94,2.97,-0.003356,5904570.0,17469185.0,3350843790.0,6772935060.0,0.00523347968423,12.9107207026,2013-09-30,2013-10-29,15.7842835949,1.2996080966,2.62762306577,1.88071322129
sh600236,2014-02-13,2.96,2.97,2.94,2.94,-0.010101,4527470.0,13388087.0,3316996890.0,6704521570.0,0.00401289547184,12.7803095128,2013-09-30,2013-10-29,15.6248465463,1.28648075521,2.60108144519,1.86171613704
sh600236,2014-02-14,2.95,2.99,2.94,2.98,0.013605,3776282.0,11202936.0,3362126100.0,6795739550.0,0.00334708456057,12.9541856237,2013-09-30,2013-10-29,15.8374225836,1.30398332589,2.63646915825,1.88704478508
sh600236,2014-02-17,2.98,3.02,2.97,3.01,0.010067,5216242.0,15623976.0,3395973000.0,6864153040.0,0.00462338434964,13.0845954104,2013-09-30,2013-10-29,15.9968579168,1.31711052603,2.66301049327,1.90604166494
sh600236,2014-02-18,3.0,3.0,2.95,2.96,-0.016611,4030903.0,12001196.0,3339561490.0,6750130560.0,0.00357276633945,12.8672471961,2013-09-30,2013-10-29,15.7311341099,1.29523200308,2.61877522596,1.87438040684
sh600236,2014-02-19,2.96,3.01,2.94,3.01,0.016892,5738824.0,17136595.0,3395973000.0,6864153040.0,0.0050865717248,13.0846007357,2013-09-30,2013-10-29,15.9968644273,1.31711106208,2.66301157708,1.90604244067
sh600236,2014-02-20,3.01,3.07,3.0,3.05,0.013289,10993392.0,33492042.0,3441102210.0,6955371020.0,0.00974392608931,13.2584819949,2013-09-30,2013-10-29,16.2094467587,1.33461415098,2.69840033793,1.93137183867
sh600236,2014-02-21,3.04,3.05,2.96,2.99,-0.019672,6191419.0,18566894.0,3373408400.0,6818544050.0,0.00548772654091,12.9976611371,2013-09-30,2013-10-29,15.890574522,1.3083596214,2.64531740648,1.89337789186
sh600236,2014-02-24,2.97,2.98,2.9,2.91,-0.026756,4477991.0,13097754.0,3283149980.0,6636108090.0,0.00396904006499,12.6498957157,2013-09-30,2013-10-29,15.4654063101,1.27335315137,2.57453929395,1.84271867298
sh600236,2014-02-25,2.92,2.93,2.82,2.83,-0.027491,4850638.0,14002768.0,3192891560.0,6453672120.0,0.00429933346687,12.3021374326,2013-09-30,2013-10-29,15.0402468252,1.23834739989,2.50376263422,1.79206049394
sh600236,2014-02-26,2.83,2.86,2.82,2.86,0.010601,3326055.0,9446684.0,3226738470.0,6522085610.0,0.00294802860177,12.4325523915,2013-09-30,2013-10-29,15.1996884818,1.25147512068,2.53030502191,1.81105812724
sh600236,2014-02-27,2.86,2.97,2.84,2.9,0.013986,6456783.0,18652810.0,3271867680.0,6613303590.0,0.00572293030505,12.6064340692,2013-09-30,2013-10-29,15.4122713249,1.26897825171,2.56569386794,1.83638758621
sh600236,2014-02-28,2.9,2.99,2.89,2.94,0.013793,8510396.0,25115695.0,3316996890.0,6704521570.0,0.0075431376844,12.7803146144,2013-09-30,2013-10-29,15.6248527833,1.28648126874,2.60108248346,1.86171688018
sh600236,2014-03-03,2.95,2.99,2.93,2.95,0.003401,5992691.0,17752414.0,3328279190.0,6727326070.0,0.00531158518886,12.8237804644,2013-09-30,2013-10-29,15.6779929076,1.29085659153,2.60992876499,1.86804857929
sh600236,2014-03-04,2.95,2.98,2.93,2.97,0.00678,4804370.0,14209856.0,3350843790.0,6772935060.0,0.00425832411006,12.9107256959,2013-09-30,2013-10-29,15.7842896996,1.29960859923,2.62762408202,1.88071394866
sh600236,2014-03-05,2.96,3.02,2.95,2.99,0.006734,5611230.0,16733900.0,3373408400.0,6818544050.0,0.00497347955261,12.9976665227,2013-09-30,2013-10-29,15.8905811064,1.30836016353,2.64531850258,1.89337867639
sh600236,2014-03-06,2.98,3.0,2.94,2.96,-0.010033,3964457.0,11750628.0,3339561490.0,6750130560.0,0.00351387233178,12.8672609345,2013-09-30,2013-10-29,15.7311509062,1.29523338601,2.61877802205,1.87438240813
sh600236,2014-03-07,2.97,3.01,2.96,2.99,0.010135,4720865.0,14126653.0,3373408400.0,6818544050.0,0.00418430995488,12.9976706241,2013-09-30,2013-10-29,15.8905861206,1.30836057638,2.6453193373,1.89337927384
sh600236,2014-03-10,2.98,2.98,2.86,2.88,-0.036789,4302475.0,12550719.0,3249303070.0,6567694600.0,0.00381347253028,12.5194993195,2013-09-30,2013-10-29,15.3059873478,1.26022729913,2.5480006842,1.82372374373
sh600236,2014-03-11,2.87,2.89,2.85,2.87,-0.003472,2640515.0,7575521.0,3238020770.0,6544890110.0,0.00234040439771,12.4760316179,2013-09-30,2013-10-29,15.2528449597,1.25585178995,2.53915402583,1.81739177489
sh600236,2014-03-12,2.87,2.92,2.86,2.92,0.017422,3353295.0,9711357.0,3294432280.0,6658912580.0,0.00297217261361,12.6933890407,2013-09-30,2013-10-29,15.5185800246,1.27773123984,2.58339116726,1.84905437439
sh600236,2014-03-13,2.97,3.15,2.97,3.01,0.030822,15129254.0,46359372.0,3395973000.0,6864153040.0,0.0134097222033,13.0846246777,2013-09-30,2013-10-29,15.9968936981,1.31711347211,2.66301644982,1.90604592832
sh600236,2014-03-14,2.98,2.98,2.91,2.93,-0.026578,7802065.0,22908686.0,3305714590.0,6681717080.0,0.00691531280987,12.736861523,2013-09-30,2013-10-29,15.5717282574,1.28210723025,2.59223879862,1.85538703964
sh600236,2014-03-17,2.92,2.96,2.91,2.94,0.003413,3266022.0,9579023.0,3316996890.0,6704521570.0,0.00289481871658,12.7803324314,2013-09-30,2013-10-29,15.624874566,1.28648306223,2.60108610964,1.86171947561
sh600236,2014-03-18,2.94,3.07,2.93,3.02,0.027211,7975346.0,23881497.0,3407255310.0,6886957530.0,0.00706889937168,13.1280980572,2013-09-30,2013-10-29,16.0500430278,1.32148955283,2.67186426377,1.91237872426
sh600236,2014-03-19,3.02,3.07,2.98,3.05,0.009934,9667746.0,29413227.0,3441102210.0,6955371020.0,0.00856894782559,13.2585125833,2013-09-30,2013-10-29,16.2094841552,1.33461723005,2.69840656336,1.9313762945
sh600236,2014-03-20,3.04,3.04,2.96,2.97,-0.02623,5154696.0,15489922.0,3350843790.0,6772935060.0,0.00456883342807,12.9107417982,2013-09-30,2013-10-29,15.7843093858,1.29961022011,2.62762735921,1.8807162943
sh600236,2014-03-21,2.96,3.04,2.95,3.04,0.023569,5434974.0,16318884.0,3429819910.0,6932566520.0,0.00481725612235,13.2150350717,2013-09-30,2013-10-29,16.1563297737,1.33024073338,2.68955790844,1.92504289664
sh600236,2014-03-24,3.05,3.08,3.04,3.07,0.009868,6116120.0,18729648.0,3463666820.0,7000980010.0,0.00542098572864,13.3454410378,2013-09-30,2013-10-29,16.3157604359,1.34336754894,2.71609846588,1.94403921994
sh600236,2014-03-25,3.06,3.14,3.03,3.09,0.006515,10120671.0,31468887.0,3486231420.0,7046589000.0,0.00897039514089,13.4323865861,2013-09-30,2013-10-29,16.4220576152,1.35211958852,2.73379384738,1.95670463546
sh600236,2014-03-26,3.07,3.1,3.06,3.07,-0.006472,5074084.0,15610220.0,3463666820.0,7000980010.0,0.00449738346369,13.3454521802,2013-09-30,2013-10-29,16.3157740583,1.34336867054,2.7161007336,1.94404084306
sh600236,2014-03-27,3.06,3.07,3.03,3.03,-0.013029,3881647.0,11846184.0,3418537610.0,6909762030.0,0.00344047418861,13.1715742837,2013-09-30,2013-10-29,16.1031958381,1.32586592014,2.68071265714,1.91871193492
sh600236,2014-03-28,3.02,3.04,3.0,3.0,-0.009901,3783609.0,11418047.0,3384690700.0,6841348540.0,0.00335357880707,13.0411625267,2013-09-30,2013-10-29,15.9437580961,1.31273852166,2.65417092112,1.89971476805
sh600236,2014-03-31,3.0,3.06,3.0,3.03,0.01,4398940.0,13310299.0,3418537610.0,6909762030.0,0.0038989736901,13.171574152,2013-09-30,2013-10-29,16.1031956771,1.32586590688,2.68071263034,1.91871191573
sh600236,2014-04-01,2.96,2.99,2.92,2.97,-0.019802,5712484.0,16894467.0,3350843790.0,6772935060.0,0.00506322542717,12.9107506406,2013-12-31,2014-04-01,30.0567739063,1.3699015562,2.83253427891,1.95349498011
sh600236,2014-04-02,2.97,2.98,2.95,2.97,0.0,4629312.0,13727198.0,3350843790.0,6772935060.0,0.00410316251716,12.9107506406,2013-12-31,2014-04-01,30.0567739063,1.3699015562,2.83253427891,1.95349498011
sh600236,2014-04-03,2.97,2.97,2.9,2.96,-0.003367,7967551.0,23395739.0,3339561490.0,6750130560.0,0.00706199033335,12.8672801432,2013-12-31,2014-04-01,29.9555727485,1.36528909766,2.82299713599,1.94691756251
sh600236,2014-04-04,2.95,3.1,2.93,3.07,0.037162,12928297.0,39281341.0,3463666820.0,7000980010.0,0.0114589173418,13.3454540079,2013-12-31,2014-04-01,31.068781743,1.41602597111,2.92790535556,2.01926891297
sh600236,2014-04-08,3.05,3.06,2.98,3.04,-0.009772,9448996.0,28609976.0,3429819910.0,6932566520.0,0.0083750600888,13.2150422313,2013-12-31,2014-04-01,30.7651776078,1.40218856532,2.89929386443,1.99953661715
sh600236,2014-04-09,3.04,3.05,3.01,3.04,0.0,4465603.0,13544801.0,3429819910.0,6932566520.0,0.00395806003704,13.2150422313,2013-12-31,2014-04-01,30.7651776078,1.40218856532,2.89929386443,1.99953661715
sh600236,2014-04-10,3.03,3.06,3.02,3.04,0.0,5138304.0,15623417.0,3429819910.0,6932566520.0,0.00455430447367,13.2150422313,2013-12-31,2014-04-01,30.7651776078,1.40218856532,2.89929386443,1.99953661715
sh600236,2014-04-11,3.01,3.05,2.99,3.01,-0.009868,5297248.0,15948089.0,3395973000.0,6864153040.0,0.00469518352472,13.0846361946,2013-12-31,2014-04-01,30.4615868352,1.38835176855,2.87068363257,1.97980518981
sh600236,2014-04-14,3.01,3.01,2.97,2.99,-0.006645,4296809.0,12819432.0,3373408400.0,6818544050.0,0.00380845050069,12.9976887871,2013-12-31,2014-04-01,30.2591695907,1.37912617105,2.85160793983,1.96664938433
sh600236,2014-04-15,2.99,2.99,2.96,2.98,-0.003344,3514231.0,10454573.0,3362126100.0,6795739550.0,0.0031148172521,12.9542245158,2013-12-31,2014-04-01,30.1579829275,1.37451437314,2.84207216288,1.96007290879
sh600236,2014-04-16,2.96,2.99,2.96,2.99,0.003356,3395393.0,10111711.0,3373408400.0,6818544050.0,0.00300948591638,12.9976988933,2013-12-31,2014-04-01,30.2591931183,1.37912724337,2.85161015706,1.96665091347
sh600236,2014-04-17,2.99,3.0,2.97,2.97,-0.006689,2050549.0,6114034.0,3350843790.0,6772935060.0,0.00181749162649,12.9107572854,2013-12-31,2014-04-01,30.0567893755,1.36990226124,2.83253573672,1.95349598551
sh600236,2014-04-18,2.97,3.0,2.96,2.99,0.006734,2597015.0,7740337.0,3373408400.0,6818544050.0,0.00230184843614,12.9976983249,2013-12-31,2014-04-01,30.2591917951,1.37912718307,2.85161003237,1.96665082747
sh600236,2014-04-21,2.97,3.0,2.94,2.95,-0.013378,2932866.0,8708516.0,3328279190.0,6727326070.0,0.00259952792602,12.8238151167,2013-12-31,2014-04-01,29.8543843273,1.36067721961,2.81346119336,1.9403409727
sh600236,2014-04-22,2.94,2.96,2.91,2.93,-0.00678,2835050.0,8305307.0,3305714590.0,6681717080.0,0.0025128293063,12.7368696502,2013-12-31,2014-04-01,29.6519716016,1.35145182806,2.79438592647,1.92718546091
sh600236,2014-04-23,2.93,2.96,2.91,2.94,0.003413,3426270.0,10031364.0,3316996890.0,6704521570.0,0.00303685355581,12.7803405864,2013-12-31,2014-04-01,29.7531737806,1.35606433315,2.80392316564,1.93376294489
sh600236,2014-04-24,2.91,2.92,2.85,2.86,-0.027211,7923996.0,22800278.0,3226738470.0,6522085610.0,0.00702338561699,12.4325747387,2014-03-31,2014-04-24,63.8107987506,1.34976140843,3.06875513695,1.90794626263
sh600236,2014-04-25,2.85,2.87,2.83,2.83,-0.01049,3539586.0,10061905.0,3192891560.0,6453672120.0,0.00313729050667,12.3021570296,2014-03-31,2014-04-24,63.1414234717,1.33560241126,3.03656389556,1.88793190633
sh600236,2014-04-28,2.83,2.83,2.76,2.77,-0.021201,3996813.0,11113290.0,3125197750.0,6316845150.0,0.00354255087058,12.0413389985,2014-03-31,2014-04-24,61.8027621526,1.30728630454,2.97218570441,1.84790586199
sh600236,2014-04-29,2.77,2.8,2.75,2.79,0.00722,2722065.0,7545338.0,3147762350.0,6362454140.0,0.00241268574484,12.128277466,2014-03-31,2014-04-24,62.2489780954,1.31672491166,2.9936448852,1.86124774231
sh600236,2014-04-30,2.8,2.81,2.78,2.81,0.007168,1676469.0,4689307.0,3170326960.0,6408063130.0,0.00148592809178,12.2152129589,2014-03-31,2014-04-24,62.6951787704,1.32616319582,3.01510333173,1.87458916613
sh600236,2014-05-05,2.81,2.81,2.75,2.79,-0.007117,2420748.0,6717331.0,3147762350.0,6362454140.0,0.00214561525587,12.1282772883,2014-03-31,2014-04-24,62.2489771831,1.31672489236,2.99364484132,1.86124771503
sh600236,2014-05-06,2.78,2.81,2.76,2.8,0.003584,2861393.0,7966975.0,3159044660.0,6385258640.0,0.00253617826346,12.1717450341,2014-03-31,2014-04-24,62.4720775173,1.32144403437,3.00437406443,1.86791842684
sh600236,2014-05-07,2.8,2.8,2.77,2.77,-0.010714,1264009.0,3505844.0,3125197750.0,6316845150.0,0.00112034668206,12.0413369578,2014-03-31,2014-04-24,61.8027516788,1.30728608299,2.97218520071,1.84790554882
sh600236,2014-05-08,2.77,2.8,2.75,2.76,-0.00361,2195220.0,6085009.0,3113915450.0,6294040660.0,0.00194571988138,11.9978677314,2014-03-31,2014-04-24,61.5796437452,1.30256678023,2.96145561213,1.84123460979
sh600236,2014-05-09,2.76,2.77,2.73,2.76,0.0,3016267.0,8301381.0,3113915450.0,6294040660.0,0.00267344989088,11.9978677314,2014-03-31,2014-04-24,61.5796437452,1.30256678023,2.96145561213,1.84123460979
sh600236,2014-05-12,2.76,2.82,2.76,2.82,0.021739,4121665.0,11539095.0,3181609260.0,6430867630.0,0.00365321268269,12.258689378,2014-03-31,2014-04-24,62.9183236206,1.33088327946,3.02583469568,1.88126120897
sh600236,2014-05-13,2.81,2.82,2.79,2.81,-0.003546,2284185.0,6405316.0,3170326960.0,6408063130.0,0.0020245734686,12.2152200654,2014-03-31,2014-04-24,62.695215245,1.32616396736,3.01510508585,1.87459025672
sh600236,2014-05-14,2.81,2.82,2.8,2.81,0.0,1374390.0,3859083.0,3170326960.0,6408063130.0,0.00121818220919,12.2152200654,2014-03-31,2014-04-24,62.695215245,1.32616396736,3.01510508585,1.87459025672
sh600236,2014-05-15,2.82,2.82,2.76,2.77,-0.014235,2249720.0,6285177.0,3125197750.0,6316845150.0,0.00199402562606,12.0413364078,2014-03-31,2014-04-24,61.802748856,1.30728602328,2.97218506496,1.84790546442
sh600236,2014-05-16,2.76,2.78,2.74,2.78,0.00361,1395990.0,3848883.0,3136480050.0,6339649650.0,0.00123732723886,12.0848056322,2014-03-31,2014-04-24,62.0258567794,1.31200532582,2.98291465304,1.85457640314
sh600236,2014-05-19,2.77,2.77,2.73,2.75,-0.010791,1495106.0,4103819.0,3102633140.0,6271236160.0,0.0013251781034,11.9543984947,2014-03-31,2014-04-24,61.3565357589,1.29784747635,2.95072602102,1.83456366918
sh600236,2014-05-20,2.76,2.77,2.74,2.76,0.003636,1332603.0,3673007.0,3113915450.0,6294040660.0,0.00118114455548,11.9978646876,2014-03-31,2014-04-24,61.5796281229,1.30256644978,2.96145486083,1.84123414268
sh600236,2014-05-21,2.76,2.77,2.74,2.77,0.003623,2377560.0,6548032.0,3125197750.0,6316845150.0,0.00210733583179,12.0413329514,2014-03-31,2014-04-24,61.8027311156,1.30728564802,2.97218421179,1.84790493398
sh600236,2014-05-22,2.76,2.79,2.76,2.76,-0.00361,2433496.0,6754293.0,3113915450.0,6294040660.0,0.00215691436323,11.9978637394,2014-03-31,2014-04-24,61.5796232563,1.30256634684,2.96145462679,1.84123399716
sh600236,2014-05-23,2.77,2.78,2.75,2.78,0.007246,940573.0,2599859.0,3136480050.0,6339649650.0,0.000833671153113,12.0848002601,2014-03-31,2014-04-24,62.0258292064,1.31200474258,2.98291332701,1.85457557871
sh600236,2014-05-26,2.79,2.8,2.77,2.78,0.0,1606450.0,4473928.0,3136480050.0,6339649650.0,0.00142386717875,12.0848002601,2014-03-31,2014-04-24,62.0258292064,1.31200474258,2.98291332701,1.85457557871
sh600236,2014-05-27,2.78,2.8,2.78,2.79,0.003597,2025583.0,5649321.0,3147762350.0,6362454140.0,0.0017953631633,12.1282692866,2014-03-31,2014-04-24,62.248936114,1.31672402364,2.99364286625,1.86124648706
sh600236,2014-05-28,2.8,2.8,2.77,2.8,0.003584,2576662.0,7172368.0,3159044660.0,6385258640.0,0.00228380867525,12.1717370037,2014-03-31,2014-04-24,62.4720363011,1.32144316254,3.00437208228,1.86791719447
sh600236,2014-05-29,2.8,2.8,2.77,2.77,-0.010714,1590979.0,4425880.0,3125197750.0,6316845150.0,0.00141015455102,12.0413290135,2014-03-31,2014-04-24,61.8027109041,1.3072852205,2.97218323979,1.84790432965
sh600236,2014-05-30,2.77,2.78,2.76,2.77,0.0,912834.0,2528342.0,3125197750.0,6316845150.0,0.00080908485871,12.0413290135,2014-03-31,2014-04-24,61.8027109041,1.3072852205,2.97218323979,1.84790432965
sh600236,2014-06-03,2.76,2.81,2.76,2.8,0.01083,2621032.0,7330407.0,3159044660.0,6385258640.0,0.00232313575459,12.1717366067,2014-03-31,2014-04-24,62.4720342632,1.32144311944,3.00437198428,1.86791713354
sh600236,2014-06-04,2.8,2.81,2.78,2.8,0.0,3856848.0,10767158.0,3159044660.0,6385258640.0,0.00341849374171,12.1717366067,2014-03-31,2014-04-24,62.4720342632,1.32144311944,3.00437198428,1.86791713354
sh600236,2014-06-05,2.8,2.81,2.78,2.8,0.0,2209029.0,6168886.0,3159044660.0,6385258640.0,0.00195795940409,12.1717366067,2014-03-31,2014-04-24,62.4720342632,1.32144311944,3.00437198428,1.86791713354
sh600236,2014-06-06,2.81,2.81,2.79,2.81,0.003571,1965615.0,5504924.0,3170326960.0,6408063130.0,0.00174221088856,12.2152018781,2014-03-31,2014-04-24,62.6951218976,1.32616199282,3.01510059664,1.87458746563
sh600236,2014-06-09,2.81,2.81,2.79,2.79,-0.007117,1750100.0,4893640.0,3147762350.0,6362454140.0,0.00155119048298,12.1282662863,2014-03-31,2014-04-24,62.248920715,1.31672369792,2.99364212569,1.86124602663
sh600236,2014-06-10,2.79,2.8,2.77,2.79,0.0,2075237.0,5784402.0,3147762350.0,6362454140.0,0.00183937368398,12.1282662863,2014-03-31,2014-04-24,62.248920715,1.31672369792,2.99364212569,1.86124602663
sh600236,2014-06-11,2.79,2.8,2.78,2.79,0.0,2980764.0,8300819.0,3147762350.0,6362454140.0,0.00264198202892,12.1282662863,2014-03-31,2014-04-24,62.248920715,1.31672369792,2.99364212569,1.86124602663
sh600236,2014-06-12,2.79,2.79,2.76,2.78,-0.003584,2393768.0,6640924.0,3136480050.0,6339649650.0,0.0021217016955,12.08479858,2014-03-31,2014-04-24,62.0258205832,1.31200456018,2.98291291231,1.85457532087
sh600236,2014-06-13,2.78,2.79,2.76,2.79,0.003597,4620632.0,12825304.0,3147762350.0,6362454140.0,0.00409546904963,12.1282676005,2014-03-31,2014-04-24,62.2489274598,1.31672384059,2.99364245006,1.8612462283
sh600236,2014-06-16,2.79,2.79,2.78,2.78,-0.003584,3651798.0,10165298.0,3136480050.0,6339649650.0,0.00323674892815,12.0847998894,2014-03-31,2014-04-24,62.0258273038,1.31200470234,2.98291323552,1.85457552182
sh600236,2014-06-17,2.78,2.8,2.77,2.78,0.0,1990795.0,5539693.0,3136480050.0,6339649650.0,0.00176452902992,12.0847998894,2014-03-31,2014-04-24,62.0258273038,1.31200470234,2.98291323552,1.85457552182
sh600236,2014-06-18,2.78,2.8,2.77,2.78,0.0,2440702.0,6782756.0,3136480050.0,6339649650.0,0.00216330136071,12.0847998894,2014-03-31,2014-04-24,62.0258273038,1.31200470234,2.98291323552,1.85457552182
sh600236,2014-06-19,2.79,2.79,2.72,2.73,-0.017986,3202208.0,8801164.0,3080068540.0,6225627170.0,0.00283825756683,11.8674426786,2014-03-31,2014-04-24,60.9102307739,1.28840698576,2.92926255806,1.82121912649
sh600236,2014-06-20,2.73,2.74,2.71,2.74,0.003663,1778296.0,4845006.0,3091350840.0,6248431670.0,0.00157618183512,11.9109131211,2014-03-31,2014-04-24,61.1333449492,1.29312642055,2.93999244681,1.82789025215
sh600236,2014-06-23,2.7,2.71,2.69,2.7,0.003649,1504231.0,4060557.0,3046221630.0,6157213690.0,0.00133326599089,11.9543760431,2014-03-31,2014-04-24,61.356420525,1.29784503886,2.95072047925,1.83456022368
sh600236,2014-06-24,2.7,2.71,2.69,2.71,0.003704,1623995.0,4386104.0,3057503930.0,6180018180.0,0.00143941808441,11.9986550519,2014-03-31,2014-04-24,61.5836847066,1.30265225689,2.96164994791,1.84135543474
sh600236,2014-06-25,2.71,2.72,2.7,2.71,0.0,1408263.0,3814582.0,3057503930.0,6180018180.0,0.00124820533918,11.9986550519,2014-03-31,2014-04-24,61.5836847066,1.30265225689,2.96164994791,1.84135543474
sh600236,2014-06-26,2.71,2.73,2.71,2.72,0.00369,2150800.0,5857972.0,3068786240.0,6202822680.0,0.00190634848519,12.0429300891,2014-03-31,2014-04-24,61.8109285032,1.30745904371,2.97257843621,1.8481500363
sh600236,2014-06-27,2.73,2.74,2.71,2.73,0.003676,2791640.0,7611499.0,3080068540.0,6225627170.0,0.00247435311943,12.0871999001,2014-03-31,2014-04-24,62.0381454763,1.31226526316,2.98350563455,1.85494383583
sh600236,2014-06-30,2.73,2.76,2.72,2.75,0.007326,2910275.0,7999709.0,3102633140.0,6271236160.0,0.00257950453337,12.1757507266,2014-03-31,2014-04-24,62.4926369301,1.32187891848,3.00536279682,1.86853315437
sh600236,2014-07-01,2.74,2.76,2.73,2.75,0.0,2489841.0,6832710.0,3102633140.0,6271236160.0,0.00220685541636,12.1757507266,2014-03-31,2014-04-24,62.4926369301,1.32187891848,3.00536279682,1.86853315437
sh600236,2014-07-02,2.75,2.78,2.73,2.77,0.007273,3071535.0,8475396.0,3125197750.0,6316845150.0,0.00272243634823,12.2643049616,2014-03-31,2014-04-24,62.9471458785,1.33149294385,3.02722080044,1.88212299601
sh600236,2014-07-03,2.77,2.8,2.76,2.8,0.01083,3453736.0,9624527.0,3159044660.0,6385258640.0,0.00306119787493,12.3971273843,2014-03-31,2014-04-24,63.6288634684,1.34591301243,3.06000560171,1.90250638805
sh600236,2014-07-04,2.8,2.8,2.77,2.78,-0.007143,2041845.0,5679186.0,3136480050.0,6339649650.0,0.00180977688667,12.3085747034,2014-03-31,2014-04-24,63.1743624966,1.33629915578,3.0381479817,1.88891678492
sh600236,2014-07-07,2.83,2.92,2.83,2.84,0.021583,14678575.0,42105852.0,3204173860.0,6476476620.0,0.0130102656165,12.5742306712,2014-03-31,2014-04-24,64.5378547624,1.36514050046,3.10372032959,1.92968527589
sh600236,2014-07-08,2.82,2.86,2.8,2.85,0.003521,5776710.0,16334891.0,3215456170.0,6499281110.0,0.00512015173884,12.6185045374,2014-03-31,2014-04-24,64.765092549,1.36994716017,3.11464852887,1.93647969775
sh600236,2014-07-09,2.85,2.85,2.8,2.8,-0.017544,5417343.0,15300609.0,3159044660.0,6385258640.0,0.00480162898362,12.3971254938,2014-03-31,2014-04-24,63.6288537653,1.34591280719,3.06000513508,1.90250609793
sh600236,2014-07-10,2.81,2.97,2.81,2.89,0.032143,9564451.0,27573518.0,3260585380.0,6590499100.0,0.00847739291219,12.7956062986,2014-03-31,2014-04-24,65.6740760119,1.38917448255,3.15836288014,1.96365835144
sh600236,2014-07-11,2.87,2.92,2.87,2.89,0.0,7369422.0,21415417.0,3260585380.0,6590499100.0,0.00653184232213,12.7956062986,2014-03-31,2014-04-24,65.6740760119,1.38917448255,3.15836288014,1.96365835144
sh600236,2014-07-14,2.89,2.92,2.89,2.9,0.00346,4031942.0,11706740.0,3271867680.0,6613303590.0,0.00357368724642,12.8398790964,2014-03-31,2014-04-24,65.9013083149,1.39398102626,3.1692908157,1.97045260933
sh600236,2014-07-15,2.89,2.92,2.88,2.91,0.003448,4047116.0,11747666.0,3283149980.0,6636108090.0,0.00358713663151,12.8841509995,2014-03-31,2014-04-24,66.128536026,1.39878747284,3.18021853043,1.97724672993
sh600236,2014-07-16,2.92,2.96,2.9,2.96,0.017182,9247045.0,27145468.0,3339561490.0,6750130560.0,0.00819606205245,13.105526482,2014-03-31,2014-04-24,67.2647565319,1.4228214392,3.23486104522,2.01121978324
sh600236,2014-07-17,2.97,2.97,2.9,2.92,-0.013514,5112744.0,14954998.0,3294432280.0,6658912580.0,0.00453164952597,12.9284183971,2014-03-31,2014-04-24,66.3557406122,1.40359343027,3.19114513306,1.98404015909
sh600236,2014-07-18,2.91,2.94,2.9,2.93,0.003425,3991765.0,11665600.0,3305714590.0,6681717080.0,0.00353807660388,12.9726982301,2014-03-31,2014-04-24,66.5830090238,1.40840073777,3.20207480514,1.99083549664
sh600236,2014-07-21,2.92,2.93,2.9,2.91,-0.006826,1954375.0,5690393.0,3283149980.0,6636108090.0,0.00173224838483,12.884146592,2014-03-31,2014-04-24,66.1285134042,1.39878699433,3.18021744252,1.97724605354
sh600236,2014-07-22,2.9,2.91,2.89,2.9,-0.003436,4587913.0,13307828.0,3271867680.0,6613303590.0,0.00406646875769,12.8398766643,2014-03-31,2014-04-24,65.9012958321,1.39398076222,3.16929021539,1.9704522361
sh600236,2014-07-23,2.9,2.94,2.89,2.91,0.003448,5029905.0,14640772.0,3283149980.0,6636108090.0,0.00445822567935,12.884148559,2014-03-31,2014-04-24,66.1285235001,1.39878720788,3.18021792805,1.97724635541
sh600236,2014-07-24,2.91,2.92,2.89,2.91,0.0,4941777.0,14338749.0,3283149980.0,6636108090.0,0.00438011396299,12.884148559,2014-03-31,2014-04-24,66.1285235001,1.39878720788,3.18021792805,1.97724635541
sh600236,2014-07-25,2.91,2.93,2.9,2.93,0.006873,3695589.0,10772057.0,3305714590.0,6681717080.0,0.00327556280955,12.9727013121,2014-03-31,2014-04-24,66.5830248422,1.40840107236,3.20207556587,1.99083596961
sh600236,2014-07-28,2.94,3.0,2.93,2.98,0.017065,9004225.0,26749857.0,3362126100.0,6795739550.0,0.00798084001073,13.19408046,2014-03-31,2014-04-24,67.7192641611,1.43243543666,3.2567189854,2.02480958543
sh600236,2014-07-29,2.99,3.0,2.96,2.99,0.003356,7698789.0,22946111.0,3373408400.0,6818544050.0,0.00682377476442,13.238359794,2014-03-31,2014-04-24,67.9465300116,1.43724268999,3.26764853432,2.0316048464
sh600236,2014-07-30,2.98,2.99,2.97,2.98,-0.003344,4304310.0,12826164.0,3362126100.0,6795739550.0,0.00381509896372,13.1940907188,2014-03-31,2014-04-24,67.7193168153,1.43243655043,3.25672151762,2.02481115979
sh600236,2014-07-31,2.98,2.99,2.97,2.99,0.003356,3218001.0,9589112.0,3373408400.0,6818544050.0,0.00285225559704,13.2383700873,2014-03-31,2014-04-24,67.9465828425,1.4372438075,3.26765107503,2.03160642604
sh600236,2014-08-01,2.98,3.04,2.98,3.0,0.003344,7769699.0,23432564.0,3384690700.0,6841348540.0,0.00688662541602,13.2826391969,2014-03-31,2014-04-24,68.1737962155,1.44204995079,3.27857810023,2.03840011793
sh600236,2014-08-04,2.99,3.05,2.99,3.03,0.01,6647681.0,20069689.0,3418537610.0,6909762030.0,0.00589213158606,13.4154655888,2014-03-31,2014-04-24,68.8555341777,1.4564704503,3.31136388123,2.05878411911
sh600236,2014-08-05,3.04,3.05,3.01,3.03,0.0,5889854.0,17821350.0,3418537610.0,6909762030.0,0.00522043623794,13.4154655888,2014-03-31,2014-04-24,68.8555341777,1.4564704503,3.31136388123,2.05878411911
sh600236,2014-08-06,3.03,3.03,2.99,3.03,0.0,6797159.0,20486517.0,3418537610.0,6909762030.0,0.0060246205014,13.4154655888,2014-03-31,2014-04-24,68.8555341777,1.4564704503,3.31136388123,2.05878411911
sh600236,2014-08-07,3.03,3.03,3.0,3.02,-0.0033,5770223.0,17399178.0,3407255310.0,6886957530.0,0.00511440202583,13.3711945524,2014-03-31,2014-04-24,68.6283109149,1.45166409781,3.30043638042,2.05199013152
sh600236,2014-08-08,3.01,3.03,3.01,3.03,0.003311,3780171.0,11421551.0,3418537610.0,6909762030.0,0.00335053155375,13.4154665776,2014-03-31,2014-04-24,68.8555392523,1.45647055764,3.31136412528,2.05878427084
sh600236,2014-08-11,3.03,3.15,3.03,3.12,0.029703,11051530.0,34200879.0,3520078330.0,7115002480.0,0.00979545634145,13.8139461813,2014-03-31,2014-04-24,70.9007553347,1.49973210261,3.40972157389,2.11993634004
sh600236,2014-08-12,3.14,3.17,3.11,3.15,0.009615,9052526.0,28488084.0,3553925240.0,7183415970.0,0.00802365130787,13.9467672738,2014-03-31,2014-04-24,71.5824660973,1.51415202678,3.44250604682,2.14031952795
sh600236,2014-08-13,3.14,3.47,3.14,3.35,0.063492,45747081.0,153836188.0,3779571280.0,7639505870.0,0.0405476468088,14.8322754216,2014-03-31,2014-04-24,76.1273800347,1.61028856726,3.66107764075,2.27621269542
sh600236,2014-08-14,3.32,3.46,3.28,3.34,-0.002985,22900205.0,77447096.0,3768288980.0,7616701380.0,0.0202974573091,14.7880010795,2014-03-31,2014-04-24,75.9001398053,1.60548185589,3.65014932399,2.26941820052
sh600236,2014-08-15,3.34,3.35,3.26,3.32,-0.005988,10742370.0,35586830.0,3745724380.0,7571092390.0,0.00952143424925,14.699450529,2014-03-31,2014-04-24,75.4456497682,1.59586823054,3.62829222984,2.25582892434
sh600236,2014-08-18,3.31,3.55,3.31,3.46,0.042169,22737876.0,78518023.0,3903676610.0,7890355320.0,0.0201535779779,15.3193116583,2014-03-31,2014-04-24,78.6271173732,1.66316439795,3.78129368488,2.35095497425
sh600236,2014-08-19,3.48,3.51,3.4,3.43,-0.008671,9840426.0,33799899.0,3869829700.0,7821941830.0,0.00872200168912,15.186477907,2014-06-30,2014-08-19,33.0809663886,1.56063664875,3.40680646161,2.21095758313
sh600236,2014-08-20,3.42,3.54,3.42,3.5,0.020408,10982461.0,38125405.0,3948805820.0,7981573300.0,0.00973423745106,15.4964035481,2014-06-30,2014-08-19,33.7560827506,1.59248612148,3.47633256788,2.25607880549
sh600236,2014-08-21,3.49,3.52,3.35,3.48,-0.005714,9935777.0,34202353.0,3926241210.0,7935964310.0,0.00880651547132,15.4078570982,2014-06-30,2014-08-19,33.5632004938,1.58338665578,3.45646880359,2.2431875712
sh600236,2014-08-22,3.45,3.5,3.43,3.5,0.005747,8493078.0,29390540.0,3948805820.0,7981573300.0,0.00752778798325,15.496406053,2014-06-30,2014-08-19,33.756088207,1.59248637889,3.4763331298,2.25607917017
sh600236,2014-08-25,3.51,3.61,3.45,3.54,0.011429,11912186.0,42131171.0,3993935030.0,8072791280.0,0.0105582935434,15.6735144777,2014-06-30,2014-08-19,34.1418865392,1.61068690572,3.51606414114,2.281863899
sh600236,2014-08-26,3.54,3.58,3.4,3.47,-0.019774,11227783.0,39120485.0,3914958910.0,7913159810.0,0.0099516771199,15.3635864025,2014-06-30,2014-08-19,33.4667648747,1.57883718284,3.44653748881,2.23674232226
sh600236,2014-08-27,3.43,3.46,3.35,3.37,-0.028818,8322873.0,28203677.0,3802135890.0,7685114860.0,0.00737692781675,14.9208385695,2014-06-30,2014-08-19,32.5023196446,1.53333825291,3.34721517146,2.17228388202
sh600236,2014-08-28,3.36,3.41,3.3,3.3,-0.020772,6603086.0,22136577.0,3723159770.0,7525483400.0,0.00585260508442,14.6109029107,2014-06-30,2014-08-19,31.8271814609,1.50148775072,3.27768681792,2.12716120122
sh600236,2014-08-29,3.3,3.38,3.3,3.38,0.024242,3069820.0,10277728.0,3813418190.0,7707919360.0,0.00272091627066,14.9651004191,2014-06-30,2014-08-19,32.5987359939,1.53788681677,3.35714450176,2.17872784306
sh600236,2014-09-01,3.37,3.46,3.35,3.45,0.02071,5245768.0,18008549.0,3892394310.0,7867550820.0,0.00464955453087,15.2750276488,2014-06-30,2014-08-19,33.2738558163,1.56973645275,3.42667096439,2.22384929669
sh600236,2014-09-02,3.47,3.48,3.38,3.43,-0.005797,15089896.0,51515096.0,3869829700.0,7821941830.0,0.0133748374715,15.1864783135,2014-06-30,2014-08-19,33.0809672742,1.56063669053,3.40680655281,2.21095764232
sh600236,2014-09-03,3.43,3.43,3.38,3.4,-0.008746,12188793.0,41431905.0,3835982800.0,7753528350.0,0.010803462466,15.0536573742,2014-06-30,2014-08-19,32.7916411344,1.54698736204,3.3770106227,2.19162060678
sh600236,2014-09-04,3.41,3.45,3.37,3.44,0.011765,11781478.0,40103043.0,3881112000.0,7844746330.0,0.0104424413209,15.2307636532,2014-06-30,2014-08-19,33.1774347923,1.56518766835,3.41674115267,2.21740502322
sh600236,2014-09-05,3.41,3.44,3.39,3.44,0.0,8019107.0,27394102.0,3881112000.0,7844746330.0,0.00710768668361,15.2307636532,2014-06-30,2014-08-19,33.1774347923,1.56518766835,3.41674115267,2.21740502322
sh600236,2014-09-09,3.43,3.53,3.4,3.51,0.020349,14253495.0,49706483.0,3960088120.0,8004377790.0,0.0126334985318,15.5406944628,2014-06-30,2014-08-19,33.8525624129,1.59703767221,3.48626841839,2.26252699804
sh600236,2014-09-10,3.51,3.59,3.43,3.57,0.017094,14861807.0,52405053.0,4027781940.0,8141204760.0,0.0131726721507,15.8063470939,2014-06-30,2014-08-19,34.4312381148,1.62433743418,3.54586269073,2.30120263454
sh600236,2014-09-11,3.54,3.63,3.5,3.55,-0.005602,11340080.0,40626814.0,4005217330.0,8095595770.0,0.010051210879,15.7177999375,2014-06-30,2014-08-19,34.2383543189,1.61523789588,3.52599876794,2.28831129738
sh600236,2014-09-12,3.51,3.91,3.51,3.91,0.101408,36958832.0,142894758.0,4411380210.0,8916557600.0,0.0327582357994,17.3117105935,2014-06-30,2014-08-19,37.7103973536,1.77903594042,3.883563251,2.52036436943
sh600236,2014-09-15,4.06,4.19,3.92,4.11,0.051151,63339381.0,255455969.0,4637026260.0,9372647500.0,0.0561404748029,18.1972219021,2014-06-30,2014-08-19,39.6393218887,1.87003540781,4.08221139485,2.64928352729
sh600236,2014-09-16,4.05,4.39,3.97,4.08,-0.007299,65209219.0,273571118.0,4603179350.0,9304234020.0,0.0577977943701,18.0644003794,2014-06-30,2014-08-19,39.3499944782,1.85638601937,4.05241533388,2.62994640682
sh600236,2014-09-17,4.01,4.05,3.84,3.92,-0.039216,46179546.0,181595580.0,4422662520.0,8939362090.0,0.0409309594619,17.3559868542,2014-06-30,2014-08-19,37.8068450948,1.78358598523,3.89349581415,2.52681042853
sh600236,2014-09-18,3.94,4.02,3.89,3.98,0.015306,20634515.0,81573154.0,4490356330.0,9076189070.0,0.0182892767666,17.621637589,2014-06-30,2014-08-19,38.3855166658,1.81088555232,3.95308966108,2.56548578895
sh600236,2014-09-19,3.98,4.0,3.92,3.98,0.0,14416951.0,57181883.0,4490356330.0,9076189070.0,0.0127783767619,17.621637589,2014-06-30,2014-08-19,38.3855166658,1.81088555232,3.95308966108,2.56548578895
sh600236,2014-09-22,3.98,3.99,3.86,3.89,-0.022613,12547182.0,49013565.0,4388815610.0,8870948610.0,0.0111211183876,17.2231594982,2014-06-30,2014-08-19,37.5175049774,1.76993599733,3.86369844457,2.50747245881
sh600236,2014-09-23,3.88,3.92,3.82,3.89,0.0,10804974.0,41747701.0,4388815610.0,8870948610.0,0.00957692293206,17.2231594982,2014-06-30,2014-08-19,37.5175049774,1.76993599733,3.86369844457,2.50747245881
sh600236,2014-09-24,3.86,3.94,3.85,3.91,0.005141,11741067.0,45734658.0,4411380210.0,8916557600.0,0.0104066232754,17.3117037611,2014-06-30,2014-08-19,37.7103824705,1.77903523829,3.88356171828,2.52036337472
sh600236,2014-09-25,3.93,4.07,3.9,4.03,0.030691,26021754.0,104000360.0,4546767840.0,9190211540.0,0.0230642232703,17.8430172613,2014-06-30,2014-08-19,38.8677518189,1.83363560879,4.00275211097,2.59771584705
sh600236,2014-09-26,4.03,4.04,3.98,4.03,0.0,10010869.0,40111357.0,4546767840.0,9190211540.0,0.00887307280461,17.8430172613,2014-06-30,2014-08-19,38.8677518189,1.83363560879,4.00275211097,2.59771584705
sh600236,2014-09-29,4.03,4.13,4.01,4.08,0.012407,13525920.0,54972989.0,4603179350.0,9304234020.0,0.0119886168676,18.0643955764,2014-06-30,2014-08-19,39.3499840157,1.85638552579,4.05241425641,2.62994570756
sh600236,2014-09-30,4.1,4.18,4.08,4.12,0.009804,12787638.0,52858095.0,4648308560.0,9395452000.0,0.0113342451087,18.2414989107,2014-06-30,2014-08-19,39.735771259,1.87458552948,4.09214412578,2.65572969528
sh600236,2014-10-08,4.15,4.16,4.02,4.13,0.002427,10722808.0,43837165.0,4659590870.0,9418256490.0,0.00950409559026,18.2857710285,2014-06-30,2014-08-19,39.8322099759,1.87913514856,4.10207575958,2.66217515125
sh600236,2014-10-09,4.13,4.15,4.06,4.1,-0.007264,14050575.0,57567213.0,4625743960.0,9349843010.0,0.0124536416192,18.1529431878,2014-06-30,2014-08-19,39.5428688026,1.86548511084,4.07227828126,2.64283711095
sh600236,2014-10-10,4.07,4.08,3.97,4.01,-0.021951,14486057.0,58278972.0,4524203240.0,9144602550.0,0.0128396284359,17.7544679319,2014-06-30,2014-08-19,38.6748632895,1.82453584717,3.98288770071,2.58482419353
sh600236,2014-10-13,3.98,3.99,3.92,3.96,-0.012469,10339221.0,40826801.0,4467791730.0,9030580080.0,0.00916410558824,17.5330874712,2014-06-30,2014-08-19,38.1926264192,1.8017857097,3.93322507397,2.55259402066
sh600236,2014-10-14,3.96,4.02,3.95,4.0,0.010101,8743057.0,34883086.0,4512920940.0,9121798060.0,0.00774935534324,17.7101891878,2014-06-30,2014-08-19,38.5784101386,1.81998554715,3.97295458044,2.57837777286
sh600236,2014-10-15,3.99,4.02,3.94,3.99,-0.0025,7129953.0,28292520.0,4501638630.0,9098993560.0,0.00631959044434,17.6659137148,2014-06-30,2014-08-19,38.4819641133,1.81543558328,3.96302219399,2.57193182843
sh600236,2014-10-16,3.99,3.99,3.92,3.92,-0.017544,9436676.0,37249490.0,4422662520.0,8939362090.0,0.00836414032333,17.3559829246,2014-06-30,2014-08-19,37.8068365349,1.78358558141,3.89349493262,2.52680985643
sh600236,2014-10-17,3.91,3.93,3.81,3.87,-0.012755,10991218.0,42499981.0,4366251010.0,8825339620.0,0.0097419991573,17.1346073624,2014-06-30,2014-08-19,37.3246103349,1.76083594732,3.84383340475,2.49458039672
sh600236,2014-10-20,3.86,3.91,3.86,3.91,0.010336,3256770.0,12667685.0,4411380210.0,8916557600.0,0.00288661826771,17.3117106641,2014-06-30,2014-08-19,37.7103975073,1.77903594767,3.88356326682,2.5203643797
sh600236,2014-10-21,3.92,4.02,3.91,4.01,0.025575,16628010.0,66331758.0,4524203240.0,9144602550.0,0.014738135438,17.7544576643,2014-06-30,2014-08-19,38.6748409235,1.82453479203,3.98288539737,2.58482269871
sh600236,2014-10-22,4.02,4.03,3.91,3.92,-0.022444,7263690.0,28784292.0,4422662520.0,8939362090.0,0.00643812741109,17.3559766165,2014-06-30,2014-08-19,37.8068227938,1.78358493316,3.89349351751,2.52680893806
sh600236,2014-10-23,3.9,3.9,3.72,3.73,-0.048469,9786664.0,37191269.0,4208298770.0,8506076690.0,0.00867435006759,16.5147497859,2014-06-30,2014-08-19,35.9743638999,1.69713635503,3.70477978021,2.40433703564
sh600236,2014-10-24,3.73,3.78,3.72,3.74,0.002681,4031121.0,15122346.0,4219581080.0,8528881180.0,0.0035729595555,16.55902583,2014-06-30,2014-08-19,36.0708111695,1.7016863776,3.7147122948,2.41078306323
sh600236,2014-10-27,3.7,3.76,3.68,3.69,-0.013369,4964429.0,18381027.0,4163169560.0,8414858710.0,0.00440019142771,16.3376482137,2014-06-30,2014-08-19,35.5885804949,1.67893653242,3.66505030613,2.37855330446
sh600236,2014-10-28,3.69,3.81,3.68,3.81,0.03252,5591118.0,21013729.0,4298557190.0,8688512650.0,0.00495565340611,16.8689485336,2014-06-30,2014-08-19,36.7459211326,1.73353554845,3.78423774209,2.45590385792
sh600236,2014-10-29,3.82,3.94,3.82,3.93,0.031496,10059211.0,39161487.0,4433944820.0,8962166590.0,0.00891592043538,17.4002529366,2014-06-30,2014-08-19,37.9032706646,1.78813498409,3.90342609401,2.53325500583
sh600236,2014-10-30,3.93,4.19,3.91,4.13,0.050891,35379254.0,143971293.0,4659590870.0,9418256490.0,0.0313581863937,18.2857692088,2014-09-30,2014-10-30,23.9289894203,1.77012390867,3.31195664464,2.44578557981
sh600236,2014-10-31,4.13,4.14,4.02,4.06,-0.016949,23629015.0,96033171.0,4580614750.0,9258625030.0,0.0209434336079,17.9758437065,2014-09-30,2014-10-30,23.5234169786,1.74012207855,3.25582229147,2.40433196002
sh600236,2014-11-03,4.06,4.16,4.06,4.11,0.012315,19689140.0,80975601.0,4637026260.0,9372647500.0,0.0174513493913,18.1972162218,2014-09-30,2014-10-30,23.8131078587,1.76155168194,3.29591774299,2.43394130811
sh600236,2014-11-04,4.11,4.36,4.07,4.25,0.034063,33425948.0,140450006.0,4794978490.0,9691910430.0,0.0296268855629,18.8170679979,2014-09-30,2014-10-30,24.6242537517,1.82155541688,3.40818658907,2.51684865089
sh600236,2014-11-05,4.4,4.65,4.32,4.33,0.018824,56488984.0,251781816.0,4885236910.0,9874346400.0,0.0500686671345,19.1712804859,2014-09-30,2014-10-30,25.0877807043,1.85584437605,3.47234229342,2.56422580989
sh600236,2014-11-06,4.21,4.33,4.16,4.3,-0.006928,24697288.0,104001581.0,4851390010.0,9805932910.0,0.0218902908612,19.0384618547,2014-09-30,2014-10-30,24.9139725596,1.84298708621,3.44828590602,2.54646085348
sh600236,2014-11-07,4.35,4.73,4.35,4.73,0.1,125352384.0,586296447.0,5336529010.0,10786526200.0,0.111105322431,20.9423080402,2014-09-30,2014-10-30,27.4053698155,2.02728579484,3.79311449662,2.80110693883
sh600236,2014-11-10,4.55,4.76,4.49,4.75,0.004228,69178183.0,321805003.0,5359093610.0,10832135190.0,0.061315661409,21.0308521186,2014-09-30,2014-10-30,27.5212397191,2.03585715918,3.80915178471,2.81295001897
sh600236,2014-11-11,4.75,4.85,4.46,4.51,-0.050526,40511991.0,187354423.0,5088318360.0,10284827310.0,0.0359075565802,19.9682472844,2014-09-30,2014-10-30,26.130701561,1.93299344035,3.61669058163,2.67082290631
sh600236,2014-11-12,4.51,4.6,4.4,4.54,0.006652,24489479.0,109974652.0,5122165260.0,10353240790.0,0.0217061006462,20.1010760654,2014-09-30,2014-10-30,26.3045229878,1.94585171272,3.64074880738,2.68858922028
sh600236,2014-11-13,4.55,4.57,4.36,4.46,-0.017621,25749898.0,114409804.0,5031906840.0,10170804830.0,0.0228232653608,19.746875004,2014-09-30,2014-10-30,25.8410109883,1.91156385969,3.57659517265,2.64121358963
sh600236,2014-11-14,4.43,4.44,4.33,4.38,-0.017937,12795875.0,56083028.0,4941648420.0,9988368870.0,0.0113415459249,19.3926753071,2014-09-30,2014-10-30,25.3775007742,1.87727613874,3.51244178504,2.59383814147
sh600236,2014-11-17,4.45,4.48,4.36,4.38,0.0,11166893.0,49125042.0,4941648420.0,9988368870.0,0.00989770764388,19.3926753071,2014-09-30,2014-10-30,25.3775007742,1.87727613874,3.51244178504,2.59383814147
sh600236,2014-11-18,4.38,4.38,4.29,4.31,-0.015982,12840476.0,55486694.0,4862672310.0,9828737410.0,0.011381077735,19.0827415703,2014-09-30,2014-10-30,24.9719175568,1.84727351149,3.45630594043,2.5523834203
sh600236,2014-11-19,4.31,4.38,4.27,4.35,0.009281,12228318.0,52925871.0,4907801520.0,9919955390.0,0.0108384952169,19.2598484948,2014-09-30,2014-10-30,25.2036819236,1.86441805695,3.48838391586,2.57607209082
sh600236,2014-11-20,4.31,4.6,4.31,4.47,0.027586,21090638.0,94113035.0,5043189150.0,10193609330.0,0.0186935585908,19.7911506754,2014-09-30,2014-10-30,25.8989506932,1.91584989347,3.58461447456,2.64713561552
sh600236,2014-11-21,4.46,4.47,4.39,4.46,-0.002237,11230857.0,49705529.0,5031906840.0,10170804830.0,0.00995440174326,19.7468778714,2014-09-30,2014-10-30,25.8410147405,1.91156413725,3.57659569199,2.64121397315
sh600236,2014-11-24,4.55,4.55,4.46,4.5,0.008969,16723087.0,75317584.0,5077036050.0,10262022810.0,0.0148224063723,19.923987619,2014-09-30,2014-10-30,26.0727828017,1.928708956,3.60867417875,2.66490302127
sh600236,2014-11-25,4.48,4.75,4.47,4.67,0.037778,31334999.0,144270780.0,5268835190.0,10649699230.0,0.0277735856319,20.6766760233,2014-09-30,2014-10-30,27.0577603904,2.00157172294,3.74500267187,2.76557772761
sh600236,2014-11-26,4.67,4.84,4.61,4.75,0.017131,46615479.0,221093140.0,5359093610.0,10832135190.0,0.0413173460596,21.0308881602,2014-09-30,2014-10-30,27.5212868836,2.03586064813,3.80915831264,2.81295483966
sh600236,2014-11-27,4.76,4.78,4.61,4.66,-0.018947,29112767.0,135623619.0,5257552890.0,10626894740.0,0.0258039238137,20.6324159222,2014-09-30,2014-10-30,26.999841061,1.99728719643,3.73698619009,2.75965778431
sh600236,2014-11-28,4.63,4.66,4.51,4.59,-0.015021,20964771.0,96150050.0,5178576770.0,10467263270.0,0.018581997171,20.3224964027,2014-09-30,2014-10-30,26.5942764485,1.96728594545,3.68085292053,2.71820496473
sh600236,2014-12-01,4.59,4.73,4.55,4.62,0.006536,22698967.0,105490610.0,5212423680.0,10535676750.0,0.0201190912286,20.4553242392,2014-09-30,2014-10-30,26.7680966393,1.98014412639,3.70491097522,2.73597115238
sh600236,2014-12-02,4.6,4.75,4.58,4.69,0.015152,23834165.0,111645126.0,5291399800.0,10695308220.0,0.0211252670513,20.765263312,2014-09-30,2014-10-30,27.1736868396,2.01014727019,3.76104778632,2.77742658728
sh600236,2014-12-03,4.7,4.75,4.65,4.7,0.002132,34360721.0,161294771.0,5302682100.0,10718112720.0,0.0304554158923,20.8095348534,2014-09-30,2014-10-30,27.2316211399,2.01443290417,3.7690663402,2.78334806077
sh600236,2015-01-30,5.17,5.17,5.17,5.17,0.1,3572711.0,18470916.0,5834483660.0,11789923990.0,0.0031658184248,22.8904883387,2014-09-30,2014-10-30,29.9547832539,2.21587619459,4.14597297422,3.06168286685
sh600236,2015-02-02,5.55,5.69,5.17,5.29,0.023211,101517689.0,553044137.0,5969906880.0,12063577930.0,0.0899559382759,23.4217994636,2014-09-30,2014-10-30,30.650063728,2.26730889694,4.24220515292,3.13274758787
sh600236,2015-02-03,5.29,5.5,5.01,5.31,0.003781,56383725.0,294843813.0,5992477420.0,12109186920.0,0.0499622374464,23.5103572874,2014-09-30,2014-10-30,30.765951619,2.27588159188,4.25824493061,3.1445925065
sh600236,2015-02-04,5.27,5.48,5.18,5.21,-0.018832,39701911.0,210941061.0,5879624740.0,11881141970.0,0.0351802989913,23.0676102389,2014-09-30,2014-10-30,30.1865672181,2.23302218974,4.17805366207,3.08537354042
sh600236,2015-02-05,5.3,5.32,5.0,5.03,-0.034549,36492539.0,186035177.0,5676489910.0,11470661060.0,0.0323364392574,22.2706473728,2014-09-30,2014-10-30,29.1436515073,2.15587350611,4.0337060861,2.97877696997
sh600236,2015-02-06,4.99,4.99,4.76,4.79,-0.047714,26154373.0,126142648.0,5405643470.0,10923353170.0,0.0231756769319,21.208025704,2014-09-30,2014-10-30,27.7530913193,2.05300815764,3.84124183391,2.83664760562
sh600236,2015-02-09,4.75,4.79,4.6,4.7,-0.018789,15291920.0,71478708.0,5304076060.0,10718112720.0,0.0135503381149,20.8095481091,2014-09-30,2014-10-30,27.2316384865,2.01443418737,3.76906874109,2.78334983376
sh600236,2015-02-10,4.7,4.86,4.65,4.84,0.029787,14564226.0,68993868.0,5462069810.0,11037375650.0,0.012905520488,21.4294021186,2014-09-30,2014-10-30,28.0427873021,2.0744381385,3.88133799168,2.86625747526
sh600236,2015-02-11,4.88,4.88,4.76,4.78,-0.012397,13433508.0,64547605.0,5394358200.0,10900548680.0,0.0119035788613,21.1637418205,2014-09-30,2014-10-30,27.6951408679,2.0487213289,3.8332210446,2.83072448134
sh600236,2015-02-12,4.76,4.82,4.71,4.74,-0.008368,11617417.0,55201247.0,5349217130.0,10809330700.0,0.0102943206906,20.986643629,2014-09-30,2014-10-30,27.4633879291,2.03157762882,3.8011446509,2.80703697888
sh600236,2015-02-13,4.77,4.88,4.76,4.85,0.023207,15297839.0,74045183.0,5473355080.0,11060180140.0,0.0135555830136,21.4736806677,2014-09-30,2014-10-30,28.1007307728,2.07872445085,3.88935781481,2.87217988605
sh600236,2015-02-16,4.87,5.08,4.84,5.02,0.035052,16840090.0,83738384.0,5665204640.0,11447856560.0,0.0149221885478,22.2263761224,2014-09-30,2014-10-30,29.0857175878,2.1515879003,4.02568758494,2.97285553541
sh600236,2015-02-17,5.03,5.07,4.93,4.99,-0.005976,11278572.0,56166144.0,5631348840.0,11379443070.0,0.00999406640914,22.0935512987,2014-09-30,2014-10-30,28.9119013395,2.13873001101,4.00163007593,2.95508975073
sh600236,2015-02-25,4.99,5.05,4.91,4.96,-0.006012,13318483.0,66324154.0,5597493030.0,11311029590.0,0.0118016539415,21.9607248683,2014-09-30,2014-10-30,28.7380829887,2.12587196619,3.97757227591,2.93732375115
sh600236,2015-02-26,4.96,5.02,4.9,5.01,0.010081,15094994.0,74981080.0,5653919370.0,11425052070.0,0.0133758398362,22.1821109357,2014-09-30,2014-10-30,29.0277916033,2.14730288148,4.01767018203,2.96693491189
sh600236,2015-02-27,5.02,5.15,4.98,5.13,0.023952,20666019.0,104079021.0,5789342590.0,11698706010.0,0.0183123862203,22.7134168569,2014-09-30,2014-10-30,29.7230652678,2.19873508009,4.11390141823,3.0379989369
sh600236,2015-03-02,5.09,5.28,5.06,5.24,0.021442,26494806.0,136763639.0,5913480540.0,11949555450.0,0.023477338346,23.2004379411,2014-09-30,2014-10-30,30.3603872332,2.24588035768,4.20211169244,3.1031397101
sh600236,2015-03-03,5.23,5.25,5.14,5.15,-0.017176,17675034.0,91838920.0,5811913130.0,11744315000.0,0.0156620415798,22.801947219,2014-09-30,2014-10-30,29.8389172221,2.20730511666,4.12993622201,3.04984018244
sh600236,2015-03-04,5.21,5.44,5.21,5.24,0.017476,24580197.0,130132602.0,5913480540.0,11949555450.0,0.0217807823005,23.2004340486,2014-12-31,2015-03-04,20.1574124653,2.09516947482,3.7132808608,3.05362195111
sh600236,2015-03-05,5.25,5.3,5.14,5.21,-0.005725,18958745.0,98138113.0,5879624740.0,11881141970.0,0.0167995519813,23.0676115637,2014-12-31,2015-03-04,20.0420112789,2.08317462958,3.69202232787,3.03613996544
sh600236,2015-03-06,5.21,5.28,5.15,5.17,-0.007678,14434633.0,75255119.0,5834483660.0,11789923990.0,0.0127906867101,22.8904984421,2014-12-31,2015-03-04,19.8881287163,2.06718001477,3.66367498044,3.01282848279
sh600236,2015-03-09,5.17,5.22,5.13,5.22,0.009671,15587013.0,80780143.0,5890910010.0,11903946460.0,0.0138118232534,23.1118724525,2014-12-31,2015-03-04,20.0804668091,2.08717171269,3.69910638118,3.04196554705
sh600236,2015-03-10,5.24,5.25,5.19,5.21,-0.001916,15222628.0,79453608.0,5879624740.0,11881141970.0,0.0134889377107,23.0675901049,2014-12-31,2015-03-04,20.0419926347,2.08317269169,3.69201889335,3.03613714106
sh600236,2015-03-11,5.21,5.24,5.14,5.15,-0.011516,14082437.0,72926908.0,5811913130.0,11744315000.0,0.0124786019556,22.8019437373,2014-12-31,2015-03-04,19.8111890475,2.05918287497,3.64950160377,3.00117298574
sh600236,2015-03-12,5.16,5.19,5.12,5.15,0.0,12077746.0,62132524.0,5811913130.0,11744315000.0,0.0107022232626,22.8019437373,2014-12-31,2015-03-04,19.8111890475,2.05918287497,3.64950160377,3.00117298574
sh600236,2015-03-13,5.16,5.21,5.13,5.2,0.009709,18016164.0,93051868.0,5868339470.0,11858337470.0,0.015964320619,23.023327809,2014-12-31,2015-03-04,20.003535882,2.07917548151,3.68493461484,3.03031137426
sh600236,2015-03-16,5.23,5.4,5.22,5.39,0.036538,35008412.0,186279783.0,6082759570.0,12291622880.0,0.0310213380142,23.8645541605,2014-12-31,2015-03-04,20.7344250761,2.15514439525,3.8195747558,3.14103289125
sh600236,2015-03-17,5.41,5.51,5.35,5.45,0.011132,30660943.0,166456976.0,6150471170.0,12428449850.0,0.0271689980704,24.1302143774,2014-12-31,2015-03-04,20.965240696,2.17913546266,3.86209426198,3.1759988694
sh600236,2015-03-18,5.48,5.6,5.4,5.57,0.022018,28670058.0,158982279.0,6285894390.0,12702103790.0,0.0254048530173,24.6615134376,2014-12-31,2015-03-04,21.4268533657,2.22711566728,3.94712985344,3.2459280125
sh600236,2015-03-19,5.57,5.96,5.51,5.8,0.041293,44654716.0,255799358.0,6545455560.0,13226607180.0,0.0395690338779,25.679861312,2014-12-31,2015-03-04,22.3116324217,2.31907995452,4.11011868648,3.37996211792
sh600236,2015-03-20,5.8,5.97,5.7,5.92,0.02069,38925574.0,226557552.0,6680878780.0,13500261120.0,0.0344923782736,26.2111776425,2014-12-31,2015-03-04,22.7732600965,2.36706171878,4.1951570421,3.44989353414
sh600236,2015-03-23,6.11,6.51,6.11,6.51,0.099662,88173986.0,566039514.0,7346709600.0,14845726340.0,0.0781319366237,28.8234360287,2014-12-31,2015-03-04,25.0428887442,2.6029678238,4.61325478323,3.79371682354
sh600236,2015-03-24,6.66,7.15,6.51,6.91,0.061444,100740628.0,690183490.0,7798120330.0,15757906140.0,0.0892673759857,30.5944632321,2014-12-31,2015-03-04,26.5816240002,2.76290457877,4.89671161014,4.02681796005
sh600236,2015-03-25,6.8,6.82,6.6,6.66,-0.036179,46260043.0,309252966.0,7515988630.0,15187793760.0,0.0409915317261,29.4875861468,2014-12-31,2015-03-04,25.6199274255,2.66294545401,4.71955348079,3.88113171307
sh600236,2015-03-26,6.63,6.89,6.53,6.65,-0.001502,36994583.0,247140745.0,7504703360.0,15164989270.0,0.0327813059556,29.4432957924,2014-12-31,2015-03-04,25.5814462945,2.65894570994,4.71246471146,3.87530225324
sh600236,2015-03-27,6.6,6.65,6.45,6.58,-0.010526,27500215.0,179905585.0,7425706480.0,15005357800.0,0.0243682422928,29.1333756609,2014-12-31,2015-03-04,25.3121759908,2.6309576474,4.66286130791,3.83451082172
sh600236,2015-03-30,6.59,6.78,6.59,6.67,0.013678,29789416.0,199333232.0,7527273900.0,15210598260.0,0.0263967283986,29.5318619732,2014-12-31,2015-03-04,25.658395934,2.6669438861,4.72663992488,3.88695926074
sh600236,2015-03-31,6.68,6.75,6.54,6.59,-0.011994,28881623.0,191108964.0,7436991750.0,15028162300.0,0.0255923230747,29.1776568207,2014-12-31,2015-03-04,25.3506491332,2.63495656113,4.66994860562,3.84033907137
sh600236,2015-04-01,6.58,6.8,6.54,6.79,0.030349,34578993.0,231426060.0,7662697110.0,15484252200.0,0.0306408251689,30.0631695275,2014-12-31,2015-03-04,26.1200159837,2.7149248578,4.81167687585,3.95688952185
sh600236,2015-04-02,6.8,6.88,6.69,6.78,-0.001473,28756234.0,194580372.0,7651411850.0,15461447700.0,0.0254812144925,30.0188864788,2014-12-31,2015-03-04,26.0815412002,2.71092577349,4.80458927582,3.95106102358
sh600236,2015-04-03,6.74,6.93,6.68,6.91,0.019174,36757204.0,249765191.0,7798120330.0,15757906140.0,0.0325709618333,30.5944686081,2014-12-31,2015-03-04,26.5816286712,2.76290506427,4.89671247059,4.02681866765
sh600236,2015-04-07,6.91,7.02,6.91,7.01,0.014472,37022087.0,258406724.0,7910973020.0,15985951090.0,0.0328056775335,31.0372317578,2014-12-31,2015-03-04,26.9663180013,2.80288982636,4.96757769347,4.0850947874
sh600236,2015-04-08,7.07,7.7,7.07,7.4,0.055635,58140719.0,430428100.0,8351098480.0,16875326400.0,0.0515191290859,32.7639881467,2014-12-31,2015-03-04,28.4665891033,2.95882860185,5.24394887844,4.3123690359
sh600236,2015-04-09,7.4,7.4,6.88,7.13,-0.036486,38407724.0,272835424.0,8046396230.0,16259605030.0,0.0340335057201,31.5685612752,2014-12-31,2015-03-04,27.4279571333,2.85087278148,5.05261815966,4.15502793926
sh600236,2015-04-10,7.12,7.2,7.0,7.15,0.002805,25351696.0,180828482.0,8068966770.0,16305214030.0,0.0224644160234,31.6571110896,2014-12-31,2015-03-04,27.504892553,2.85886947963,5.0667907536,4.16668279263
sh600236,2015-04-13,7.17,7.36,7.08,7.27,0.016783,35651701.0,256420870.0,8204389990.0,16578867970.0,0.0315913634756,32.188412385,2014-12-31,2015-03-04,27.9665071648,2.90684988611,5.15182670282,4.23661222994
sh600236,2015-04-14,7.3,7.64,7.15,7.55,0.038514,50035193.0,373729099.0,8520377500.0,17217393830.0,0.044336733572,33.4281168996,2014-12-31,2015-03-04,29.0436092217,3.01880430262,5.35024415645,4.39978111336
sh600236,2015-04-15,7.5,7.5,7.08,7.11,-0.058278,34575549.0,251287624.0,8023825700.0,16213996040.0,0.0306377733741,31.4799931029,2014-12-31,2015-03-04,27.3510057635,2.84287442547,5.0384426275,4.14337066963
sh600236,2015-04-16,7.03,7.2,6.86,7.15,0.005626,28525724.0,202089680.0,8068966770.0,16305214030.0,0.0252769570645,31.6570995441,2014-12-31,2015-03-04,27.5048825219,2.85886843699,5.06678890572,4.16668127302
sh600236,2015-04-17,7.16,7.38,7.14,7.2,0.006993,38058225.0,275236201.0,8125393110.0,16419236500.0,0.0337238108102,31.8784776412,2014-12-31,2015-03-04,27.6972241654,2.87886050397,5.10222096054,4.19581887516
sh600236,2015-04-20,7.18,7.25,7.04,7.08,-0.016667,39712324.0,282362864.0,7989969890.0,16145582560.0,0.0351895260922,31.3471590544,2014-12-31,2015-03-04,27.2355945302,2.83087853595,5.01718224379,4.12588716197
sh600236,2015-04-21,7.0,7.22,7.0,7.21,0.018362,22882685.0,163350484.0,8136678380.0,16442041000.0,0.0202765982806,31.9227555889,2014-12-31,2015-03-04,27.735694517,2.88285912763,5.10930774415,4.20164670204
sh600236,2015-04-22,7.3,7.58,7.3,7.53,0.044383,54061668.0,403792359.0,8497806960.0,17171784840.0,0.0479046372736,33.3395832502,2014-12-31,2015-03-04,28.9666878467,3.01080906429,5.33607414976,4.38812838762
sh600236,2015-04-23,7.59,7.64,7.44,7.51,-0.002656,41690856.0,313832437.0,8475236430.0,17126175850.0,0.0369427249784,33.2510333171,2014-12-31,2015-03-04,28.8897523238,3.00281235542,5.32190153682,4.37647351862
sh600236,2015-04-24,7.45,7.55,7.3,7.42,-0.011984,32208221.0,238432350.0,8373669010.0,16920935390.0,0.0285400580719,32.8525529338,2014-12-31,2015-03-04,28.543537532,2.96682665215,5.2581238688,4.32402585997
sh600236,2015-04-27,7.43,7.8,7.35,7.75,0.044474,65330065.0,495464371.0,8746082860.0,17673483730.0,0.0578896875155,34.313637373,2014-12-31,2015-03-04,29.8129828202,3.09877330068,5.49197366974,4.51633258607
sh600236,2015-04-28,7.75,7.75,7.35,7.39,-0.046452,45956269.0,346450611.0,8339813210.0,16852521910.0,0.0407223542492,32.7197002898,2015-03-31,2015-04-28,20.3032018067,2.8315358764,4.81067488105,4.07877162191
sh600236,2015-04-29,7.45,7.66,7.3,7.5,0.014885,31063439.0,232025126.0,8463951160.0,17103371360.0,0.027525654165,33.2067330286,2015-03-31,2015-04-28,20.6054149656,2.87368328792,4.88228177666,4.1394841375
sh600236,2015-04-30,7.58,8.25,7.57,8.12,0.082667,84407615.0,677089962.0,9163637790.0,18517250050.0,0.0747945138718,35.9518340278,2015-03-31,2015-04-28,22.3088028045,3.11124206429,5.28588536429,4.48168287269
sh600236,2015-05-04,8.17,8.93,8.17,8.93,0.099754,74018541.0,648049342.0,10077744510.0,20364414160.0,0.065588641434,39.5381732795,2015-03-31,2015-04-28,24.5341951195,3.42160090517,5.81317357292,4.92874866597
sh600236,2015-05-05,9.31,9.6,8.22,8.3,-0.070549,110386505.0,984712546.0,9366772610.0,18927730970.0,0.0978146934539,36.7487946928,2015-03-31,2015-04-28,22.803332188,3.18021038291,5.40305999052,4.58103037634
sh600236,2015-05-06,8.28,8.7,7.74,8.09,-0.025301,65572293.0,539276424.0,9129781980.0,18448836570.0,0.0581043283982,35.8190134382,2015-03-31,2015-04-28,22.2263850803,3.09974788001,5.2663571697,4.46512572679
sh600236,2015-05-07,7.98,8.07,7.28,7.35,-0.091471,45146381.0,344563861.0,8294672130.0,16761303930.0,0.0400047036398,32.54261246,2015-03-31,2015-04-28,20.1933154106,2.81621084168,4.78463821303,4.05669621143
sh600236,2015-05-08,7.43,7.62,7.35,7.6,0.034014,32634257.0,245003025.0,8576803840.0,17331416310.0,0.028917573239,33.6495168802,2015-03-31,2015-04-28,20.880170841,2.91200143725,4.94738289721,4.19468067637
sh600236,2015-05-11,7.71,8.18,7.71,8.14,0.071053,38547312.0,308228841.0,9186208320.0,18562859040.0,0.0341571961738,36.0404160031,2015-03-31,2015-04-28,22.3637696198,3.11890787537,5.2989092942,4.49272532247
sh600236,2015-05-12,8.16,8.63,8.08,8.55,0.050369,52409733.0,440472018.0,9648904320.0,19497843340.0,0.0464408395284,37.8557357168,2015-03-31,2015-04-28,23.4902103318,3.27600414614,5.56581005644,4.71901940423
sh600236,2015-05-13,8.53,8.54,8.12,8.22,-0.038596,40470417.0,335853247.0,9276490470.0,18745295010.0,0.0358612806013,36.3946557411,2015-03-31,2015-04-28,22.5835821738,3.14956349012,5.3509920515,4.53688413131
sh600236,2015-05-14,8.19,8.52,8.05,8.41,0.023114,46122671.0,385702423.0,9490910560.0,19178580410.0,0.040869804921,37.2358818139,2015-03-31,2015-04-28,23.1055790922,3.22236250063,5.47467488178,4.64174967112
sh600236,2015-05-15,8.31,8.32,8.03,8.13,-0.033294,40708986.0,331897926.0,9174923050.0,18540054550.0,0.0360726792341,35.9961503648,2015-03-31,2015-04-28,22.3363019419,3.11507716353,5.29240105627,4.48720725757
sh600236,2015-05-18,8.17,8.44,8.06,8.4,0.03321,36068896.0,298060505.0,9479625300.0,19155775920.0,0.0319610445362,37.1915825184,2015-03-31,2015-04-28,23.0780905294,3.21852887613,5.46816169535,4.63622741059
sh600236,2015-05-19,8.6,8.76,8.45,8.68,0.033333,50418347.0,435458768.0,9795612810.0,19794301780.0,0.0446762505265,38.4312895385,2015-03-31,2015-04-28,23.847352521,3.32581209916,5.65043192914,4.79076677887
sh600236,2015-05-20,8.68,8.77,8.54,8.6,-0.009217,46092121.0,398371707.0,9705330660.0,19611865820.0,0.0408427342134,38.0770683428,2015-03-31,2015-04-28,23.6275514728,3.29515808904,5.59835189805,4.74661028147
sh600236,2015-05-21,8.56,8.68,8.4,8.64,0.0046511627907,40231500.0,342670000.0,9750000000.0,19703000000.0,0.0356512984615,38.2541709862,2015-03-31,2015-04-28,23.737447061,3.31048440574,5.62439074409,4.76868753859
sh600236,2015-05-22,8.71,8.91,8.62,8.89,0.0289351851852,53348700.0,467950000.0,10033000000.0,20273000000.0,0.047271,39.3610625078,2015-03-31,2015-04-28,24.4242944876,3.40627388507,5.78713353182,4.90667039561
sh600236,2015-05-25,8.91,9.4,8.91,9.19,0.0337457817773,58144600.0,534240000.0,10371000000.0,20957000000.0,0.0515233703597,40.6893323337,2015-03-31,2015-04-28,25.2485113994,3.52122126027,5.9824248771,5.07224982403
sh600236,2015-05-26,9.19,9.32,8.94,9.27,0.00870511425462,58127300.0,532100000.0,10461000000.0,21140000000.0,0.0515094227129,41.0435376207,2015-03-31,2015-04-28,25.4683025759,3.55187389365,6.03450256918,5.11640433828
sh600236,2015-05-27,9.29,10.2,9.26,10.2,0.100323624595,91978000.0,906740000.0,11511000000.0,23261000000.0,0.0815025280167,45.161174081,2015-03-31,2015-04-28,28.0233750026,3.90821075677,6.63990573955,5.62970056639
sh600236,2015-05-28,10.4,10.49,9.18,9.18,-0.1,88877300.0,878970000.0,10360000000.0,20935000000.0,0.0787542098456,40.6450566729,2015-03-31,2015-04-28,25.2210375023,3.51738968109,5.97591516559,5.06673050975
sh600236,2015-05-29,9.05,9.29,8.26,8.97,-0.0228758169935,59742300.0,531970000.0,10123000000.0,20456000000.0,0.0529377092759,39.7152677947,2015-03-31,2015-04-28,24.6440856641,3.43692651845,5.83921122389,4.95082490986
sh600236,2015-06-01,9.01,9.7,9.01,9.68,0.0791527313266,55829400.0,531210000.0,10924000000.0,22075000000.0,0.049471676309,42.8588397161,2015-03-31,2015-04-28,26.5947323554,3.70896863976,6.30140074106,5.34269622379
sh600236,2015-06-02,9.75,10.16,9.67,9.96,0.0289256198347,51261300.0,508060000.0,11240000000.0,22713000000.0,0.0454237142349,44.0985582202,2015-03-31,2015-04-28,27.3640014731,3.81625285661,6.48367266332,5.49723702365
sh600236,2015-06-03,9.96,9.96,9.41,9.69,-0.0271084337349,43523700.0,421450000.0,10935000000.0,22098000000.0,0.038568326749,42.9031153769,2015-03-31,2015-04-28,26.6222062525,3.71280021893,6.30791045257,5.34821553807
sh600236,2015-06-04,9.6,9.97,9.0,9.96,0.0278637770898,46725100.0,451180000.0,11240000000.0,22713000000.0,0.0414040921708,44.0985582202,2015-03-31,2015-04-28,27.3640014731,3.81625285661,6.48367266332,5.49723702365
sh600236,2015-06-05,10.15,10.96,10.06,10.96,0.100401606426,90289300.0,942420000.0,12369000000.0,24994000000.0,0.0800041012208,48.5261243066,2015-03-31,2015-04-28,30.1113911793,4.19941077394,7.13464381426,6.04916845173
sh600236,2015-06-08,11.4,12.06,11.4,11.58,0.0565693430657,120861900.0,1419740000.0,13068000000.0,26408000000.0,0.107099847107,51.2712152802,2015-03-31,2015-04-28,31.8147727971,4.43696868269,7.53824592784,6.39136593714
sh600236,2015-06-09,11.45,12.74,11.0,12.74,0.100172711572,110297900.0,1335650000.0,14377000000.0,29053000000.0,0.0977391142798,56.4071919404,2015-03-31,2015-04-28,35.0017448562,4.88143186679,8.29337246292,7.03160639371
sh600236,2015-06-10,12.47,13.85,12.01,13.03,0.0227629513344,112480700.0,1481760000.0,14705000000.0,29714000000.0,0.0996683795308,57.6911861054,2015-03-31,2015-04-28,35.798487871,4.99254766282,8.48215409669,7.19166650785
sh600236,2015-06-11,12.79,13.52,12.58,13.19,0.0122793553338,72808300.0,964760000.0,14885000000.0,30079000000.0,0.064517398522,58.3995966792,2015-03-31,2015-04-28,36.238070224,5.05385292959,8.58630948084,7.27997553634
sh600236,2015-06-12,13.19,13.5,12.86,13.19,0.0,71521600.0,940300000.0,14885000000.0,30079000000.0,0.0633772189452,58.3995966792,2015-03-31,2015-04-28,36.238070224,5.05385292959,8.58630948084,7.27997553634
sh600236,2015-06-15,13.15,13.15,12.58,12.59,-0.0454890068234,68064100.0,870440000.0,14208000000.0,28711000000.0,0.0603129940175,55.7430570274,2015-03-31,2015-04-28,34.5896364003,4.82395817919,8.19572679028,6.9488166795
sh600236,2015-06-16,12.3,12.31,11.48,11.59,-0.0794281175536,53780700.0,635630000.0,13080000000.0,26430000000.0,0.0476543052752,51.315490941,2015-03-31,2015-04-28,31.8422466941,4.44080026186,7.54475563935,6.39688525142
sh600236,2015-06-17,11.4,12.68,11.06,12.53,0.0811044003451,59807900.0,707410000.0,14140000000.0,28574000000.0,0.052998089604,55.4774030622,2015-03-31,2015-04-28,34.4247930179,4.80096870415,8.15666852123,6.91570079381
sh600236,2015-06-18,12.53,12.88,11.85,11.97,-0.0446927374302,45960700.0,571540000.0,13509000000.0,27297000000.0,0.0407246708861,52.9979660539,2015-03-31,2015-04-28,32.8862547825,4.58640027045,7.7921246767,6.60661919409
sh600236,2015-06-19,11.65,11.8,10.88,11.04,-0.077694235589,33094500.0,377980000.0,12459000000.0,25176000000.0,0.0293252492174,48.8803295935,2015-03-31,2015-04-28,30.3311823558,4.23006340733,7.18672150633,6.09332296598
sh600236,2015-06-23,11.15,11.68,10.2,11.65,0.0552536231884,47671100.0,528830000.0,13147000000.0,26567000000.0,0.0422429691184,51.5811449062,2015-03-31,2015-04-28,32.0070900765,4.4637897369,7.5838139084,6.4300011371
sh600236,2015-06-24,12.2,12.82,12.2,12.8,0.0987124463519,80893500.0,1014920000.0,14445000000.0,29190000000.0,0.0716813291796,56.6728459055,2015-03-31,2015-04-28,35.1665882386,4.90442134183,8.33243073198,7.06472227939
sh600236,2015-06-25,12.65,13.49,11.8,12.56,-0.01875,86731100.0,1117660000.0,14174000000.0,28642000000.0,0.076854989135,55.6102300448,2015-03-31,2015-04-28,34.5072147091,4.81246344167,8.17619765575,6.93225873666
sh600236,2015-06-26,12.06,12.5,11.3,11.3,-0.100318471338,54862200.0,642460000.0,12752000000.0,25769000000.0,0.0486153434755,50.031496776,2015-03-31,2015-04-28,31.0455036794,4.32968446583,7.35597400557,6.23682513728
sh600236,2015-06-29,11.98,11.98,10.17,10.75,-0.0486725663717,65904400.0,725460000.0,12132000000.0,24515000000.0,0.0583969914276,47.5963354285,2015-03-31,2015-04-28,29.534439341,4.1189476113,6.99793987256,5.93326285183
sh600236,2015-06-30,10.73,11.29,9.75,11.16,0.0381395348837,61054800.0,648550000.0,12594000000.0,25450000000.0,0.0541028718437,49.4116375239,2015-03-31,2015-04-28,30.6608691205,4.27604235741,7.26483804444,6.15955473735
sh600236,2015-07-01,11.16,11.2,10.04,10.04,-0.100358422939,46873500.0,503350000.0,11330000000.0,22896000000.0,0.0415366231244,44.4527635072,2015-03-31,2015-04-28,27.5837926496,3.84690549,6.5357503554,5.5413915379
sh600236,2015-07-02,10.04,10.25,9.04,9.04,-0.0996015936255,42108800.0,393880000.0,10202000000.0,20615000000.0,0.0373126398745,40.0251974208,2015-03-31,2015-04-28,24.8364029435,3.46374757267,5.88477920446,4.98946010982
sh600236,2015-07-03,8.38,8.99,8.14,8.14,-0.0995575221239,32604800.0,271110000.0,9186000000.0,18563000000.0,0.0288921262791,36.0403879431,2015-03-31,2015-04-28,22.363752208,3.11890544707,5.29890516862,4.49272182455
sh600236,2015-07-06,8.94,8.94,7.33,7.4,-0.0909090909091,52768100.0,421000000.0,8351000000.0,16875000000.0,0.0467589438391,32.7639890391,2015-03-31,2015-04-28,20.3306838254,2.83536858825,4.81718651693,4.08429256777
sh600236,2015-07-07,6.99,6.99,6.66,6.66,-0.1,22557200.0,151560000.0,7516000000.0,15188000000.0,0.0199881522086,29.4875901352,2015-03-31,2015-04-28,18.2976154429,2.55183172942,4.33546786523,3.675863311
sh600236,2015-07-09,5.99,7.33,5.99,7.33,0.100600600601,77229800.0,525410000.0,8272000000.0,16716000000.0,0.0684350137814,32.4540594131,2015-03-31,2015-04-28,20.138366546,2.80854753403,4.77161853636,4.04565736781
sh600236,2015-07-10,7.78,8.06,7.41,8.06,0.0995907230559,33949900.0,270520000.0,9096000000.0,18380000000.0,0.0300831347845,35.6861826561,2015-03-31,2015-04-28,22.1439610315,3.08825281368,5.24682747654,4.44856731031
sh600236,2015-07-13,8.78,8.87,8.4,8.87,0.100496277916,44322300.0,387310000.0,10010000000.0,20228000000.0,0.0392746054945,39.2725111861,2015-03-31,2015-04-28,24.3693466934,3.39861072672,5.7741141088,4.89563176705
sh600236,2015-07-14,8.87,9.49,8.58,8.9,0.00338218714769,70824300.0,645310000.0,10044000000.0,20296000000.0,0.0627574940263,39.4053381687,2015-03-31,2015-04-28,24.4517683846,3.41010546424,5.79364324333,4.91218970989
sh600236,2015-07-15,8.7,8.7,8.01,8.01,-0.1,40154800.0,331830000.0,9040000000.0,18266000000.0,0.0355796402655,35.4648043518,2015-03-31,2015-04-28,22.0065915462,3.06909491782,5.214278919,4.4209707389
sh600236,2015-07-16,7.58,8.5,7.39,8.16,0.0187265917603,32219600.0,258970000.0,9209000000.0,18608000000.0,0.0285494555326,36.1289392648,2015-03-31,2015-04-28,22.4187000021,3.12656860542,5.31192459164,4.50376045311
sh600236,2015-07-17,8.3,8.82,8.21,8.69,0.0649509803922,32636600.0,278680000.0,9807000000.0,19817000000.0,0.0289193488325,38.4755492906,2015-03-31,2015-04-28,23.8748165463,3.3296423016,5.65693930163,4.79628410999
sh600236,2015-07-20,8.81,9.27,8.62,8.84,0.0172612197929,39705600.0,353770000.0,9976000000.0,20159000000.0,0.0351841924619,39.1396842035,2015-03-31,2015-04-28,24.2869250023,3.3871159892,5.75458497427,4.87907382421
sh600236,2015-07-21,8.79,9.06,8.58,8.92,0.00904977375566,30878600.0,274850000.0,10066000000.0,20342000000.0,0.0273631146434,39.4938894904,2015-03-31,2015-04-28,24.5067161788,3.41776862259,5.80666266635,4.92322833845
sh600236,2015-07-22,8.95,9.1,8.63,9.02,0.0112107623318,39647500.0,352870000.0,10179000000.0,20570000000.0,0.0351331614107,39.9366460991,2015-03-31,2015-04-28,24.7814551494,3.45608441432,5.87175978144,4.97842148126
sh600236,2015-07-23,8.99,9.47,8.9,9.39,0.0410199556541,44909200.0,411450000.0,10597000000.0,21413000000.0,0.0397940349155,41.574845551,2015-03-31,2015-04-28,25.7979893406,3.59785284373,6.11261910729,5.18263610965
sh600236,2015-07-24,9.26,9.53,8.8,8.92,-0.036717062635,47843400.0,442070000.0,10066000000.0,20342000000.0,0.0423964959269,40.0483393429,2015-03-31,2015-04-28,24.8507629502,3.46575025552,5.88818168866,4.992344935
sh600236,2015-07-27,8.7,9.0,8.03,8.03,-0.0997757847534,35708800.0,305270000.0,9062000000.0,18312000000.0,0.0316422052527,36.0524848569,2015-03-31,2015-04-28,22.3712585751,3.11995230402,5.3006837399,4.49422980135
sh600236,2015-07-28,7.5,8.15,7.23,7.72,-0.0386052303861,40974100.0,311720000.0,8712000000.0,17605000000.0,0.0363085459137,34.660670373,2015-03-31,2015-04-28,21.5076109838,2.99950582653,5.09604962292,4.32072902446
sh600236,2015-07-29,7.88,8.4,7.6,8.36,0.0829015544041,28244500.0,224820000.0,9435000000.0,19065000000.0,0.0250263932167,37.5340938236,2015-03-31,2015-04-28,23.2906253658,3.24816952199,5.51852005798,4.67892417675
sh600236,2015-07-30,8.34,8.59,8.0,8.03,-0.0394736842105,30420600.0,254720000.0,9062000000.0,18312000000.0,0.0269562368131,36.0524848569,2015-03-31,2015-04-28,22.3712585751,3.11995230402,5.3006837399,4.49422980135
sh600236,2015-07-31,8.0,8.04,7.51,7.75,-0.0348692403487,19178400.0,150570000.0,8746000000.0,17673000000.0,0.0169943517036,34.7953620972,2015-03-31,2015-04-28,21.5911897829,3.01116193725,5.11585292457,4.33751942222
sh600236,2015-08-03,7.65,7.74,7.06,7.36,-0.0503225806452,28089300.0,207200000.0,8306000000.0,16784000000.0,0.0248901093186,33.044369682,2015-03-31,2015-04-28,20.5046653939,2.85963249783,4.8584100032,4.1192442513
sh600236,2015-08-04,7.41,7.98,7.39,7.96,0.0815217391304,25193700.0,193170000.0,8983000000.0,18152000000.0,0.0223245966826,35.738204167,2015-03-31,2015-04-28,22.1762413771,3.09275471232,5.25447603607,4.45505220657
sh600236,2015-08-05,7.95,7.99,7.6,7.71,-0.0314070351759,22057500.0,172230000.0,8701000000.0,17582000000.0,0.0195452620388,34.6157731316,2015-03-31,2015-04-28,21.4797513841,2.99562045628,5.08944852237,4.3151322252
sh600236,2015-08-06,7.5,8.05,7.41,8.03,0.041504539559,27155000.0,211810000.0,9062000000.0,18312000000.0,0.0240625303465,36.0524848569,2015-03-31,2015-04-28,22.3712585751,3.11995230402,5.3006837399,4.49422980135
sh600236,2015-08-07,8.02,8.58,8.0,8.57,0.0672478206725,42450300.0,351680000.0,9672000000.0,19543000000.0,0.0376136343052,38.4769358933,2015-03-31,2015-04-28,23.87567696,3.32976229706,5.65714316949,4.79645696109
sh600236,2015-08-10,8.82,9.27,8.81,9.26,0.0805134189032,45570100.0,412460000.0,10450000000.0,21117000000.0,0.0403807776077,41.574845551,2015-03-31,2015-04-28,25.7979893406,3.59785284373,6.11261910729,5.18263610965
sh600236,2015-08-11,9.3,9.9,9.2,9.38,0.0129589632829,61279000.0,583640000.0,10586000000.0,21391000000.0,0.0542978481013,42.113612448,2015-03-31,2015-04-28,26.1323045373,3.64447728663,6.19183231386,5.2497977007
sh600236,2015-08-12,9.4,9.54,9.02,9.05,-0.0351812366738,40908200.0,379580000.0,10213000000.0,20638000000.0,0.0362498002546,40.6320034813,2015-03-31,2015-04-28,25.2129377465,3.51626006866,5.97399599578,5.0651033253
sh600236,2015-08-13,9.0,9.49,8.88,9.44,0.0430939226519,35783600.0,330400000.0,10653000000.0,21527000000.0,0.0317091133014,42.3829958965,2015-03-31,2015-04-28,26.2994621356,3.66778950808,6.23143891715,5.28337849623
sh600236,2015-08-14,9.52,9.93,9.42,9.49,0.00529661016949,47195300.0,457670000.0,10710000000.0,21641000000.0,0.0418191780579,42.6074821036,2015-03-31,2015-04-28,26.4387601342,3.68721635929,6.26444441989,5.3113624925
sh600236,2015-08-17,9.5,9.79,9.18,9.61,0.0126448893572,44243300.0,419840000.0,10845000000.0,21915000000.0,0.0392049896727,43.1462490006,2015-03-31,2015-04-28,26.7730753308,3.73384080219,6.34365762646,5.37852408356
sh600236,2015-08-18,9.66,9.69,8.65,8.65,-0.0998959417274,39247200.0,356360000.0,9762000000.0,19726000000.0,0.0347765089121,38.8361138247,2015-03-31,2015-04-28,24.0985537577,3.360845259,5.70995197387,4.84123135513
sh600236,2015-08-19,8.4,9.25,7.8,8.89,0.0277456647399,33735000.0,289040000.0,10033000000.0,20273000000.0,0.0298917721519,39.9136476186,2015-03-31,2015-04-28,24.767184151,3.45409414479,5.86837838702,4.97555453723
sh600236,2015-08-20,8.61,9.09,8.45,8.55,-0.0382452193476,24182200.0,212120000.0,9649000000.0,19498000000.0,0.0214279003005,38.3871414105,2015-03-31,2015-04-28,23.8199577605,3.32199155658,5.64394096839,4.78526336258
sh600236,2015-08-21,8.8,9.1,8.2,8.61,0.00701754385965,44786300.0,392110000.0,9717000000.0,19635000000.0,0.0396840632911,38.656524859,2015-03-31,2015-04-28,23.9871153588,3.34530377803,5.68354757168,4.81884415811
