code,date,open,high,low,close,change,volume,money,traded_market_value,market_value,turnover,adjust_price,report_type,report_date,PE_TTM,PS_TTM,PC_TTM,PB
sh600981,2004-06-30,8.0,8.38,7.89,8.13,0.129167,24825729.0,201624727.0,406500000.0,1472261700.0,0.49651458,8.13,,,,,,
sh600981,2004-07-01,8.01,8.4,7.71,8.29,0.01968,15374773.0,125958288.0,414500000.0,1501236100.0,0.30749546,8.2899984,,,,,,
sh600981,2004-07-02,8.29,8.54,8.15,8.3,0.001206,10922112.0,90891042.0,415000000.0,1503047000.0,0.21844224,8.29999613807,,,,,,
sh600981,2004-07-05,8.29,8.29,8.02,8.18,-0.014458,4632075.0,37634358.0,409000000.0,1481316200.0,0.0926415,8.17999479391,,,,,,
sh600981,2004-07-06,8.15,8.49,8.15,8.36,0.022005,8390172.0,70031407.0,418000000.0,1513912400.0,0.16780344,8.35999557935,,,,,,
sh600981,2004-07-07,8.35,8.37,8.18,8.22,-0.016746,3359352.0,27745123.0,411000000.0,1488559800.0,0.06718704,8.21999909337,,,,,,
sh600981,2004-07-08,8.13,8.26,8.06,8.26,0.004866,2065537.0,16892549.0,413000000.0,1495803400.0,0.04131074,8.25999760896,,,,,,
sh600981,2004-07-09,8.29,8.39,8.12,8.13,-0.015738,2496738.0,20659027.0,406500000.0,1472261700.0,0.04993476,8.13000176659,,,,,,
sh600981,2004-07-12,8.23,8.23,7.52,7.66,-0.057811,4081198.0,31945041.0,383000000.0,1387149400.0,0.08162396,7.65999823446,,,,,,
sh600981,2004-07-13,7.53,7.77,7.5,7.62,-0.005222,1881392.0,14292228.0,381000000.0,1379905800.0,0.03762784,7.61999772368,,,,,,
sh600981,2004-07-14,7.63,7.66,7.2,7.55,-0.009186,2519208.0,18671227.0,377500000.0,1367229500.0,0.05038416,7.55000042459,,,,,,
sh600981,2004-07-15,7.55,7.68,7.45,7.6,0.006623,2104352.0,15906379.0,380000000.0,1376284000.0,0.04208704,7.60000407741,,,,,,
sh600981,2004-07-16,7.6,7.9,7.52,7.83,0.030263,3532455.0,27464576.0,391500000.0,1417934700.0,0.0706491,7.8300030008,,,,,,
sh600981,2004-07-19,7.83,7.85,7.71,7.74,-0.011494,1662933.0,12926624.0,387000000.0,1401636600.0,0.03325866,7.74000494631,,,,,,
sh600981,2004-07-20,7.73,7.73,7.54,7.55,-0.024548,1785055.0,13576519.0,377500000.0,1367229500.0,0.0357011,7.55000330489,,,,,,
sh600981,2004-07-21,7.55,7.62,7.4,7.6,0.006623,1198456.0,9011931.0,380000000.0,1376284000.0,0.02396912,7.60000697678,,,,,,
sh600981,2004-07-22,7.65,7.65,7.32,7.35,-0.032895,1336103.0,9940419.0,367500000.0,1331011500.0,0.02672206,7.35000474727,,,,,,
sh600981,2004-07-23,7.3,7.41,7.25,7.4,0.006803,1037321.0,7589109.0,370000000.0,1340066000.0,0.02074642,7.40000682957,,,,,,
sh600981,2004-07-26,7.37,7.37,7.22,7.28,-0.016216,732852.0,5322611.0,364000000.0,1318335200.0,0.01465704,7.28000831882,,,,,,
sh600981,2004-07-27,7.32,7.38,7.15,7.19,-0.012363,752515.0,5446872.0,359500000.0,1302037100.0,0.0150503,7.19000557598,,,,,,
sh600981,2004-07-28,7.19,7.35,7.17,7.31,0.01669,816039.0,5908422.0,365500000.0,1323767900.0,0.01632078,7.31000676904,,,,,,
sh600981,2004-07-29,7.32,7.4,7.25,7.38,0.009576,1024755.0,7521877.0,369000000.0,1336444200.0,0.0204951,7.38000739386,,,,,,
sh600981,2004-07-30,7.36,7.36,7.19,7.22,-0.02168,745641.0,5406805.0,361000000.0,1307469800.0,0.01491282,7.22000883356,,,,,,
sh600981,2004-08-02,7.18,7.3,7.14,7.25,0.004155,503704.0,3641489.0,362500000.0,1312902500.0,0.01007408,7.25000797026,,,,,,
sh600981,2004-08-03,7.23,7.34,7.19,7.31,0.008276,577812.0,4212358.0,365500000.0,1323767900.0,0.01155624,7.31000903623,,,,,,
sh600981,2004-08-04,7.32,7.54,7.3,7.45,0.019152,1872535.0,13957713.0,372500000.0,1349120500.0,0.0374507,7.45001032929,,,,,,
sh600981,2004-08-05,7.42,7.44,7.26,7.27,-0.024161,952299.0,7001119.0,363500000.0,1316524300.0,0.01904598,7.27001062972,,,,,,
sh600981,2004-08-06,7.25,7.35,7.2,7.26,-0.001376,646570.0,4691578.0,363000000.0,1314713400.0,0.0129314,7.2600070951,,,,,,
sh600981,2004-08-09,7.26,7.35,7.2,7.33,0.009642,768148.0,5595066.0,366500000.0,1327389700.0,0.01536296,7.33000808351,,,,,,
sh600981,2004-08-10,7.26,7.36,7.22,7.31,-0.002729,589550.0,4282199.0,365500000.0,1323767900.0,0.011791,7.31000449145,2004-06-30,2004-08-10,49.5244031327,0.993404122777,67.245598219,2.05742321674
sh600981,2004-08-11,7.28,7.28,7.16,7.18,-0.017784,933723.0,6723756.0,359000000.0,1300226200.0,0.01867446,7.18000337157,2004-06-30,2004-08-10,48.6436611474,0.975737423857,66.0497025003,2.02083400225
sh600981,2004-08-12,7.12,7.12,6.79,6.81,-0.051532,1742163.0,11991378.0,340500000.0,1233222900.0,0.03484326,6.81000343783,2004-06-30,2004-08-10,46.1369560011,0.925455722931,62.6460292311,1.91669638445
sh600981,2004-08-13,6.75,6.95,6.72,6.83,0.002937,674300.0,4612588.0,341500000.0,1236844700.0,0.013486,6.83000441792,2004-06-30,2004-08-10,46.2724602409,0.928173786389,62.8300206189,1.92232572173
sh600981,2004-08-16,6.82,6.9,6.65,6.7,-0.019034,790657.0,5318460.0,335000000.0,1213303000.0,0.01581314,6.70000211383,2004-06-30,2004-08-10,45.3917102327,0.910506926539,61.6341140065,1.88573617394
sh600981,2004-08-17,6.7,6.78,6.62,6.7,0.0,633898.0,4244296.0,335000000.0,1213303000.0,0.01267796,6.70000211383,2004-06-30,2004-08-10,45.3917102327,0.910506926539,61.6341140065,1.88573617394
sh600981,2004-08-18,6.7,6.77,6.66,6.7,0.0,496004.0,3330004.0,335000000.0,1213303000.0,0.00992008,6.70000211383,2004-06-30,2004-08-10,45.3917102327,0.910506926539,61.6341140065,1.88573617394
sh600981,2004-08-19,6.66,6.7,6.49,6.6,-0.014925,906215.0,5943585.94,330000000.0,1195194000.0,0.0181243,6.60000458228,2004-06-30,2004-08-10,44.7142389575,0.89691761066,60.7142248549,1.85759156155
sh600981,2004-08-20,6.6,6.72,6.4,6.64,0.006061,995841.0,6514738.0,332000000.0,1202437600.0,0.01991682,6.64000721006,2004-06-30,2004-08-10,44.9852519598,0.902353828299,61.0822137718,1.868850424
sh600981,2004-08-23,6.6,6.78,6.52,6.7,0.009036,991548.0,6621080.0,335000000.0,1213303000.0,0.01983096,6.70000631521,2004-06-30,2004-08-10,45.3917386965,0.910507497491,61.6341526554,1.88573735643
sh600981,2004-08-24,6.69,7.17,6.65,6.96,0.038806,3849700.0,26840810.0,348000000.0,1260386400.0,0.076994,6.96000676028,2004-06-30,2004-08-10,47.1532105084,0.945840651439,64.0259275834,1.95891528029
sh600981,2004-08-25,6.95,6.95,6.79,6.83,-0.018678,1278423.0,8751126.0,341500000.0,1236844700.0,0.02556846,6.83000775401,2004-06-30,2004-08-10,46.2724828425,0.928174239751,62.830051308,1.92232666068
sh600981,2004-08-26,6.8,6.8,6.63,6.64,-0.027818,780786.0,5217023.0,332000000.0,1202437600.0,0.01561572,6.64001059831,2004-06-30,2004-08-10,44.9852749148,0.90235428875,61.0822449407,1.86885137763
sh600981,2004-08-27,6.66,6.75,6.63,6.71,0.010542,567160.0,3800261.0,335500000.0,1215113900.0,0.0113432,6.71000959003,2004-06-30,2004-08-10,45.4595096829,0.911866907662,61.7261739668,1.88855280886
sh600981,2004-08-30,6.71,6.75,6.41,6.68,-0.004471,605494.0,4005562.0,334000000.0,1209681200.0,0.01210988,6.68000913716,2004-06-30,2004-08-10,45.2562602151,0.907789950718,61.450196243,1.88010908925
sh600981,2004-08-31,6.97,6.98,6.74,6.77,0.013473,1511815.0,10340719.0,338500000.0,1225979300.0,0.0302363,6.77000890026,2004-06-30,2004-08-10,45.865997809,0.920020604724,62.278114737,1.90543979901
sh600981,2004-09-01,6.8,6.8,6.55,6.59,-0.026588,707332.0,4672342.0,329500000.0,1193383100.0,0.01414664,6.59000790362,2004-06-30,2004-08-10,44.6465126593,0.895559096885,60.6222642224,1.85477796563
sh600981,2004-09-02,6.49,6.82,6.49,6.77,0.027314,768107.0,5110922.0,338500000.0,1225979300.0,0.01536214,6.7700073795,2004-06-30,2004-08-10,45.865987506,0.920020398058,62.2781007474,1.90543937099
sh600981,2004-09-03,6.73,6.77,6.66,6.69,-0.011817,382422.0,2569612.0,334500000.0,1211492100.0,0.00764844,6.6900062023,2004-06-30,2004-08-10,45.3239891317,0.909148517014,61.5421604308,1.88292279394
sh600981,2004-09-06,6.7,6.74,6.65,6.72,0.004484,202122.0,1353002.0,336000000.0,1216924800.0,0.00404244,6.72000419011,2004-06-30,2004-08-10,45.5272218989,0.913225138964,61.8181154782,1.89136581975
sh600981,2004-09-07,6.75,6.82,6.62,6.78,0.008929,426150.0,2867879.0,339000000.0,1227790200.0,0.008523,6.78000710752,2004-06-30,2004-08-10,45.9337344633,0.92137932623,62.3700894313,1.90825382515
sh600981,2004-09-08,6.76,6.8,6.7,6.74,-0.0059,396361.0,2678185.0,337000000.0,1220546600.0,0.00792722,6.74000506559,2004-06-30,2004-08-10,45.6627254299,0.915943188205,62.0021059037,1.89699512758
sh600981,2004-09-09,6.72,6.76,6.58,6.6,-0.020772,746990.0,4963721.0,330000000.0,1195194000.0,0.0149398,6.60000168037,2004-06-30,2004-08-10,44.7142192973,0.8969172163,60.7141981598,1.85759074479
sh600981,2004-09-10,6.58,6.71,6.55,6.65,0.007576,361000.0,2391598.0,332500000.0,1204248500.0,0.00722,6.6500032931,2004-06-30,2004-08-10,45.0529742227,0.90371226113,61.1741689251,1.87166385228
sh600981,2004-09-13,6.63,6.82,6.59,6.64,-0.001504,1013698.0,6809923.0,332000000.0,1202437600.0,0.02027396,6.64000168814,2004-06-30,2004-08-10,44.9852145495,0.90235307789,61.082162975,1.86884886984
sh600981,2004-09-14,6.71,6.92,6.71,6.91,0.040663,2200059.0,15083144.0,345500000.0,1251331900.0,0.04400118,6.91000407679,2004-06-30,2004-08-10,46.8144483287,0.939045461096,63.5659469681,1.94484187144
sh600981,2004-09-15,6.91,7.4,6.82,7.16,0.036179,5232740.0,37527533.0,358000000.0,1296604400.0,0.1046548,7.16000111428,2004-06-30,2004-08-10,48.5081482548,0.973019186833,65.8656993634,2.0152043055
sh600981,2004-09-16,6.95,7.35,6.95,7.29,0.018156,3477620.0,25111189.0,364500000.0,1320146100.0,0.0695524,7.28999809451,2004-06-30,2004-08-10,49.3888621945,0.990685323189,67.0615570011,2.05179235487
sh600981,2004-09-17,7.29,7.4,7.19,7.39,0.013717,2923330.0,21361464.0,369500000.0,1338255100.0,0.0584666,7.38999499838,2004-06-30,2004-08-10,50.0663292172,1.00427455377,67.9814403785,2.07993679061
sh600981,2004-09-20,7.46,7.6,7.31,7.58,0.02571,4713715.0,35094214.0,379000000.0,1372662200.0,0.0942743,7.57999176978,2004-06-30,2004-08-10,51.3535345414,1.03009445254,69.7292432106,2.13341196549
sh600981,2004-09-21,7.58,7.61,7.4,7.41,-0.022427,2951002.0,22048955.0,370500000.0,1341876900.0,0.05902004,7.40999529436,2004-06-30,2004-08-10,50.2018288222,1.00699252426,68.1654254731,2.08556593534
sh600981,2004-09-22,7.35,7.46,7.21,7.29,-0.016194,2587500.0,18963688.0,364500000.0,1320146100.0,0.05175,7.28999783057,2004-06-30,2004-08-10,49.3888604063,0.99068528732,67.061554573,2.05179228059
sh600981,2004-09-23,7.23,7.53,7.23,7.52,0.03155,1708455.0,12567209.0,376000000.0,1361796800.0,0.0341691,7.51999726212,2004-06-30,2004-08-10,50.9470789521,1.02194140813,69.1773466198,2.11652632704
sh600981,2004-09-24,7.54,7.57,7.15,7.23,-0.038564,3285369.0,24401474.0,361500000.0,1309280700.0,0.06570738,7.2299960877,2004-06-30,2004-08-10,48.9823557994,0.982531259671,66.5095914247,2.03490460576
sh600981,2004-09-27,7.27,7.47,7.05,7.13,-0.013831,1314574.0,9480915.0,356500000.0,1291171700.0,0.02629148,7.12999801181,2004-06-30,2004-08-10,48.3048808363,0.968941869819,65.5896972657,2.00675984016
sh600981,2004-09-28,7.16,7.3,7.11,7.21,0.01122,835464.0,6021420.0,360500000.0,1305658900.0,0.01670928,7.20999658951,2004-06-30,2004-08-10,48.8468615993,0.979813397598,66.325613669,2.02927568557
sh600981,2004-09-29,7.25,7.4,7.21,7.23,0.002774,1107556.0,8097096.0,361500000.0,1309280700.0,0.02215112,7.22999712005,2004-06-30,2004-08-10,48.9823627934,0.982531399963,66.5096009214,2.03490489632
sh600981,2004-09-30,7.2,7.26,7.06,7.07,-0.02213,1008750.0,7193627.0,353500000.0,1280306300.0,0.020175,7.06999728378,2004-06-30,2004-08-10,47.8983831048,0.960787980082,65.037743453,1.98987245096
sh600981,2004-10-08,7.08,7.25,6.92,7.23,0.022631,875952.0,6185398.0,361500000.0,1309280700.0,0.01751904,7.22999839231,2004-06-30,2004-08-10,48.9823714128,0.982531572859,66.5096126251,2.0349052544
sh600981,2004-10-11,7.23,7.34,7.15,7.28,0.006916,2156113.0,15644046.0,364000000.0,1318335200.0,0.04312226,7.28000106119,2004-06-30,2004-08-10,49.3211334935,0.989326761217,66.969593106,2.04897865914
sh600981,2004-10-12,7.21,7.27,7.03,7.06,-0.03022,945091.0,6736134.0,353000000.0,1278495400.0,0.01890182,7.05999942912,2004-06-30,2004-08-10,47.8306488393,0.959429306493,64.9457720023,1.98705852406
sh600981,2004-10-13,7.01,7.1,6.97,7.03,-0.004249,995470.0,6991772.0,351500000.0,1273062700.0,0.0199094,7.03000149155,2004-06-30,2004-08-10,47.6274164124,0.95535269137,64.6698174171,1.97861551239
sh600981,2004-10-14,7.03,7.08,6.52,6.53,-0.071124,1636700.0,11077891.0,326500000.0,1182517700.0,0.032734,6.52999966546,2004-06-30,2004-08-10,44.2399640475,0.887404186549,60.0702413231,1.83788846269
sh600981,2004-10-15,6.53,6.65,6.3,6.35,-0.027565,1401852.0,8992618.0,317500000.0,1149921500.0,0.02803704,6.35000022468,2004-06-30,2004-08-10,43.0204894385,0.862942890146,58.414405121,1.78722706721
sh600981,2004-10-18,6.4,6.61,6.35,6.58,0.03622,933876.0,6060478.0,329000000.0,1191572200.0,0.01867752,6.57999723282,2004-06-30,2004-08-10,44.578691566,0.894198681628,60.5301748745,1.85196043159
sh600981,2004-10-19,6.51,6.65,6.42,6.45,-0.019757,732125.0,4792581.0,322500000.0,1168030500.0,0.0146425,6.44999622749,2004-06-30,2004-08-10,43.6979503567,0.876531998275,59.3342802095,1.81537124934
sh600981,2004-10-20,6.46,6.46,6.2,6.29,-0.024806,931399.0,5837415.0,314500000.0,1139056100.0,0.01862798,6.28999762107,2004-06-30,2004-08-10,42.6139790002,0.854788745525,57.8624340546,1.77033915013
sh600981,2004-10-21,6.23,6.38,6.02,6.06,-0.036566,995721.0,6138413.0,303000000.0,1097405400.0,0.01991442,6.05999756806,2004-06-30,2004-08-10,41.0557562441,0.823532540257,55.746636291,1.70560492877
sh600981,2004-10-22,6.06,6.08,5.81,6.0,-0.009901,1383111.0,8206431.0,300000000.0,1086540000.0,0.02766222,5.99999753214,2004-06-30,2004-08-10,40.6492632015,0.815378744575,55.1946888451,1.68871773437
sh600981,2004-10-25,6.1,6.1,5.77,5.78,-0.036667,929700.0,5509784.0,289000000.0,1046700200.0,0.018594,5.77999562263,2004-06-30,2004-08-10,39.1587766677,0.785481252148,53.1708651892,1.6267975212
sh600981,2004-10-26,5.66,6.07,5.66,6.02,0.041522,958643.0,5614153.0,301000000.0,1090161800.0,0.01917286,6.01999260087,2004-09-30,2004-10-26,33.1962105588,0.551963159668,91.5157872334,1.67840949233
sh600981,2004-10-27,5.97,6.16,5.84,6.12,0.016611,1640023.0,9802790.0,306000000.0,1108270800.0,0.03280046,6.11999069796,2004-09-30,2004-10-26,33.7476328124,0.561131819713,93.0359559751,1.7062895524
sh600981,2004-10-28,6.14,6.27,6.02,6.04,-0.013072,1703446.0,10502358.0,302000000.0,1093783600.0,0.03406892,6.03999017956,2004-09-30,2004-10-26,33.3064837563,0.553796704566,91.8197899586,1.68398493537
sh600981,2004-10-29,5.95,6.06,5.78,5.97,-0.011589,1149159.0,6847613.0,298500000.0,1081107300.0,0.02298318,5.96999273337,2004-09-30,2004-10-26,32.920494916,0.547378754557,90.7556904128,1.66446923396
sh600981,2004-11-01,5.96,5.98,5.84,5.89,-0.0134,463224.0,2731739.0,294500000.0,1066620100.0,0.00926448,5.88999483074,2004-09-30,2004-10-26,32.4793602842,0.540043879246,89.5395641613,1.64216534622
sh600981,2004-11-02,5.84,5.96,5.83,5.9,0.001698,424799.0,2504797.0,295000000.0,1068431000.0,0.00849598,5.89999604197,2004-09-30,2004-10-26,32.5345102379,0.540960873753,89.6916023412,1.64495374298
sh600981,2004-11-03,5.95,6.09,5.86,6.09,0.032203,834124.0,5014371.0,304500000.0,1102838100.0,0.01668248,6.0899936145,2004-09-30,2004-10-26,33.5822190711,0.55838143677,92.5799410114,1.69792618837
sh600981,2004-11-04,6.09,6.11,5.8,5.85,-0.039409,810423.0,4858465.0,292500000.0,1059376500.0,0.01620846,5.84999305615,2004-09-30,2004-10-26,32.2587773997,0.536376182729,88.9314581161,1.63101261521
sh600981,2004-11-05,5.9,5.96,5.82,5.89,0.006838,346964.0,2044811.0,294500000.0,1066620100.0,0.00693928,5.88999530867,2004-09-30,2004-10-26,32.4793629196,0.540043923066,89.5395714267,1.64216547947
sh600981,2004-11-08,5.9,6.08,5.85,6.03,0.023769,724817.0,4363131.0,301500000.0,1091972700.0,0.01449634,6.02999460716,2004-09-30,2004-10-26,33.2513648968,0.552880227073,91.6678374999,1.68119811075
sh600981,2004-11-09,6.03,6.07,5.96,6.03,0.0,553551.0,3335148.0,301500000.0,1091972700.0,0.01107102,6.02999460716,2004-09-30,2004-10-26,33.2513648968,0.552880227073,91.6678374999,1.68119811075
sh600981,2004-11-10,6.04,6.29,5.99,6.27,0.039801,1371359.0,8471091.0,313500000.0,1135434300.0,0.02742718,6.26999442252,2004-09-30,2004-10-26,34.5748024711,0.574885412991,95.3163091003,1.74811147676
sh600981,2004-11-11,6.27,6.37,6.17,6.19,-0.012759,1534491.0,9640790.0,309500000.0,1120947100.0,0.03068982,6.18999556368,2004-09-30,2004-10-26,34.1336625664,0.567550450007,94.1001683124,1.72580732243
sh600981,2004-11-12,6.18,6.24,6.11,6.18,-0.001616,608425.0,3757779.0,309000000.0,1119136200.0,0.0121685,6.17999253085,2004-09-30,2004-10-26,34.0785025677,0.56663328848,93.9481024405,1.72301841779
sh600981,2004-11-15,6.2,6.3,6.18,6.27,0.014563,618689.0,3857484.0,313500000.0,1135434300.0,0.01237378,6.26999176208,2004-09-30,2004-10-26,34.5747878006,0.57488516906,95.3162686563,1.74811073501
sh600981,2004-11-16,6.28,6.32,6.19,6.22,-0.007974,600370.0,3745175.0,311000000.0,1126379800.0,0.0120074,6.21999484777,2004-09-30,2004-10-26,34.2990884426,0.570301034722,94.55621673,1.73417130001
sh600981,2004-11-17,6.23,6.23,6.09,6.1,-0.019293,537991.0,3295522.0,305000000.0,1104649000.0,0.01075982,6.09999248717,2004-09-30,2004-10-26,33.6373561293,0.559298216859,92.7319436407,1.70071393312
sh600981,2004-11-18,6.1,6.18,6.07,6.17,0.011475,521714.0,3195978.0,308500000.0,1117325300.0,0.01043428,6.16998990096,2004-09-30,2004-10-26,34.0233447909,0.565716163897,93.7960426939,1.7202296255
sh600981,2004-11-19,6.19,6.41,6.12,6.37,0.032415,2116781.0,13380932.0,318500000.0,1153543300.0,0.04233562,6.3699901236,2004-09-30,2004-10-26,35.1262115123,0.58405385335,96.8364414179,1.77599086881
sh600981,2004-11-22,6.37,6.44,6.31,6.38,0.00157,1392857.0,8889508.0,319000000.0,1155354200.0,0.02785714,6.37999100809,2004-09-30,2004-10-26,35.1813596644,0.5849708179,96.9884746309,1.77877917448
sh600981,2004-11-23,6.4,6.45,6.32,6.42,0.00627,1167452.0,7447819.0,321000000.0,1162597800.0,0.02334904,6.41999355171,2004-09-30,2004-10-26,35.4019467895,0.588638584928,97.5965923668,1.7899321199
sh600981,2004-11-24,6.42,6.42,6.25,6.26,-0.024922,989738.0,6269632.0,313000000.0,1133623400.0,0.01979476,6.25999447242,2004-09-30,2004-10-26,34.5196594716,0.573968534114,95.1642900919,1.74532343161
sh600981,2004-11-25,6.26,6.26,6.17,6.25,-0.001597,626199.0,3890500.0,312500000.0,1131812500.0,0.01252398,6.24999726125,2004-09-30,2004-10-26,34.4645315754,0.573051906365,95.0123127206,1.74253615009
sh600981,2004-11-26,6.25,6.31,6.22,6.24,-0.0016,374000.0,2342090.0,312000000.0,1130001600.0,0.00748,6.23999726563,2004-09-30,2004-10-26,34.4093883249,0.572135023315,94.8602930202,1.73974809225
sh600981,2004-11-29,6.21,6.22,6.03,6.05,-0.030449,756500.0,4636230.0,302500000.0,1095594500.0,0.01513,6.04999558889,2004-09-30,2004-10-26,33.3616568598,0.55471408399,91.971891958,1.68677450259
sh600981,2004-11-30,6.05,6.09,6.01,6.08,0.004959,337730.0,2043399.0,304000000.0,1101027200.0,0.0067546,6.07999751701,2004-09-30,2004-10-26,33.5270973161,0.557464911133,92.4279805703,1.69513921735
sh600981,2004-12-01,6.08,6.09,6.0,6.01,-0.011513,596110.0,3593800.0,300500000.0,1088350900.0,0.0119222,6.0099985056,2004-09-30,2004-10-26,33.1410998447,0.551046817611,91.36385723,1.67562307954
sh600981,2004-12-02,6.0,6.08,5.98,6.08,0.011647,531765.0,3204833.0,304000000.0,1101027200.0,0.0106353,6.07999695819,2004-09-30,2004-10-26,33.5270942346,0.557464859896,92.4279720751,1.69513906154
sh600981,2004-12-03,6.07,6.22,6.05,6.21,0.021382,821014.0,5055196.0,310500000.0,1124568900.0,0.01642028,6.20999945315,2004-09-30,2004-10-26,34.2439705636,0.56938457353,94.404266974,1.73138452496
sh600981,2004-12-06,6.21,6.31,6.21,6.27,0.009662,1010449.0,6327277.0,313500000.0,1135434300.0,0.02020898,6.27000046787,2004-09-30,2004-10-26,34.5748358071,0.574885967279,95.3164010015,1.74811316224
sh600981,2004-12-07,6.29,6.29,6.11,6.11,-0.025518,492200.0,3046940.0,305500000.0,1106459900.0,0.009844,6.11000259593,2004-09-30,2004-10-26,33.692555147,0.560216027166,92.8841170808,1.70350481056
sh600981,2004-12-08,6.15,6.18,6.1,6.12,0.001637,353580.0,2169089.0,306000000.0,1108270800.0,0.0070716,6.12000467018,2004-09-30,2004-10-26,33.7477098598,0.561133100803,93.0361683804,1.70629344794
sh600981,2004-12-09,6.12,6.27,6.11,6.23,0.017974,392550.0,2436309.0,311500000.0,1128190700.0,0.007851,6.23000563412,2004-09-30,2004-10-26,34.3542911968,0.571218907157,94.7084004709,1.73696236637
sh600981,2004-12-10,6.18,6.28,6.06,6.07,-0.025682,448784.0,2765036.0,303500000.0,1099216300.0,0.00897568,6.07000662943,2004-09-30,2004-10-26,33.4720042903,0.556548863183,92.27609933,1.69235369888
sh600981,2004-12-13,6.02,6.12,5.98,6.1,0.004942,292354.0,1769486.0,305000000.0,1104649000.0,0.00584708,6.10000460219,2004-09-30,2004-10-26,33.6374229355,0.559299327665,92.7321278129,1.70071731086
sh600981,2004-12-14,6.15,6.2,6.1,6.17,0.011475,505833.0,3114291.0,308500000.0,1117325300.0,0.01011666,6.170002155,2004-09-30,2004-10-26,34.0234123637,0.56571728745,93.7962289796,1.720233042
sh600981,2004-12-15,6.17,6.2,6.02,6.13,-0.006483,362159.0,2204309.0,306500000.0,1110081700.0,0.00724318,6.13000203103,2004-09-30,2004-10-26,33.8028385813,0.562049742275,93.1881480271,1.70908077119
sh600981,2004-12-16,6.14,6.16,6.05,6.06,-0.011419,230400.0,1403218.0,303000000.0,1097405400.0,0.004608,6.06000353784,2004-09-30,2004-10-26,33.4168439676,0.555631696268,92.1240325648,1.68956477786
sh600981,2004-12-17,6.07,6.15,6.01,6.03,-0.00495,364150.0,2212702.0,301500000.0,1091972700.0,0.007283,6.03000652032,2004-09-30,2004-10-26,33.2514305899,0.552881319372,91.6680186036,1.68120143221
sh600981,2004-12-20,6.03,6.06,5.98,6.0,-0.004975,322710.0,1941110.0,300000000.0,1086540000.0,0.0064542,6.00000723789,2004-09-30,2004-10-26,33.0860047227,0.550130734808,91.211970211,1.67283745509
sh600981,2004-12-21,5.98,6.1,5.98,6.04,0.006667,102876.0,621215.0,302000000.0,1093783600.0,0.00205752,6.04000928614,2004-09-30,2004-10-26,33.3065891162,0.553798456417,91.8200804164,1.6839902624
sh600981,2004-12-22,6.02,6.17,6.01,6.16,0.019868,436810.0,2669500.0,308000000.0,1115514400.0,0.0087362,6.16001219064,2004-09-30,2004-10-26,33.9683244288,0.564801324149,93.6443617741,1.71744778093
sh600981,2004-12-23,6.22,6.22,6.06,6.09,-0.011364,283700.0,1735503.0,304500000.0,1102838100.0,0.005674,6.0900098121,2004-09-30,2004-10-26,33.58230839,0.558382921901,92.5801872469,1.69793070435
sh600981,2004-12-24,6.09,6.12,6.02,6.07,-0.003284,160020.0,971045.0,303500000.0,1099216300.0,0.0032004,6.07001021988,2004-09-30,2004-10-26,33.4720240892,0.556549192386,92.276153912,1.69235469992
sh600981,2004-12-27,6.07,6.12,6.0,6.01,-0.009885,272281.0,1645715.0,300500000.0,1088350900.0,0.00544562,6.01000816886,2004-09-30,2004-10-26,33.1411531311,0.551047703619,91.3640041306,1.67562577371
sh600981,2004-12-28,6.02,6.02,5.91,5.93,-0.013311,334180.0,1989323.0,296500000.0,1073863700.0,0.0066836,5.93000895012,2004-09-30,2004-10-26,32.7000112418,0.543712707636,90.1478578716,1.65332151904
sh600981,2004-12-29,5.98,5.98,5.78,5.79,-0.023609,428900.0,2516089.0,289500000.0,1048511100.0,0.008578,5.79000736882,2004-09-30,2004-10-26,31.9279966764,0.530876194322,88.0195570951,1.61428825129
sh600981,2004-12-30,5.81,5.85,5.74,5.79,0.0,251738.0,1456585.0,289500000.0,1048511100.0,0.00503476,5.79000736882,2004-09-30,2004-10-26,31.9279966764,0.530876194322,88.0195570951,1.61428825129
sh600981,2004-12-31,5.79,5.86,5.73,5.73,-0.010363,208700.0,1205047.0,286500000.0,1037645700.0,0.004174,5.73000552246,2004-09-30,2004-10-26,31.5971268468,0.52537472432,87.1074104249,1.59755938215
sh600981,2005-01-04,5.72,5.73,5.6,5.6,-0.022688,296000.0,1676925.0,280000000.0,1014104000.0,0.00592,5.60000315716,2004-09-30,2004-10-26,30.8802512329,0.513455022574,85.1311174972,1.56131395488
sh600981,2005-01-05,5.69,5.78,5.64,5.73,0.023214,296711.0,1696412.0,286500000.0,1037645700.0,0.00593422,5.73000163045,2004-09-30,2004-10-26,31.597105385,0.525374367469,87.1073512588,1.59755829703
sh600981,2005-01-06,5.75,5.75,5.65,5.66,-0.012216,199179.0,1132848.0,283000000.0,1024969400.0,0.00398358,5.66000393053,2004-09-30,2004-10-26,31.2111151457,0.518956394196,86.0432478558,1.57804252488
sh600981,2005-01-07,5.69,5.86,5.63,5.7,0.007067,201178.0,1149833.0,285000000.0,1032213000.0,0.00402356,5.70000317831,2004-09-30,2004-10-26,31.4316840964,0.522623859033,86.6513154884,1.5891945514
sh600981,2005-01-10,5.69,5.8,5.69,5.8,0.017544,135131.0,776284.0,290000000.0,1050322000.0,0.00270262,5.80000403407,2004-09-30,2004-10-26,31.9831215622,0.531792772016,88.1715261673,1.61707538061
sh600981,2005-01-11,5.7,5.8,5.7,5.75,-0.008621,157539.0,908373.0,287500000.0,1041267500.0,0.00315078,5.75000219929,2004-09-30,2004-10-26,31.7073950712,0.527208186529,87.4113994403,1.60313457375
sh600981,2005-01-12,5.74,5.82,5.73,5.81,0.010435,187399.0,1079793.0,290500000.0,1052132900.0,0.00374798,5.81000347224,2004-09-30,2004-10-26,32.0382617388,0.532709603955,88.3235373934,1.61986328303
sh600981,2005-01-13,5.76,5.78,5.73,5.77,-0.006885,178739.0,1028361.0,288500000.0,1044889300.0,0.00357478,5.77000159834,2004-09-30,2004-10-26,31.8176783067,0.529041898332,87.7154298385,1.60871052433
sh600981,2005-01-14,5.76,5.8,5.6,5.65,-0.020797,335000.0,1906353.0,282500000.0,1023158500.0,0.0067,5.6500028751,2004-09-30,2004-10-26,31.1559660509,0.518039413972,85.8912120441,1.57525417155
sh600981,2005-01-17,5.51,5.56,5.37,5.4,-0.044248,578709.0,3150850.0,270000000.0,977886000.0,0.01157418,5.40000154788,2004-09-30,2004-10-26,29.7773768651,0.495117205983,82.0906976936,1.50555232497
sh600981,2005-01-18,5.4,5.5,5.36,5.44,0.007407,310519.0,1677840.0,272000000.0,985129600.0,0.00621038,5.43999935934,2004-09-30,2004-10-26,29.9979378956,0.498784539127,82.6987434914,1.51670395104
sh600981,2005-01-19,5.43,5.49,5.37,5.38,-0.011029,203044.0,1095388.0,269000000.0,974264200.0,0.00406088,5.38000160641,2004-09-30,2004-10-26,29.6670906385,0.493283444445,81.7866590494,1.49997622316
sh600981,2005-01-20,5.38,5.38,5.13,5.14,-0.04461,632593.0,3295298.0,257000000.0,930802600.0,0.01265186,5.13999973475,2004-09-30,2004-10-26,28.3436417251,0.471278069989,78.1381561892,1.43306228385
sh600981,2005-01-21,5.11,5.32,5.09,5.29,0.029183,459508.0,2394869.0,264500000.0,957966100.0,0.00919016,5.29000034701,2004-09-30,2004-10-26,29.1707942216,0.485031377905,80.4184620013,1.47488334048
sh600981,2005-01-24,5.45,5.49,5.34,5.4,0.020794,534800.0,2889120.0,270000000.0,977886000.0,0.010696,5.40000061422,2004-09-30,2004-10-26,29.7773717166,0.495117120377,82.0906835002,1.50555206466
sh600981,2005-01-25,5.35,5.35,5.22,5.26,-0.025926,373363.0,1961270.0,263000000.0,952533400.0,0.00746726,5.2600001983,2004-09-30,2004-10-26,29.0053635775,0.482280713914,79.9624004397,1.46651912183
sh600981,2005-01-26,5.25,5.29,5.19,5.2,-0.011407,317440.0,1657240.0,260000000.0,941668000.0,0.0063488,5.19999937604,2004-09-30,2004-10-26,28.6744993952,0.476779337811,79.0502693379,1.44979053821
sh600981,2005-01-27,5.2,5.2,5.11,5.13,-0.013462,284154.0,1463114.0,256500000.0,928991700.0,0.00568308,5.12999698444,2004-09-30,2004-10-26,28.2884832843,0.470360934365,77.9860946121,1.43027345798
sh600981,2005-01-28,5.12,5.14,5.02,5.04,-0.017544,331602.0,1685856.0,252000000.0,912693600.0,0.00663204,5.03999631734,2004-09-30,2004-10-26,27.7921901336,0.462108922133,76.6179065682,1.40518074044
sh600981,2005-01-31,5.02,5.03,4.8,4.85,-0.037698,518671.0,2532063.0,242500000.0,878286500.0,0.01037342,4.84999853617,2004-09-30,2004-10-26,26.7444801499,0.444688339986,73.7295647264,1.35220823688
sh600981,2005-02-01,4.84,4.95,4.84,4.85,0.0,245400.0,1197887.94,242500000.0,878286500.0,0.004908,4.84999853617,2004-09-30,2004-10-26,26.7444801499,0.444688339986,73.7295647264,1.35220823688
sh600981,2005-02-02,4.94,5.14,4.86,5.11,0.053608,578712.0,2913170.0,255500000.0,925369900.0,0.01157424,5.1099972577,2004-09-30,2004-10-26,28.1781982418,0.468527192516,77.6820592323,1.42469741605
sh600981,2005-02-03,5.08,5.13,4.98,4.99,-0.023483,601000.0,3028213.0,249500000.0,903639100.0,0.01202,4.9899991921,2004-09-30,2004-10-26,27.5164896125,0.457524768454,75.8578514353,1.39124124663
sh600981,2005-02-04,5.01,5.17,4.95,5.16,0.034068,652921.0,3328951.0,258000000.0,934424400.0,0.01305842,5.15999848457,2004-09-30,2004-10-26,28.4539213806,0.473111722266,78.442176718,1.43863805342
sh600981,2005-02-16,5.18,5.25,5.14,5.16,0.0,366502.0,1902016.0,258000000.0,934424400.0,0.00733004,5.15999848457,2004-09-30,2004-10-26,28.4539213806,0.473111722266,78.442176718,1.43863805342
sh600981,2005-02-17,5.16,5.16,5.06,5.1,-0.011628,277800.0,1413387.0,255000000.0,923559000.0,0.005556,5.09999802219,2004-09-30,2004-10-26,28.1230591828,0.467610379159,77.5300510871,1.42190957013
sh600981,2005-02-18,5.08,5.13,5.06,5.07,-0.005882,221400.0,1125782.0,253500000.0,918126300.0,0.004428,5.06999983383,2004-09-30,2004-10-26,27.9576393487,0.464859894909,77.0740193266,1.41354589804
sh600981,2005-02-21,5.06,5.2,5.06,5.18,0.021696,350035.0,1804219.0,259000000.0,938046200.0,0.0070007,5.17999855022,2004-09-30,2004-10-26,28.564208292,0.474945495189,78.7462172499,1.44421418984
sh600981,2005-02-22,5.17,5.33,5.14,5.33,0.028958,993127.0,5219856.0,266500000.0,965209700.0,0.01986254,5.33000094824,2004-09-30,2004-10-26,29.3913706357,0.488698966839,81.0265502091,1.48603574435
sh600981,2005-02-23,5.32,5.43,5.25,5.39,0.011257,1230266.0,6603971.0,269500000.0,976075100.0,0.02460532,5.39000076891,2004-09-30,2004-10-26,29.722229295,0.494200251109,81.9386660848,1.50276404873
sh600981,2005-02-24,5.38,5.55,5.35,5.47,0.014842,1304153.0,7117864.0,273500000.0,990562300.0,0.02608306,5.46999916032,2004-09-30,2004-10-26,30.1633666221,0.501535171236,83.1547997668,1.52506807274
sh600981,2005-02-25,5.47,5.53,5.39,5.4,-0.012797,897326.0,4895337.0,270000000.0,977886000.0,0.01794652,5.39999958107,2004-09-30,2004-10-26,29.7773660195,0.495117025649,82.0906677942,1.50555177661
sh600981,2005-02-28,5.36,5.45,5.33,5.4,0.0,514333.0,2761047.0,270000000.0,977886000.0,0.01028666,5.39999958107,2004-09-30,2004-10-26,29.7773660195,0.495117025649,82.0906677942,1.50555177661
sh600981,2005-03-01,5.4,5.41,5.32,5.38,-0.003704,458026.0,2463585.0,269000000.0,974264200.0,0.00916052,5.37999798262,2004-09-30,2004-10-26,29.6670706557,0.493283112186,81.7866039607,1.49997521283
sh600981,2005-03-02,5.4,5.47,5.22,5.24,-0.026022,617658.0,3304008.0,262000000.0,948911600.0,0.01235316,5.23999967512,2004-09-30,2004-10-26,28.8950741431,0.480446899041,79.6583529524,1.46094285784
sh600981,2005-03-03,5.23,5.32,5.23,5.31,0.013359,366100.0,1929689.0,265500000.0,961587900.0,0.007322,5.31000083078,2004-09-30,2004-10-26,29.2810834386,0.486865189165,80.7225088895,1.48045959348
sh600981,2005-03-04,5.31,5.33,5.24,5.25,-0.011299,267700.0,1414461.0,262500000.0,950722500.0,0.005354,5.25000313139,2004-09-30,2004-10-26,28.9502364769,0.481364099393,79.8104252616,1.46373188053
sh600981,2005-03-07,5.27,5.39,5.25,5.38,0.024762,492780.0,2627455.0,269000000.0,974264200.0,0.0098556,5.38000370893,2004-09-30,2004-10-26,29.6671022325,0.493283637222,81.7866910119,1.49997680936
sh600981,2005-03-08,5.38,5.49,5.34,5.48,0.018587,697189.0,3779971.0,274000000.0,992373200.0,0.01394378,5.48000183787,2004-09-30,2004-10-26,30.2185246617,0.502452300187,83.3068602377,1.52785687831
sh600981,2005-03-09,5.5,5.51,5.39,5.44,-0.007299,647490.0,3530693.0,272000000.0,985129600.0,0.0129498,5.44000330445,2004-09-30,2004-10-26,29.9979596502,0.498784900848,82.6988034649,1.51670505096
sh600981,2005-03-10,5.44,5.44,5.24,5.34,-0.018382,701750.0,3752024.0,267000000.0,967020600.0,0.014035,5.34000516371,2004-09-30,2004-10-26,29.4465371559,0.489616236801,81.1786340596,1.48882497871
sh600981,2005-03-11,5.34,5.55,5.32,5.49,0.02809,1299670.0,7092604.0,274500000.0,994184100.0,0.0259934,5.49000590876,2004-09-30,2004-10-26,30.2736903846,0.503369556892,83.4589418903,1.53064607236
sh600981,2005-03-14,5.44,5.51,5.33,5.43,-0.010929,792996.0,4306457.0,271500000.0,983318700.0,0.01585992,5.43000563418,2004-09-30,2004-10-26,29.9428292224,0.497868231005,82.5468191144,1.51391764144
sh600981,2005-03-15,5.45,5.45,5.22,5.23,-0.036832,604036.0,3201241.0,261500000.0,947100700.0,0.01208072,5.23000766666,2004-09-30,2004-10-26,28.8399749365,0.479530748321,79.5064546728,1.45815702687
sh600981,2005-03-16,5.2,5.3,5.14,5.15,-0.015296,552610.0,2871132.0,257500000.0,932613500.0,0.0110522,5.1500094694,2004-09-30,2004-10-26,28.3988386798,0.472195845994,78.2903239421,1.43585305699
sh600981,2005-03-17,5.16,5.2,5.08,5.08,-0.013592,410799.0,2106037.0,254000000.0,919937200.0,0.00821598,5.08001054069,2004-09-30,2004-10-26,28.0128416645,0.465777760056,77.2262018591,1.41633694224
sh600981,2005-03-18,5.05,5.12,4.98,5.04,-0.007874,422400.0,2129785.0,252000000.0,912693600.0,0.008448,5.04001053769,2004-09-30,2004-10-26,27.7922685492,0.462110225973,76.6181227456,1.40518470515
sh600981,2005-03-21,5.04,5.08,4.95,5.07,0.005952,336763.0,1686111.0,253500000.0,918126300.0,0.00673526,5.07000868041,2004-09-30,2004-10-26,27.9576881316,0.464860706038,77.0741538122,1.41354836452
sh600981,2005-03-22,5.08,5.1,4.81,4.88,-0.037475,531200.0,2634716.0,244000000.0,883719200.0,0.010624,4.88001010511,2004-09-30,2004-10-26,26.9099737689,0.447440051079,74.1857998981,1.36057563956
sh600981,2005-03-23,4.88,4.95,4.82,4.88,0.0,306008.0,1490487.0,244000000.0,883719200.0,0.00612016,4.88001010511,2004-09-30,2004-10-26,26.9099737689,0.447440051079,74.1857998981,1.36057563956
sh600981,2005-03-24,4.88,4.93,4.8,4.9,0.004098,285787.0,1382993.0,245000000.0,887341000.0,0.00571574,4.90000838652,2004-09-30,2004-10-26,27.0202508414,0.449273660409,74.4898133061,1.36615127853
sh600981,2005-03-28,4.88,4.88,4.7,4.78,-0.02449,371000.0,1758106.0,239000000.0,865610200.0,0.00742,4.78000718114,2004-09-30,2004-10-26,26.3585248983,0.438270948465,72.6655577782,1.33269423372
sh600981,2005-03-29,4.8,4.8,4.66,4.67,-0.023013,309700.0,1467252.0,233500000.0,845690300.0,0.006194,4.67000487588,2004-09-30,2004-10-26,25.7519361648,0.428185019128,70.9933052971,1.30202494132
sh600981,2005-03-30,4.61,4.63,4.41,4.44,-0.049251,634600.0,2859900.0,222000000.0,804039600.0,0.012692,4.44000246574,2004-09-30,2004-10-26,24.4836275568,0.407096478751,67.4968140179,1.23789891093
sh600981,2005-03-31,4.46,4.58,4.46,4.57,0.029279,446816.0,2023277.0,228500000.0,827581300.0,0.00893632,4.57000129793,2004-09-30,2004-10-26,25.200483688,0.419015856552,69.4730532355,1.27414335315
sh600981,2005-04-01,4.57,4.8,4.46,4.7,0.028446,719939.0,3326287.0,235000000.0,851123000.0,0.01439878,4.69999955485,2004-09-30,2004-10-26,25.917336647,0.430935181608,71.4492837078,1.31038763497
sh600981,2005-04-04,4.65,4.66,4.56,4.63,-0.014894,328469.0,1513436.0,231500000.0,838446700.0,0.00656938,4.62999776148,2004-09-30,2004-10-26,25.531323835,0.424516833013,70.3851180763,1.29087072153
sh600981,2005-04-05,4.6,4.64,4.5,4.5,-0.028078,335900.0,1533504.0,225000000.0,814905000.0,0.006718,4.49999668433,2004-09-30,2004-10-26,24.8144553243,0.412597249376,68.4088447309,1.25462565341
sh600981,2005-04-06,4.5,4.66,4.45,4.64,0.031111,512741.0,2345003.0,232000000.0,840257600.0,0.01025482,4.63999608118,2004-09-30,2004-10-26,25.5864578439,0.425433562401,70.5371122994,1.29365831212
sh600981,2005-04-07,4.64,4.87,4.64,4.7,0.012931,1270498.0,6010511.0,235000000.0,851123000.0,0.02540996,4.69999587051,2004-12-31,2005-04-07,21.8789859323,0.320685562961,9.31430836306,1.29827009653
sh600981,2005-04-08,4.69,4.79,4.62,4.76,0.012766,764132.0,3606679.0,238000000.0,861988400.0,0.01528264,4.75999601779,2004-12-31,2005-04-07,22.1582930667,0.324779434858,9.43321482362,1.31484381258
sh600981,2005-04-11,4.77,4.83,4.68,4.74,-0.004202,520006.0,2467656.0,237000000.0,858366600.0,0.01040012,4.73999451452,2004-12-31,2005-04-07,22.0651839192,0.323414711673,9.39357645493,1.30931883888
sh600981,2005-04-12,4.68,4.76,4.58,4.59,-0.031646,481365.0,2241261.0,229500000.0,831203100.0,0.0096273,4.58999264812,2004-12-31,2005-04-07,21.3669091089,0.313179929707,9.09630733444,1.26788413491
sh600981,2005-04-13,4.55,4.73,4.55,4.72,0.028322,760806.0,3562055.0,236000000.0,854744800.0,0.01521612,4.7199904199,2004-12-31,2005-04-07,21.9720627087,0.322049811676,9.35393295077,1.30379314938
sh600981,2005-04-14,4.76,4.76,4.58,4.61,-0.023305,388683.0,1806306.0,230500000.0,834824900.0,0.00777366,4.60999104316,2004-12-31,2005-04-07,21.4600037873,0.314544440815,9.13593954335,1.27340825003
sh600981,2005-04-15,4.55,4.59,4.38,4.42,-0.041215,787200.0,3503607.0,221000000.0,800417800.0,0.015744,4.41999026232,2004-12-31,2005-04-07,20.5755297312,0.301580491687,8.75940179507,1.220924729
sh600981,2005-04-18,4.4,4.4,4.2,4.3,-0.027149,565900.0,2423914.0,215000000.0,778687000.0,0.011318,4.29999194668,2004-12-31,2005-04-07,20.0169246745,0.293392882918,8.52159279574,1.18777784354
sh600981,2005-04-19,4.24,4.33,4.24,4.32,0.004651,183600.0,787662.0,216000000.0,782308800.0,0.003672,4.31999120923,2004-12-31,2005-04-07,20.1100233912,0.294757453217,8.56122672383,1.19330219829
sh600981,2005-04-20,4.28,4.28,4.15,4.2,-0.027778,406661.0,1711820.0,210000000.0,760578000.0,0.00813322,4.19999049342,2004-12-31,2005-04-07,19.5514071614,0.286569680681,8.32341296789,1.16015464982
sh600981,2005-04-21,4.2,4.25,4.08,4.14,-0.014286,424730.0,1761998.0,207000000.0,749712600.0,0.0084946,4.13998942923,2004-12-31,2005-04-07,19.2720957587,0.282475746223,8.20450469023,1.1435806805
sh600981,2005-04-22,4.17,4.29,4.08,4.28,0.033816,845754.0,3545470.0,214000000.0,775065200.0,0.01691508,4.27998731177,2005-03-31,2005-04-22,15.6391021401,0.243432982928,17.7040934511,1.16334158454
sh600981,2005-04-25,4.25,4.32,4.18,4.3,0.004673,786018.0,3340376.0,215000000.0,778687000.0,0.01572036,4.29998769248,2005-03-31,2005-04-22,15.7121836644,0.244570545257,17.7868246798,1.16877787977
sh600981,2005-04-26,4.31,4.47,4.27,4.41,0.025581,1183181.0,5184271.0,220500000.0,798606900.0,0.02366362,4.40998567764,2005-03-31,2005-04-22,16.1141170348,0.250826904376,18.241829442,1.19867638671
sh600981,2005-04-27,4.42,4.42,4.22,4.25,-0.036281,496000.0,2144573.0,212500000.0,769632500.0,0.00992,4.24998698727,2005-03-31,2005-04-22,15.5294807546,0.241726653458,17.579997628,1.15518720872
sh600981,2005-04-28,4.2,4.44,4.18,4.38,0.030588,713135.0,3099377.0,219000000.0,793174200.0,0.0142627,4.37998558923,2005-03-31,2005-04-22,16.004496512,0.249120588334,18.1177345954,1.19052207506
sh600981,2005-04-29,4.38,4.38,4.2,4.25,-0.02968,478000.0,2053104.0,212500000.0,769632500.0,0.00956,4.24998761695,2005-03-31,2005-04-22,15.5294830555,0.241726689272,17.5800002326,1.15518737988
sh600981,2005-05-09,4.34,4.34,4.08,4.08,-0.04,478249.0,1986179.0,204000000.0,738847200.0,0.00956498,4.07998811227,2005-03-31,2005-04-22,14.9083037333,0.232057621701,16.8768002233,1.10897988468
sh600981,2005-05-10,4.05,4.28,3.85,4.03,-0.012255,545060.0,2171250.0,201500000.0,729792700.0,0.0109012,4.02998785795,2005-03-31,2005-04-22,14.725602471,0.229213755547,16.6699750366,1.09538933619
sh600981,2005-05-11,4.03,4.08,3.9,3.93,-0.024814,359326.0,1435996.0,196500000.0,711683700.0,0.00718652,3.92998773924,2005-03-31,2005-04-22,14.3602013713,0.223526045417,16.256326276,1.06820834521
sh600981,2005-05-13,3.9,4.07,3.85,4.01,0.020356,345301.0,1384673.0,200500000.0,726170900.0,0.00690602,4.00998656966,2005-03-31,2005-04-22,14.6525176304,0.228076141598,16.5872400537,1.08995279428
sh600981,2005-05-16,4.0,4.06,3.99,4.03,0.004988,278071.0,1117035.0,201500000.0,729792700.0,0.00556142,4.02998838267,2005-03-31,2005-04-22,14.7256043883,0.229213785392,16.6699772071,1.09538947882
sh600981,2005-05-17,4.04,4.1,4.0,4.05,0.004963,271161.0,1098102.0,202500000.0,733414500.0,0.00542322,4.04998921502,2005-03-31,2005-04-22,14.7986875629,0.230351373409,16.752710304,1.1008258968
sh600981,2005-05-18,4.05,4.09,4.03,4.08,0.007407,214400.0,869702.0,204000000.0,738847200.0,0.004288,4.07998748513,2005-03-31,2005-04-22,14.9083014417,0.232057586032,16.8767976292,1.10897971422
sh600981,2005-05-19,4.08,4.13,4.01,4.12,0.009804,266958.0,1087123.0,206000000.0,746090800.0,0.00533916,4.11998768244,2005-03-31,2005-04-22,15.054462429,0.234332678605,17.0422577532,1.11985215134
sh600981,2005-05-20,4.09,4.13,4.01,4.03,-0.021845,266888.0,1087804.0,201500000.0,729792700.0,0.00533776,4.02998655151,2005-03-31,2005-04-22,14.7255976973,0.229213681241,16.6699696325,1.09538898109
sh600981,2005-05-23,3.9,3.9,3.63,3.65,-0.094293,1579592.0,5856090.0,182500000.0,660978500.0,0.03159184,3.64998702961,2005-03-31,2005-04-22,13.3370769136,0.207600435596,15.098108186,0.992101467897
sh600981,2005-05-24,3.56,3.75,3.53,3.71,0.016438,465107.0,1710840.0,185500000.0,671843900.0,0.00930214,3.7099855164,2005-03-31,2005-04-22,13.5563117839,0.211012971556,15.3462908883,1.00840963183
sh600981,2005-05-25,3.62,3.79,3.62,3.72,0.002695,462455.0,1718678.0,186000000.0,673654800.0,0.0092491,3.71998392737,2005-03-31,2005-04-22,13.5928460442,0.211581651515,15.3876491423,1.01112729578
sh600981,2005-05-26,3.7,3.78,3.7,3.77,0.013441,395247.0,1474247.0,188500000.0,682709300.0,0.00790494,3.76998423134,2005-03-31,2005-04-22,13.7755474878,0.214425520493,15.5944745344,1.02471785777
sh600981,2005-05-27,3.77,3.79,3.72,3.74,-0.007958,422811.0,1585118.0,187000000.0,677276600.0,0.00845622,3.73998269683,2005-03-31,2005-04-22,13.6659216809,0.2127191222,15.4703737061,1.01656315305
sh600981,2005-05-30,3.71,3.83,3.6,3.81,0.018717,526199.0,1976924.0,190500000.0,689952900.0,0.01052398,3.80998395296,2005-03-31,2005-04-22,13.921706737,0.216700586011,15.7599326907,1.03559016559
sh600981,2005-05-31,3.88,3.93,3.81,3.84,0.007874,841707.0,3251697.0,192000000.0,695385600.0,0.01683414,3.83998376661,2005-03-31,2005-04-22,14.0313262559,0.218406886425,15.8840264007,1.04374440255
sh600981,2005-06-01,3.8,3.84,3.72,3.75,-0.023438,316380.0,1194578.0,187500000.0,679087500.0,0.0063276,3.74998222709,2005-03-31,2005-04-22,13.7024600311,0.213287865821,15.5117365899,1.01928112125
sh600981,2005-06-02,3.72,3.8,3.7,3.75,0.0,383822.0,1437606.0,187500000.0,679087500.0,0.00767644,3.74998222709,2005-03-31,2005-04-22,13.7024600311,0.213287865821,15.5117365899,1.01928112125
sh600981,2005-06-03,3.75,3.8,3.72,3.77,0.005333,278010.0,1042701.0,188500000.0,682709300.0,0.0055602,3.7699808823,2005-03-31,2005-04-22,13.7755352505,0.214425330009,15.5944606812,1.02471694747
sh600981,2005-06-06,3.8,3.82,3.71,3.82,0.013263,280474.0,1058846.0,191000000.0,691763800.0,0.00560948,3.81998213875,2005-03-31,2005-04-22,13.9582401745,0.217269253161,15.8012900132,1.03830776834
sh600981,2005-06-07,3.8,3.9,3.8,3.83,0.002618,785000.0,3029745.0,191500000.0,693574700.0,0.0157,3.82998285199,2005-03-31,2005-04-22,13.9947828473,0.217838064066,15.8426577904,1.04102605808
sh600981,2005-06-08,3.9,4.17,3.9,4.15,0.083551,1500589.0,6068121.0,207500000.0,751523500.0,0.03001178,4.14998174925,2005-03-31,2005-04-22,15.1640609489,0.236038652157,17.1663276915,1.12800482626
sh600981,2005-06-09,4.0,4.18,3.98,4.08,0.024096,1400251.0,5711216.0,204000000.0,738847200.0,0.02800502,4.24997970948,2005-03-31,2005-04-22,15.5294541616,0.241726239519,17.5799675236,1.15518523055
sh600981,2005-06-10,4.1,4.11,3.89,3.91,-0.041667,898431.0,3585698.0,195500000.0,708061900.0,0.01796862,4.07289580493,2005-03-31,2005-04-22,14.882388395,0.231654232297,16.8474630167,1.10705212755
sh600981,2005-06-13,4.05,4.3,4.0,4.16,0.063939,3459217.0,14486890.0,208000000.0,753334400.0,0.06918434,4.3333126898,2005-03-31,2005-04-22,15.8339534266,0.246465972256,17.9246729546,1.17783593353
sh600981,2005-06-14,4.04,4.18,4.01,4.02,-0.033654,1268600.0,5180291.0,201000000.0,727981800.0,0.025372,4.18747938453,2005-03-31,2005-04-22,15.301077558,0.238171406426,17.321436011,1.13819704303
sh600981,2005-06-15,4.01,4.02,3.86,3.88,-0.034826,653600.0,2562452.0,194000000.0,702629200.0,0.013072,4.04164622749,2005-03-31,2005-04-22,14.7682022309,0.229876849025,16.7181996804,1.09855819281
sh600981,2005-06-16,3.9,3.96,3.84,3.95,0.018041,485369.0,1903851.0,197500000.0,715305500.0,0.00970738,4.11456156708,2005-03-31,2005-04-22,15.0346353674,0.234024057259,17.0198127209,1.11837728116
sh600981,2005-06-17,3.96,4.04,3.9,3.94,-0.002532,460885.0,1824734.0,197000000.0,713494600.0,0.0092177,4.10414349719,2005-03-31,2005-04-22,14.9965676706,0.233431508346,16.9767185551,1.11554554989
sh600981,2005-06-20,4.0,4.06,3.88,4.06,0.030457,805135.0,3212247.0,203000000.0,735225400.0,0.0161027,4.22914339569,2005-03-31,2005-04-22,15.4533181322,0.240541131795,17.4937784721,1.1495217207
sh600981,2005-06-21,4.06,4.06,3.94,4.01,-0.012315,484574.0,1941251.0,200500000.0,726170900.0,0.00969148,4.17706149477,2005-03-31,2005-04-22,15.2630105194,0.237578867757,17.2783425902,1.13536536071
sh600981,2005-06-22,4.01,4.08,3.96,4.08,0.017456,542546.0,2187829.0,204000000.0,738847200.0,0.01085092,4.24997628022,2005-03-31,2005-04-22,15.529441631,0.241726044473,17.5799533385,1.15518429844
sh600981,2005-06-23,4.08,4.11,4.02,4.02,-0.014706,566200.0,2303781.0,201000000.0,727981800.0,0.011324,4.18747612904,2005-03-31,2005-04-22,15.3010656624,0.238171221263,17.3214225447,1.13819615815
sh600981,2005-06-24,3.97,4.02,3.94,4.0,-0.004975,467700.0,1859702.0,200000000.0,724360000.0,0.009354,4.1666434353,2005-03-31,2005-04-22,15.2249428607,0.236986319437,17.2352484675,1.13253363226
sh600981,2005-06-27,4.06,4.28,4.06,4.17,0.0425,2168578.0,9059794.0,208500000.0,755145300.0,0.04337156,4.3437257813,2005-03-31,2005-04-22,15.8720029323,0.247058238013,17.9677465274,1.18066631164
sh600981,2005-06-28,4.12,4.15,4.02,4.05,-0.028777,878652.0,3577355.0,202500000.0,733414500.0,0.01757304,4.21872638449,2005-03-31,2005-04-22,15.4152543039,0.239948643098,17.4506886856,1.14669027719
sh600981,2005-06-29,4.06,4.18,4.05,4.1,0.012346,852874.0,3508807.0,205000000.0,742469000.0,0.01705748,4.27081078044,2005-03-31,2005-04-22,15.6055710335,0.242911049046,17.6661348881,1.16084731535
sh600981,2005-06-30,4.13,4.13,3.98,4.0,-0.02439,823425.0,3326167.0,200000000.0,724360000.0,0.0164685,4.1666457055,2005-03-31,2005-04-22,15.224951156,0.236986448559,17.2352578582,1.13253424933
sh600981,2005-07-01,3.97,3.98,3.82,3.85,-0.0375,541030.0,2107018.0,192500000.0,697196500.0,0.0108206,4.01039649154,2005-03-31,2005-04-22,14.6540154877,0.228099456738,16.5889356885,1.09006421498
sh600981,2005-07-04,3.85,3.85,3.66,3.76,-0.023377,536701.0,1996737.0,188000000.0,680898400.0,0.01073402,3.91664545276,2005-03-31,2005-04-22,14.3114485676,0.222767175738,16.2011361389,1.06458178382
sh600981,2005-07-05,3.71,3.78,3.7,3.71,-0.013298,154400.0,576840.0,185500000.0,671843900.0,0.003088,3.86456190153,2005-03-31,2005-04-22,14.1211349246,0.219804817835,15.9856934305,1.05042497526
sh600981,2005-07-06,3.72,3.79,3.7,3.74,0.008086,146843.0,548504.0,187000000.0,677276600.0,0.00293686,3.89581074907,2005-03-31,2005-04-22,14.2353184216,0.221582159592,16.1149537476,1.05891871161
sh600981,2005-07-07,3.74,3.81,3.72,3.77,0.008021,219700.0,829227.0,188500000.0,682709300.0,0.004394,3.92705904709,2005-03-31,2005-04-22,14.3494999106,0.223359470094,16.2442117916,1.0674122986
sh600981,2005-07-08,3.76,3.78,3.65,3.68,-0.023873,211800.0,782129.0,184000000.0,666411200.0,0.004236,3.83330836645,2005-03-31,2005-04-22,14.0069342993,0.218027209465,15.8564137235,1.04192996479
sh600981,2005-07-11,3.75,3.79,3.66,3.66,-0.005435,166300.0,618750.0,183000000.0,662789400.0,0.003326,3.81247433548,2005-03-31,2005-04-22,13.9308066114,0.216842231581,15.7702341149,1.03626707544
sh600981,2005-07-12,3.66,3.8,3.6,3.77,0.030055,358184.0,1330114.0,188500000.0,682709300.0,0.00716368,3.92705825164,2005-03-31,2005-04-22,14.3494970041,0.223359424852,16.2442085012,1.06741208239
sh600981,2005-07-13,3.72,3.77,3.67,3.68,-0.023873,311901.0,1158788.0,184000000.0,666411200.0,0.00623802,3.83330758999,2005-03-31,2005-04-22,14.0069314621,0.218027165302,15.8564105117,1.04192975374
sh600981,2005-07-14,3.67,3.73,3.6,3.62,-0.016304,333300.0,1218738.0,181000000.0,655545800.0,0.006666,3.77080934305,2005-03-31,2005-04-22,13.7785624515,0.214472450399,15.5978875947,1.02494213104
sh600981,2005-07-15,3.63,3.67,3.34,3.37,-0.069061,657300.0,2274984.0,168500000.0,610273300.0,0.013146,3.51039347901,2005-03-31,2005-04-22,12.8270011501,0.199660768502,14.5206818795,0.954158602528
sh600981,2005-07-18,3.37,3.37,3.28,3.3,-0.020772,338000.0,1118189.0,165000000.0,597597000.0,0.00676,3.43747558566,2005-03-31,2005-04-22,12.5605586822,0.195513415019,14.2190582755,0.934338820036
sh600981,2005-07-19,3.34,3.42,3.28,3.42,0.036364,233700.0,785121.0,171000000.0,619327800.0,0.004674,3.56247594786,2005-03-31,2005-04-22,13.0173108381,0.202623064842,14.7361201107,0.968315116888
sh600981,2005-07-20,3.3,3.43,3.3,3.4,-0.005848,289827.0,984492.0,170000000.0,615706000.0,0.00579654,3.54164258851,2005-03-31,2005-04-22,12.9411856043,0.201438125159,14.6499432803,0.962652410084
sh600981,2005-07-21,3.38,3.48,3.34,3.41,0.002941,388600.0,1316655.0,170500000.0,617516900.0,0.007772,3.55205855937,2005-06-30,2005-07-21,17.9978571466,0.241029275585,-46.6267399568,0.954525669323
sh600981,2005-07-22,3.4,3.54,3.3,3.5,0.026393,1194127.0,4101061.0,175000000.0,633815000.0,0.02388254,3.64580804092,2005-06-30,2005-07-21,18.4728745903,0.247390761256,-47.8573595045,0.979718465313
sh600981,2005-07-25,3.45,3.45,3.36,3.41,-0.025714,589518.0,2008980.0,170500000.0,617516900.0,0.01179036,3.55205973296,2005-06-30,2005-07-21,17.9978630931,0.241029355221,-46.6267553622,0.954525984696
sh600981,2005-07-26,3.45,3.53,3.43,3.5,0.026393,867296.0,3018643.0,175000000.0,633815000.0,0.01734592,3.64580924549,2005-06-30,2005-07-21,18.4728806937,0.247390842993,-47.8573753164,0.97971878901
sh600981,2005-07-27,3.55,3.56,3.46,3.55,0.014286,632139.0,2219850.0,177500000.0,642869500.0,0.01264278,3.69789327637,2005-06-30,2005-07-21,18.7367842673,0.250925068576,-48.5410657802,0.99371505163
sh600981,2005-07-28,3.54,3.68,3.54,3.6,0.014085,1204379.0,4353242.0,180000000.0,651924000.0,0.02408758,3.74997810317,2005-06-30,2005-07-21,19.0006918737,0.254459348167,-49.2247666917,1.00771152813
sh600981,2005-07-29,3.6,3.67,3.55,3.59,-0.002778,752257.0,2714078.0,179500000.0,650113100.0,0.01504514,3.739560664,2005-06-30,2005-07-21,18.9479079517,0.253752460098,-49.0880202899,1.00491210551
sh600981,2005-08-01,3.62,3.66,3.57,3.61,0.005571,762799.0,2750706.0,180500000.0,653734900.0,0.01525598,3.76039375646,2005-06-30,2005-07-21,19.0534667469,0.255166115053,-49.3614896509,1.01051047085
sh600981,2005-08-02,3.59,3.63,3.55,3.63,0.00554,741854.0,2663127.0,181500000.0,657356700.0,0.01483708,3.78122633787,2005-06-30,2005-07-21,19.1590229526,0.256579735331,-49.6349523036,1.01610869886
sh600981,2005-08-03,3.63,3.74,3.6,3.68,0.013774,1484536.0,5469249.0,184000000.0,666411200.0,0.02969072,3.83330894945,2005-06-30,2005-07-21,19.4229193348,0.260113864605,-50.3186241366,1.03010458007
sh600981,2005-08-04,3.72,3.86,3.68,3.69,0.002717,2645966.0,9925517.0,184500000.0,668222100.0,0.05291932,3.84372404986,2005-06-30,2005-07-21,19.4756914066,0.260820593975,-50.4553398384,1.03290337422
sh600981,2005-08-05,3.67,3.81,3.65,3.79,0.0271,1566691.0,5845778.0,189500000.0,686331100.0,0.03133382,3.94788897162,2005-06-30,2005-07-21,20.0034826437,0.267888832072,-51.822679548,1.06089505566
sh600981,2005-08-08,3.8,3.9,3.78,3.82,0.007916,1557434.0,5978911.0,191000000.0,691763800.0,0.03114868,3.97914046071,2005-06-30,2005-07-21,20.1618302124,0.270009440067,-52.2329078793,1.06929310092
sh600981,2005-08-09,3.82,3.85,3.77,3.84,0.005236,1022690.0,3895998.0,192000000.0,695385600.0,0.0204538,3.99997524017,2005-06-30,2005-07-21,20.2673975553,0.271423209495,-52.5063993849,1.0748919196
sh600981,2005-08-10,3.85,3.89,3.78,3.88,0.010417,1139813.0,4372175.0,194000000.0,702629200.0,0.02279626,4.04164298224,2005-06-30,2005-07-21,20.4785230357,0.274250625068,-53.0533585473,1.08608906872
sh600981,2005-08-11,3.87,3.92,3.84,3.9,0.005155,1663733.0,6467004.0,195000000.0,706251000.0,0.03327466,4.06247765182,2005-06-30,2005-07-21,20.5840898219,0.27566438704,-53.3268486107,1.09168785787
sh600981,2005-08-12,3.9,3.99,3.81,3.82,-0.020513,1726593.0,6746658.0,191000000.0,691763800.0,0.03453186,3.97914404775,2005-06-30,2005-07-21,20.1618483874,0.270009683469,-52.2329549651,1.06929406484
sh600981,2005-08-15,3.81,3.98,3.8,3.96,0.036649,1238054.0,4831469.0,198000000.0,717116400.0,0.02476108,4.12497569795,2005-06-30,2005-07-21,20.900759969,0.279905268358,-54.1472405316,1.10848262303
sh600981,2005-08-16,3.93,4.0,3.88,3.91,-0.012626,1281644.0,5042849.0,195500000.0,708061900.0,0.02563288,4.07289375479,2005-06-30,2005-07-21,20.6368669736,0.27637118444,-53.4635774727,1.09448692143
sh600981,2005-08-17,3.93,4.18,3.91,4.13,0.056266,3299201.0,13426334.0,206500000.0,747901700.0,0.06598402,4.3020591948,2005-06-30,2005-07-21,21.7980209307,0.291921485504,-56.4717591227,1.15606932255
sh600981,2005-08-18,4.18,4.19,3.93,3.94,-0.046005,2505906.0,10243626.0,197000000.0,713494600.0,0.05011812,4.10414296154,2005-06-30,2005-07-21,20.7952029778,0.278491637563,-53.8737758443,1.10288435336
sh600981,2005-08-19,3.91,3.99,3.81,3.91,-0.007614,1208256.0,4705502.0,195500000.0,708061900.0,0.02416512,4.07289401703,2005-06-30,2005-07-21,20.6368683023,0.276371202235,-53.463580915,1.0944869919
sh600981,2005-08-22,3.89,4.02,3.87,3.97,0.015345,567500.0,2240778.0,198500000.0,718927300.0,0.01135,4.13539257572,2005-06-30,2005-07-21,20.9535410464,0.280612118333,-54.2839795642,1.11128189479
sh600981,2005-08-23,3.97,3.97,3.86,3.9,-0.017632,482900.0,1889134.0,195000000.0,706251000.0,0.009658,4.06247733383,2005-06-30,2005-07-21,20.5840882107,0.275664365463,-53.3268444365,1.09168777242
sh600981,2005-08-24,3.92,3.97,3.9,3.94,0.010256,571658.0,2245969.0,197000000.0,713494600.0,0.01143316,4.10414210136,2005-06-30,2005-07-21,20.7951986194,0.278491579195,-53.873764553,1.10288412221
sh600981,2005-08-26,3.97,4.04,3.95,4.0,0.015228,909572.0,3625712.0,200000000.0,724360000.0,0.01819144,4.16663997728,2005-06-30,2005-07-21,21.111867904,0.282732448963,-54.6941542396,1.11967884163
sh600981,2005-08-29,4.02,4.14,3.98,4.1,0.025,1616971.0,6570572.0,205000000.0,742469000.0,0.03233942,4.27080597671,2005-06-30,2005-07-21,21.6396646016,0.289800760187,-56.0615080956,1.14767081267
sh600981,2005-08-30,4.09,4.09,3.98,4.01,-0.021951,782581.0,3142980.0,200500000.0,726170900.0,0.01565162,4.17705751472,2005-06-30,2005-07-21,21.1646523239,0.2834393437,-54.8309019314,1.12247829066
sh600981,2005-08-31,3.99,4.09,3.93,4.07,0.014963,849456.0,3417829.0,203500000.0,737036300.0,0.01698912,4.23955882631,2005-06-30,2005-07-21,21.4813390166,0.2876804466,-55.651336717,1.13927393332
sh600981,2005-09-01,4.02,4.18,3.99,4.13,0.014742,2221741.0,9136546.0,206500000.0,747901700.0,0.04443482,4.30205840253,2005-06-30,2005-07-21,21.7980169164,0.291921431744,-56.4717487229,1.15606910965
sh600981,2005-09-02,4.11,4.13,4.04,4.09,-0.009685,2038961.0,8320916.0,204500000.0,740658100.0,0.04077922,4.2603929669,2005-06-30,2005-07-21,21.5869031226,0.289094172677,-55.9248198365,1.14487258032
sh600981,2005-09-05,4.09,4.18,4.07,4.18,0.022005,1689676.0,6999463.0,209000000.0,756956200.0,0.03379352,4.35414291414,2005-06-30,2005-07-21,22.0619229258,0.295455689947,-57.155445497,1.17006550145
sh600981,2005-09-06,4.22,4.3,4.04,4.07,-0.026316,2730398.0,11518194.0,203500000.0,737036300.0,0.05460796,4.23955928921,2005-06-30,2005-07-21,21.4813413621,0.28768047801,-55.6513427933,1.13927405771
sh600981,2005-09-07,4.07,4.18,4.03,4.17,0.02457,1251934.0,5133114.0,208500000.0,755145300.0,0.02503868,4.34372526094,2005-06-30,2005-07-21,22.0091379193,0.294748787355,-57.0186962858,1.16726602131
sh600981,2005-09-08,4.16,4.24,4.07,4.18,0.002398,1236738.0,5166898.0,209000000.0,756956200.0,0.02473476,4.35414151412,2005-06-30,2005-07-21,22.0619158321,0.295455594947,-57.1554271195,1.17006512523
sh600981,2005-09-09,4.18,4.21,4.09,4.14,-0.009569,919979.0,3810433.0,207000000.0,749712600.0,0.01839958,4.31247673397,2005-06-30,2005-07-21,21.8508053595,0.292628380359,-56.6085068374,1.15886877205
sh600981,2005-09-12,4.15,4.29,4.14,4.27,0.031401,1731696.0,7317692.0,213500000.0,773254300.0,0.03463392,4.4478928159,2005-06-30,2005-07-21,22.5369424986,0.301817204131,-58.3860705606,1.19525841036
sh600981,2005-09-13,4.27,4.31,4.21,4.31,0.009368,1529333.0,6537274.0,215500000.0,780497900.0,0.03058666,4.48956067579,2005-06-30,2005-07-21,22.7480685759,0.304644627699,-58.9330312696,1.20645559115
sh600981,2005-09-14,4.31,4.37,4.25,4.36,0.011601,1777010.0,7670565.0,218000000.0,789552400.0,0.0355402,4.54164406919,2005-06-30,2005-07-21,23.0119689194,0.308178810025,-59.6167133653,1.22045168246
sh600981,2005-09-15,4.36,4.38,4.29,4.35,-0.002294,1029354.0,4462584.0,217500000.0,787741500.0,0.02058708,4.5312255377,2005-06-30,2005-07-21,22.9591794627,0.307471847835,-59.4799526249,1.2176519663
sh600981,2005-09-16,4.35,4.41,4.35,4.39,0.009195,1684767.0,7374904.0,219500000.0,794985100.0,0.03369534,4.57289015652,2005-06-30,2005-07-21,23.1702891179,0.310299051476,-60.0268707892,1.22884827613
sh600981,2005-09-19,4.39,4.42,4.34,4.4,0.002278,1135450.0,4973438.0,220000000.0,796796000.0,0.022709,4.5833072003,2005-06-30,2005-07-21,23.2230710365,0.311005912715,-60.1636120009,1.2316475925
sh600981,2005-09-20,4.41,4.42,4.29,4.33,-0.015909,1373604.0,5960550.0,216500000.0,784119700.0,0.02747208,4.51039136605,2005-06-30,2005-07-21,22.8536151994,0.30605811965,-59.2064690976,1.21205331095
sh600981,2005-09-21,4.33,4.33,4.19,4.2,-0.030023,1336790.0,5689640.0,210000000.0,760578000.0,0.0267358,4.37497588606,2005-06-30,2005-07-21,22.1674811103,0.296869336723,-57.4289132759,1.1756638344
sh600981,2005-09-22,4.19,4.21,3.98,3.98,-0.052381,1438949.0,5865973.0,199000000.0,720738200.0,0.02877898,4.14581027418,2005-06-30,2005-07-21,21.0063262822,0.281319023996,-54.4207293696,1.11408138709
sh600981,2005-09-23,4.0,4.1,3.98,4.01,0.007538,1076580.0,4356512.0,200500000.0,726170900.0,0.0215316,4.17706139202,2005-06-30,2005-07-21,21.1646719697,0.283439606799,-54.8309528275,1.12247933259
sh600981,2005-09-26,4.02,4.05,3.96,4.04,0.007481,365587.0,1465221.0,202000000.0,731603600.0,0.00731174,4.2083099883,2005-06-30,2005-07-21,21.3230048807,0.285560018498,-55.2411431857,1.13087660047
sh600981,2005-09-27,4.06,4.08,3.89,3.89,-0.037129,634313.0,2506007.0,194500000.0,704440100.0,0.01268626,4.05205964674,2005-06-30,2005-07-21,20.5313030325,0.274957460571,-53.1900947803,1.08888828317
sh600981,2005-09-28,3.91,3.98,3.88,3.95,0.015424,592965.0,2332103.0,197500000.0,715305500.0,0.0118593,4.11455861473,2005-06-30,2005-07-21,20.8479778505,0.279198404443,-54.0104988022,1.10568329605
sh600981,2005-09-29,3.97,4.04,3.92,4.04,0.022785,682083.0,2734639.0,202000000.0,731603600.0,0.01364166,4.20830883277,2005-06-30,2005-07-21,21.3229990258,0.285559940088,-55.2411280174,1.13087628995
sh600981,2005-09-30,4.04,4.04,3.98,3.98,-0.014851,487900.0,1952600.0,199000000.0,720738200.0,0.009758,4.14581123829,2005-06-30,2005-07-21,21.0063311673,0.281319089418,-54.4207420252,1.11408164617
sh600981,2005-10-10,3.94,3.94,3.87,3.87,-0.027638,439864.0,1713735.0,193500000.0,700818300.0,0.00879728,4.03122930729,2005-06-30,2005-07-21,20.4257581865,0.273543992424,-52.9166615571,1.08329065763
sh600981,2005-10-11,3.87,4.0,3.87,3.98,0.028424,361244.0,1425335.0,199000000.0,720738200.0,0.00722488,4.14581296912,2005-06-30,2005-07-21,21.0063399372,0.281319206865,-54.4207647452,1.11408211129
sh600981,2005-10-12,3.99,4.05,3.96,4.02,0.01005,633101.0,2539024.0,201000000.0,727981800.0,0.01266202,4.18747838946,2005-06-30,2005-07-21,21.2174536535,0.284146464894,-54.9676934309,1.12527863651
sh600981,2005-10-13,4.0,4.06,4.0,4.01,-0.002488,615450.0,2481151.0,200500000.0,726170900.0,0.012309,4.17705994323,2005-06-30,2005-07-21,21.1646646289,0.283439508489,-54.8309338097,1.12247894326
sh600981,2005-10-14,4.0,4.01,3.89,3.91,-0.024938,588829.0,2316693.0,195500000.0,708061900.0,0.01177658,4.07289242236,2005-06-30,2005-07-21,20.6368602223,0.276371094027,-53.4635599823,1.09448656337
sh600981,2005-10-17,3.89,3.9,3.81,3.88,-0.007673,704196.0,2711942.0,194000000.0,702629200.0,0.01408392,4.04164111881,2005-06-30,2005-07-21,20.4785135939,0.274250498622,-53.0533340866,1.08608856797
sh600981,2005-10-18,3.89,3.97,3.87,3.97,0.023196,484111.0,1902473.0,198500000.0,718927300.0,0.00968222,4.1353910262,2005-06-30,2005-07-21,20.9535331952,0.280612013188,-54.283959224,1.11128147839
sh600981,2005-10-19,3.95,4.02,3.94,3.96,-0.002519,802488.0,3190965.0,198000000.0,717116400.0,0.01604976,4.1249739762,2005-06-30,2005-07-21,20.9007512451,0.279905151527,-54.1472179308,1.10848216035
sh600981,2005-10-20,3.95,3.97,3.83,3.95,-0.002525,571417.0,2229095.0,197500000.0,715305500.0,0.01142834,4.11455841691,2005-06-30,2005-07-21,20.8479768482,0.279198391019,-54.0104962055,1.10568324289
sh600981,2005-10-21,3.95,4.02,3.9,4.0,0.012658,828533.0,3307252.0,200000000.0,724360000.0,0.01657066,4.16664049735,2005-06-30,2005-07-21,21.1118705391,0.282732484253,-54.6941610665,1.11967898138
sh600981,2005-10-24,4.02,4.08,3.98,4.06,0.015,804962.0,3250169.0,203000000.0,735225400.0,0.01609924,4.22914010481,2005-09-30,2005-10-22,20.538309081,0.267530630083,17.8416110975,1.10757671076
sh600981,2005-10-25,4.05,4.08,3.96,3.96,-0.024631,903100.0,3634935.0,198000000.0,717116400.0,0.018062,4.12497215489,2005-09-30,2005-10-22,20.03242999,0.260941083134,17.4021543745,1.0802959888
sh600981,2005-10-26,3.96,3.97,3.84,3.86,-0.025253,722720.0,2823336.0,193000000.0,699007400.0,0.0144544,4.02080423306,2005-09-30,2005-10-22,19.5265510355,0.254351537961,16.9626977701,1.0530152742
sh600981,2005-10-27,3.82,3.88,3.77,3.85,-0.002591,494915.0,1890399.0,192500000.0,697196500.0,0.0098983,4.0103863293,2005-09-30,2005-10-22,19.4759577418,0.253692513127,16.9187474202,1.05028691162
sh600981,2005-10-28,3.88,3.88,3.61,3.73,-0.031169,757193.0,2816675.0,186500000.0,675465700.0,0.01514386,3.8853865978,2005-09-30,2005-10-22,18.8689116149,0.245785171185,16.3914069819,1.01755051887
sh600981,2005-10-31,3.66,3.77,3.65,3.7,-0.008043,471351.0,1754091.0,185000000.0,670033000.0,0.00942702,3.85413643339,2005-09-30,2005-10-22,18.7171489588,0.243808321053,16.2595708955,1.00936636005
sh600981,2005-11-01,3.67,3.7,3.63,3.7,0.0,344800.0,1262851.0,185000000.0,670033000.0,0.006896,3.85413643339,2005-09-30,2005-10-22,18.7171489588,0.243808321053,16.2595708955,1.00936636005
sh600981,2005-11-02,3.7,3.78,3.65,3.75,0.013514,764769.0,2854945.0,187500000.0,679087500.0,0.01529538,3.90622123315,2005-09-30,2005-10-22,18.9700925098,0.247103146704,16.4793027366,1.02300693704
sh600981,2005-11-03,3.76,3.79,3.71,3.75,0.0,530800.0,1990128.0,187500000.0,679087500.0,0.010616,3.90622123315,2005-09-30,2005-10-22,18.9700925098,0.247103146704,16.4793027366,1.02300693704
sh600981,2005-11-04,3.75,3.79,3.65,3.79,0.010667,568890.0,2108628.0,189500000.0,686331100.0,0.0113778,3.94788889505,2005-09-30,2005-10-22,19.1724464866,0.24973899597,16.6550874589,1.03391935204
sh600981,2005-11-07,3.8,3.84,3.73,3.84,0.013193,588500.0,2241495.0,192000000.0,695385600.0,0.01177,3.99997339324,2005-09-30,2005-10-22,19.4253885731,0.253033802544,16.8748180277,1.04755985005
sh600981,2005-11-08,3.85,3.87,3.79,3.85,0.002604,448682.0,1719296.0,192500000.0,697196500.0,0.00897364,4.01038932396,2005-09-30,2005-10-22,19.475972285,0.253692702565,16.9187600539,1.0502876959
sh600981,2005-11-09,3.9,4.0,3.89,3.89,0.01039,1746420.0,6908200.0,194500000.0,704440100.0,0.0349284,4.05205726903,2005-09-30,2005-10-22,19.678327637,0.256328569745,17.0945459708,1.06120018506
sh600981,2005-11-10,3.87,3.91,3.73,3.73,-0.041131,705350.0,2686094.0,186500000.0,675465700.0,0.014107,3.8853921015,2005-09-30,2005-10-22,18.868938343,0.245785519343,16.3914302005,1.01755196024
sh600981,2005-11-11,3.73,3.82,3.72,3.77,0.010724,393134.0,1478096.0,188500000.0,682709300.0,0.00786268,3.9270590464,2005-09-30,2005-10-22,19.0712888378,0.248421323252,16.567211898,1.02846418747
sh600981,2005-11-14,3.76,3.82,3.72,3.79,0.005305,169141.0,637236.0,189500000.0,686331100.0,0.00338282,3.94789209464,2005-09-30,2005-10-22,19.172462025,0.249739198372,16.6551009571,1.03392018998
sh600981,2005-11-15,3.8,3.84,3.74,3.78,-0.002639,287600.0,1094028.0,189000000.0,684520200.0,0.005752,3.9374736074,2005-09-30,2005-10-22,19.1218658978,0.249080136628,16.6111481457,1.0311916746
sh600981,2005-11-16,3.76,3.82,3.72,3.81,0.007937,179589.0,675971.0,190500000.0,689952900.0,0.00359178,3.96872533542,2005-09-30,2005-10-22,19.2736361474,0.251057085672,16.7429908285,1.03937624292
sh600981,2005-11-17,3.8,3.85,3.76,3.84,0.007874,205296.0,782109.0,192000000.0,695385600.0,0.00410592,3.99997507871,2005-09-30,2005-10-22,19.4253967584,0.253033909165,16.8748251383,1.04756029146
sh600981,2005-11-18,3.85,3.95,3.8,3.92,0.020833,887637.0,3455235.0,196000000.0,709872800.0,0.01775274,4.08330655953,2005-09-30,2005-10-22,19.8300860491,0.258305364594,17.2263783704,1.06938411501
sh600981,2005-11-21,3.88,3.99,3.85,3.97,0.012755,833695.0,3278753.0,198500000.0,718927300.0,0.0166739,4.13538913469,2005-09-30,2005-10-22,20.0830187966,0.26160004952,17.4461008265,1.0830241094
sh600981,2005-11-22,3.95,3.95,3.87,3.89,-0.020151,481752.0,1878791.0,194500000.0,704440100.0,0.00963504,4.05205690824,2005-09-30,2005-10-22,19.6783258849,0.256328546922,17.0945444487,1.06120009057
sh600981,2005-11-23,3.81,3.92,3.81,3.9,0.002571,183999.0,715615.0,195000000.0,706251000.0,0.00367998,4.06247474655,2005-09-30,2005-10-22,19.7289188607,0.256987567616,17.1384945225,1.063928436
sh600981,2005-11-24,3.87,3.93,3.87,3.91,0.002564,176528.0,689599.0,195500000.0,708061900.0,0.00353056,4.0728909318,2005-09-30,2005-10-22,19.7795038087,0.257646483739,17.1824376225,1.06665634851
sh600981,2005-11-25,3.89,3.93,3.88,3.92,0.002558,258977.0,1012021.0,196000000.0,709872800.0,0.00517954,4.08330938681,2005-09-30,2005-10-22,19.8300997794,0.258305543445,17.2263902979,1.06938485545
sh600981,2005-11-28,3.96,3.96,3.88,3.92,0.0,160130.0,626519.0,196000000.0,709872800.0,0.0032026,4.08330938681,2005-09-30,2005-10-22,19.8300997794,0.258305543445,17.2263902979,1.06938485545
sh600981,2005-11-29,3.9,3.91,3.8,3.83,-0.022959,280555.0,1080319.0,191500000.0,693574700.0,0.0056111,3.98956068659,2005-09-30,2005-10-22,19.3748205186,0.252375106473,16.8308896031,1.04483284855
sh600981,2005-11-30,3.81,3.87,3.81,3.86,0.007833,188434.0,723957.0,193000000.0,699007400.0,0.00376868,4.02081091545,2005-09-30,2005-10-22,19.5265834877,0.254351960682,16.9627259613,1.05301702426
sh600981,2005-12-01,3.83,3.86,3.82,3.83,-0.007772,120000.0,461015.0,191500000.0,693574700.0,0.0024,3.98956117302,2005-09-30,2005-10-22,19.3748228808,0.252375137243,16.8308916552,1.04483297594
sh600981,2005-12-02,3.83,3.85,3.76,3.78,-0.013055,405600.0,1541388.0,189000000.0,684520200.0,0.008112,3.9374774519,2005-09-30,2005-10-22,19.1218845681,0.249080379827,16.6111643646,1.03119268144
sh600981,2005-12-05,3.78,3.78,3.65,3.68,-0.026455,392669.0,1449293.0,184000000.0,666411200.0,0.00785338,3.83331148591,2005-09-30,2005-10-22,18.6160151119,0.242490958378,16.1717160113,1.00391247906
sh600981,2005-12-06,3.68,3.75,3.65,3.7,0.005435,208020.0,774531.0,185000000.0,670033000.0,0.0041604,3.85414553384,2005-09-30,2005-10-22,18.717193154,0.243808896737,16.2596092879,1.00936874338
sh600981,2005-12-07,3.7,3.75,3.69,3.74,0.010811,278174.0,1037378.0,187000000.0,677276600.0,0.00556348,3.89581270121,2005-09-30,2005-10-22,18.9195447292,0.24644471472,16.4353919239,1.02028102886
sh600981,2005-12-08,3.74,3.76,3.69,3.71,-0.008021,204500.0,758471.0,185500000.0,671843900.0,0.00409,3.86456438753,2005-09-30,2005-10-22,18.7677910609,0.244467981663,16.3035636452,1.01209735473
sh600981,2005-12-09,3.7,3.79,3.69,3.76,0.013477,544740.0,2038709.0,188000000.0,680898400.0,0.0108948,3.91664712178,2005-09-30,2005-10-22,19.0207245811,0.247762676652,16.5232867725,1.02573739078
sh600981,2005-12-12,3.75,3.8,3.75,3.79,0.007979,252790.0,954983.0,189500000.0,686331100.0,0.0050558,3.94789804916,2005-09-30,2005-10-22,19.1724909425,0.249739575049,16.6551260776,1.03392174942
sh600981,2005-12-13,3.77,3.78,3.72,3.78,-0.002639,180870.0,678403.0,189000000.0,684520200.0,0.0036174,3.93747954621,2005-09-30,2005-10-22,19.1218947389,0.24908051231,16.6111731999,1.03119322993
sh600981,2005-12-14,3.8,3.83,3.76,3.82,0.010582,380013.0,1445269.0,191000000.0,691763800.0,0.00760026,3.97914595477,2005-09-30,2005-10-22,19.324242629,0.251716282292,16.7869526347,1.04210531668
sh600981,2005-12-15,3.83,3.84,3.78,3.81,-0.002618,293480.0,1119093.0,190500000.0,689952900.0,0.0058696,3.96872855066,2005-09-30,2005-10-22,19.2736517618,0.251057289065,16.7430043927,1.03937708497
sh600981,2005-12-16,3.81,3.82,3.76,3.81,0.0,181900.0,689087.0,190500000.0,689952900.0,0.003638,3.96872855066,2005-09-30,2005-10-22,19.2736517618,0.251057289065,16.7430043927,1.03937708497
sh600981,2005-12-19,3.81,3.82,3.78,3.82,0.002625,283907.0,1079721.0,191000000.0,691763800.0,0.00567814,3.97914646311,2005-09-30,2005-10-22,19.3242450977,0.251716314448,16.7869547793,1.04210544981
sh600981,2005-12-20,3.83,3.83,3.78,3.82,0.0,169286.0,645491.0,191000000.0,691763800.0,0.00338572,3.97914646311,2005-09-30,2005-10-22,19.3242450977,0.251716314448,16.7869547793,1.04210544981
sh600981,2005-12-21,3.81,3.84,3.77,3.77,-0.013089,271400.0,1031964.0,188500000.0,682709300.0,0.005428,3.92706341505,2005-09-30,2005-10-22,19.0713100536,0.248421599609,16.5672303282,1.02846533158
sh600981,2005-12-22,3.76,3.8,3.75,3.78,0.002653,176329.0,666549.0,189000000.0,684520200.0,0.00352658,3.93748191429,2005-09-30,2005-10-22,19.1219062392,0.249080662112,16.6111831902,1.03119385011
sh600981,2005-12-23,3.8,3.85,3.8,3.85,0.018519,259725.0,993743.0,192500000.0,697196500.0,0.0051945,4.01040014186,2005-09-30,2005-10-22,19.4760248208,0.253693386894,16.9188056917,1.05029052902
sh600981,2005-12-26,3.85,3.88,3.83,3.86,0.002597,482486.0,1862399.0,193000000.0,699007400.0,0.00964972,4.02081515103,2005-09-30,2005-10-22,19.5266040573,0.25435222862,16.9627438301,1.05301813352
sh600981,2005-12-27,3.84,3.86,3.82,3.86,0.0,230861.0,887368.0,193000000.0,699007400.0,0.00461722,4.02081515103,2005-09-30,2005-10-22,19.5266040573,0.25435222862,16.9627438301,1.05301813352
sh600981,2005-12-28,3.86,3.87,3.83,3.86,0.0,191600.0,738193.0,193000000.0,699007400.0,0.003832,4.02081515103,2005-09-30,2005-10-22,19.5266040573,0.25435222862,16.9627438301,1.05301813352
sh600981,2005-12-29,3.87,3.9,3.84,3.89,0.007772,560478.0,2173971.0,194500000.0,704440100.0,0.01120956,4.05206492638,2005-09-30,2005-10-22,19.678364824,0.256329054141,17.0945782751,1.06120219045
sh600981,2005-12-30,3.89,3.92,3.84,3.85,-0.010283,258500.0,1002298.0,192500000.0,697196500.0,0.00517,4.01039754275,2005-09-30,2005-10-22,19.4760121985,0.253693222477,16.9187947267,1.05028984833
sh600981,2006-01-04,3.87,3.92,3.85,3.92,0.018182,466207.0,1818236.0,196000000.0,709872800.0,0.00932414,4.08331459087,2005-09-30,2005-10-22,19.8301250523,0.258305872648,17.2264122525,1.06938621835
sh600981,2006-01-05,3.92,3.97,3.9,3.96,0.010204,630110.0,2480266.0,198000000.0,717116400.0,0.0126022,4.12498073295,2005-09-30,2005-10-22,20.0324716484,0.260941625772,17.4021905631,1.08029823532
sh600981,2006-01-06,3.95,4.02,3.93,3.98,0.005051,586761.0,2336145.0,199000000.0,720738200.0,0.01173522,4.14581601064,2005-09-30,2005-10-22,20.1336556627,0.262259641924,17.4900890276,1.08575482171
sh600981,2006-01-09,4.0,4.03,3.96,4.0,0.005025,550850.0,2200290.0,200000000.0,724360000.0,0.011017,4.16664873609,2005-09-30,2005-10-22,20.2348272824,0.263577496625,17.577976725,1.09121073969
sh600981,2006-01-10,4.04,4.04,3.96,4.02,0.005,624403.0,2492025.0,201000000.0,727981800.0,0.01248806,4.18748197977,2005-09-30,2005-10-22,20.3360014188,0.264895384108,17.6658666086,1.09666679339
sh600981,2006-01-11,4.0,4.02,3.92,3.95,-0.017413,737250.0,2928078.0,197500000.0,715305500.0,0.014745,4.11456535606,2005-09-30,2005-10-22,19.9818906261,0.260282760784,17.3582508734,1.07757053451
sh600981,2006-01-12,3.95,4.04,3.93,4.04,0.022785,880411.0,3518523.0,202000000.0,731603600.0,0.01760822,4.20831572769,2005-09-30,2005-10-22,20.437178004,0.266213303489,17.7537586195,1.10212297914
sh600981,2006-01-13,4.02,4.07,4.01,4.06,0.00495,775846.0,3134076.0,203000000.0,735225400.0,0.01551692,4.22914689055,2005-09-30,2005-10-22,20.5383420351,0.267531059341,17.8416397247,1.10757848789
sh600981,2006-01-16,4.06,4.07,3.99,3.99,-0.017241,671450.0,2710317.0,199500000.0,722549100.0,0.013429,4.15623216901,2005-09-30,2005-10-22,20.1842404801,0.262918556347,17.5340320142,1.08848272718
sh600981,2006-01-17,3.98,4.01,3.96,3.97,-0.005013,379825.0,1513709.0,198500000.0,718927300.0,0.0075965,4.13539697714,2005-09-30,2005-10-22,20.0830568825,0.261600545624,17.4461339117,1.08302616327
sh600981,2006-01-18,4.0,4.07,4.0,4.06,0.02267,712168.0,2877593.0,203000000.0,735225400.0,0.01424336,4.22914642661,2005-09-30,2005-10-22,20.5383397821,0.267531029993,17.8416377675,1.10757836639
sh600981,2006-01-19,4.07,4.1,4.04,4.09,0.007389,1049964.0,4269367.0,204500000.0,740658100.0,0.02099928,4.26039558956,2005-09-30,2005-10-22,20.6900975747,0.269507816774,17.9734696289,1.11576226294
sh600981,2006-01-20,4.1,4.1,4.04,4.07,-0.00489,787528.0,3200031.0,203500000.0,737036300.0,0.01575056,4.23956225513,2005-09-30,2005-10-22,20.5889229976,0.26818992355,17.8855793624,1.11030618547
sh600981,2006-01-23,4.05,4.13,4.04,4.12,0.012285,918115.0,3745562.0,206000000.0,746090800.0,0.0183623,4.29164527743,2005-09-30,2005-10-22,20.8418579166,0.271484636761,18.1053037049,1.12394629696
sh600981,2006-01-24,4.12,4.14,4.1,4.1,-0.004854,648951.0,2673714.0,205000000.0,742469000.0,0.01297902,4.27081363126,2005-09-30,2005-10-22,20.7406915383,0.270166850334,18.0174205607,1.11849066164
sh600981,2006-01-25,4.11,4.11,4.04,4.06,-0.009756,826922.0,3361920.0,203000000.0,735225400.0,0.01653844,4.22914757347,2005-09-30,2005-10-22,20.5383453516,0.267531102542,17.8416426057,1.10757866674
sh600981,2006-02-06,4.05,4.13,4.05,4.11,0.012315,642085.0,2633520.0,205500000.0,744279900.0,0.0128417,4.28122952584,2005-09-30,2005-10-22,20.7912750746,0.27082574807,18.0613624344,1.12121849802
sh600981,2006-02-07,4.11,4.22,4.09,4.21,0.024331,1653600.0,6889747.0,210500000.0,762388900.0,0.033072,4.38539612143,2005-09-30,2005-10-22,21.2971475885,0.277415209346,18.5008134438,1.1484988653
sh600981,2006-02-08,4.19,4.38,4.18,4.32,0.026128,2110093.0,9063873.0,216000000.0,782308800.0,0.04220186,4.49997775129,2005-09-30,2005-10-22,21.8535994607,0.284663513936,18.9842026975,1.17850684365
sh600981,2006-02-09,4.32,4.32,4.21,4.22,-0.023148,1237644.0,5286651.0,211000000.0,764199800.0,0.02475288,4.3958122663,2005-09-30,2005-10-22,21.3477323404,0.278074122915,18.5447563734,1.15122676723
sh600981,2006-02-10,4.24,4.43,4.24,4.39,0.040284,1753899.0,7646783.0,219500000.0,794985100.0,0.03507798,4.57289316764,2005-09-30,2005-10-22,22.20770439,0.289276060883,19.2918133392,1.19760278633
sh600981,2006-02-13,4.41,4.44,4.33,4.39,0.0,966600.0,4231409.0,219500000.0,794985100.0,0.019332,4.57289316764,2005-09-30,2005-10-22,22.20770439,0.289276060883,19.2918133392,1.19760278633
sh600981,2006-02-14,4.38,4.43,4.31,4.35,-0.009112,1081300.0,4731067.0,217500000.0,787741500.0,0.021626,4.5312249651,2005-09-30,2005-10-22,22.0053477876,0.286640177416,19.116026336,1.18669022974
sh600981,2006-02-15,4.35,4.43,4.31,4.35,0.0,1155192.0,5045229.0,217500000.0,787741500.0,0.02310384,4.5312249651,2005-09-30,2005-10-22,22.0053477876,0.286640177416,19.116026336,1.18669022974
sh600981,2006-02-16,4.35,4.44,4.32,4.35,0.0,2278861.0,9970127.0,217500000.0,787741500.0,0.04557722,4.5312249651,2005-09-30,2005-10-22,22.0053477876,0.286640177416,19.116026336,1.18669022974
sh600981,2006-02-17,4.33,4.55,4.33,4.51,0.036782,3356143.0,15043728.0,225500000.0,816715900.0,0.06712286,4.69789248176,2005-09-30,2005-10-22,22.8147484899,0.297183376422,19.8191520167,1.23033906977
sh600981,2006-03-02,4.51,4.54,4.38,4.4,-0.02439,1885942.0,8365448.0,220000000.0,796796000.0,0.03771884,4.58331088413,2005-09-30,2005-10-22,22.2582967742,0.289935073871,19.335762899,1.20033109985
sh600981,2006-03-03,4.39,4.42,4.29,4.34,-0.013636,1319253.0,5739682.0,217000000.0,785930600.0,0.02638506,4.52081285692,2005-09-30,2005-10-22,21.9547826394,0.285981519204,19.0721004362,1.18396338498
sh600981,2006-03-06,4.35,4.38,4.27,4.35,0.002304,542395.0,2340993.0,217500000.0,787741500.0,0.0108479,4.53122880974,2005-09-30,2005-10-22,22.0053664586,0.286640420624,19.1160425556,1.18669123662
sh600981,2006-03-07,4.35,4.35,4.22,4.23,-0.027586,652779.0,2794832.0,211500000.0,766010700.0,0.01305558,4.40623033179,2005-09-30,2005-10-22,21.3983264195,0.278733157981,18.5887074056,1.15395517216
sh600981,2006-03-08,4.23,4.31,4.2,4.26,0.007092,731490.0,3104484.0,213000000.0,771443400.0,0.0146298,4.43747931731,2005-09-30,2005-10-22,21.5500833504,0.280709933537,18.7205385185,1.16213902224
sh600981,2006-03-09,4.25,4.39,4.23,4.32,0.014085,598000.0,2596489.0,216000000.0,782308800.0,0.01196,4.49998121349,2005-09-30,2005-10-22,21.8536162744,0.284663732951,18.9842173036,1.17850775037
sh600981,2006-03-10,4.32,4.44,4.3,4.41,0.020833,669203.0,2935228.0,220500000.0,798606900.0,0.01338406,4.59372932211,2005-09-30,2005-10-22,22.3088926623,0.290594132499,19.3797155027,1.20305960234
sh600981,2006-03-13,4.4,4.45,4.37,4.44,0.006803,662846.0,2927223.0,222000000.0,804039600.0,0.01325692,4.62498046269,2005-09-30,2005-10-22,22.4606600591,0.292571044383,19.5115557072,1.21124401681
sh600981,2006-03-14,4.43,4.49,4.39,4.43,-0.002252,506618.0,2252932.0,221500000.0,802228700.0,0.01013236,4.61456500669,2005-09-30,2005-10-22,22.4100786526,0.291912174391,19.4676156838,1.20851629528
sh600981,2006-03-15,4.46,4.51,4.4,4.45,0.004515,956560.0,4271206.0,222500000.0,805850500.0,0.0191312,4.63539976769,2005-09-30,2005-10-22,22.5112601577,0.293230157858,19.5555119686,1.21397274636
sh600981,2006-03-16,4.49,4.64,4.42,4.59,0.031461,1480900.0,6755895.0,229500000.0,831203100.0,0.029618,4.78123407978,2005-12-31,2006-03-16,20.4835729777,0.300637528406,-155.203895313,1.24922297786
sh600981,2006-03-17,4.6,4.68,4.48,4.52,-0.015251,1493501.0,6780542.0,226000000.0,818526800.0,0.02987002,4.70831547883,2005-12-31,2006-03-16,20.1711780063,0.29605250546,-152.836880706,1.23017107823
sh600981,2006-04-06,3.6,3.81,3.58,3.72,0.111061,7471049.0,27761784.0,251100000.0,673654800.0,0.110682207407,5.23122570423,2005-12-31,2006-03-16,22.4114092068,0.328932392769,-169.811097514,1.36679510835
sh600981,2006-04-07,3.68,3.75,3.62,3.69,-0.008065,2175954.0,8002550.0,249075000.0,668222100.0,0.0322363555556,5.18903586892,2005-12-31,2006-03-16,22.2306611916,0.326279553021,-168.441571013,1.3557719058
sh600981,2006-04-10,3.69,3.8,3.65,3.78,0.02439,2217831.0,8310705.0,255150000.0,684520200.0,0.0328567555556,5.31559645377,2005-12-31,2006-03-16,22.772867018,0.33423751132,-172.54986093,1.38883918258
sh600981,2006-04-11,3.8,3.85,3.75,3.84,0.015873,2778942.0,10552853.0,259200000.0,695385600.0,0.0411695111111,5.39997091628,2005-12-31,2006-03-16,23.1343407362,0.339542863337,-175.288744872,1.41088422693
sh600981,2006-04-12,3.86,3.9,3.76,3.89,0.013021,4135257.0,15875562.0,262575000.0,704440100.0,0.0612630666667,5.47028393758,2005-12-31,2006-03-16,23.4355729869,0.34396405096,-177.571179619,1.42925535045
sh600981,2006-04-13,3.91,3.99,3.84,3.88,-0.002571,6013151.0,23624305.0,261900000.0,702629200.0,0.0890837185185,5.45621983757,2005-12-31,2006-03-16,23.3753201288,0.343079719385,-177.114644116,1.42558073494
sh600981,2006-04-14,3.8,3.88,3.7,3.86,-0.005155,2145573.0,8080250.0,260550000.0,699007400.0,0.0317862666667,5.42809302431,2005-12-31,2006-03-16,23.2548203535,0.341311143432,-176.201618126,1.41823186625
sh600981,2006-04-17,3.83,3.83,3.77,3.8,-0.015544,1237136.0,4690492.0,256500000.0,688142000.0,0.0183279407407,5.34371874634,2005-12-31,2006-03-16,22.8933474259,0.336005803018,-173.462740174,1.39618687012
sh600981,2006-04-18,3.79,3.82,3.71,3.78,-0.005263,1118754.0,4190869.0,255150000.0,684520200.0,0.0165741333333,5.31559475458,2005-12-31,2006-03-16,22.7728597384,0.334237404477,-172.549805772,1.38883873862
sh600981,2006-04-20,3.76,3.76,3.58,3.62,-0.042328,1892281.0,6889926.0,244350000.0,655545800.0,0.0280337925926,5.09059625981,2005-12-31,2006-03-16,21.8089301314,0.32008980362,-165.246117594,1.3300519725
sh600981,2006-04-21,3.62,3.65,3.54,3.62,0.0,1283684.0,4602418.0,244350000.0,655545800.0,0.0190175407407,5.09059625981,2005-12-31,2006-03-16,21.8089301314,0.32008980362,-165.246117594,1.3300519725
sh600981,2006-04-24,3.56,3.62,3.5,3.52,-0.027624,1050626.0,3714059.0,237600000.0,637436800.0,0.0155648296296,4.94997362873,2005-12-31,2006-03-16,21.2064802455,0.311247642885,-160.681358841,1.29331061681
sh600981,2006-04-25,3.49,3.59,3.38,3.58,0.017045,1466230.0,5075233.0,241650000.0,648302200.0,0.0217219259259,5.03434592923,2006-03-31,2006-04-25,15.7635641507,0.224388159927,25.5937316805,0.958202305413
sh600981,2006-04-26,3.55,3.63,3.5,3.58,0.0,943252.0,3364221.0,241650000.0,648302200.0,0.0139741037037,5.03434592923,2006-03-31,2006-04-25,15.7635641507,0.224388159927,25.5937316805,0.958202305413
sh600981,2006-04-27,3.55,3.59,3.51,3.57,-0.002793,745542.0,2642084.0,240975000.0,646491300.0,0.0110450666667,5.02028500105,2006-03-31,2006-04-25,15.719536516,0.223761443796,25.5222483879,0.955526046374
sh600981,2006-04-28,3.51,3.64,3.47,3.6,0.008403,1086377.0,3864998.0,243000000.0,651924000.0,0.0160944740741,5.06247045591,2006-03-31,2006-04-25,15.8516277813,0.225641711208,25.7367118411,0.963555331742
sh600981,2006-05-08,3.6,3.68,3.57,3.67,0.019444,1306970.0,4746571.0,247725000.0,664600300.0,0.0193625185185,5.16090513146,2006-03-31,2006-04-25,16.1598468319,0.230029088641,26.2371364661,0.982290701612
sh600981,2006-05-09,3.67,3.85,3.65,3.81,0.038147,2903681.0,10912986.0,257175000.0,689952900.0,0.0430174962963,5.35777817951,2006-03-31,2006-04-25,16.776296509,0.238804008286,27.2380045109,1.01976214501
sh600981,2006-05-10,3.81,3.82,3.72,3.79,-0.005249,2112043.0,7979547.0,255825000.0,686331100.0,0.0312895259259,5.32965520184,2006-03-31,2006-04-25,16.6882377286,0.237550526046,27.0950322252,1.01440941351
sh600981,2006-05-11,3.79,3.9,3.74,3.83,0.010554,3536841.0,13558824.0,258525000.0,693574700.0,0.0523976444444,5.38590438284,2006-03-31,2006-04-25,16.8643653896,0.240057634298,27.3809931953,1.02511549046
sh600981,2006-05-12,3.82,3.93,3.79,3.9,0.018277,3157902.0,12185191.0,263250000.0,706251000.0,0.0467837333333,5.48434255725,2006-03-31,2006-04-25,17.1725953958,0.24444516768,27.881435608,1.04385152628
sh600981,2006-05-15,3.93,4.1,3.87,4.07,0.04359,4977926.0,19792264.0,274725000.0,737036300.0,0.0737470518519,5.72340504932,2006-03-31,2006-04-25,17.9211488292,0.255100532539,29.0967873861,1.08935301431
sh600981,2006-05-16,4.07,4.07,3.83,3.94,-0.031941,3393906.0,13380497.0,265950000.0,713494600.0,0.0502800888889,5.54059376864,2006-03-31,2006-04-25,17.3487294144,0.246952366429,28.1674069002,1.05455798968
sh600981,2006-05-17,3.91,3.95,3.84,3.93,-0.002538,2252715.0,8784433.0,265275000.0,711683700.0,0.0333735555556,5.52653174165,2006-03-31,2006-04-25,17.3046983391,0.246325601323,28.0959180215,1.0518815215
sh600981,2006-05-18,3.9,3.95,3.86,3.95,0.005089,1933023.0,7552538.09,266625000.0,715305500.0,0.0286373777778,5.55465626169,2006-03-31,2006-04-25,17.392761949,0.247579152308,28.2388981483,1.05723454656
sh600981,2006-05-19,3.97,4.25,3.97,4.14,0.048101,6314167.0,26034183.0,279450000.0,749712600.0,0.0935432148148,5.82184078253,2006-03-31,2006-04-25,18.2293711915,0.259487957114,29.5972173881,1.10808858549
sh600981,2006-05-22,4.15,4.3,4.1,4.18,0.009662,3603218.0,15128593.0,282150000.0,756956200.0,0.0533810074074,5.87809140817,2006-03-31,2006-04-25,18.405503376,0.261995129755,29.8831857025,1.1187949374
sh600981,2006-05-23,4.17,4.18,3.97,3.99,-0.045455,2573666.0,10435941.0,269325000.0,722549100.0,0.0381283851852,5.61090276321,2006-03-31,2006-04-25,17.56888122,0.250086141132,28.5248454964,1.06794011352
sh600981,2006-05-24,4.0,4.1,3.84,3.94,-0.012531,2161386.0,8511701.0,265950000.0,713494600.0,0.0320205333333,5.54059254069,2006-03-31,2006-04-25,17.3487255694,0.246952311698,28.1674006575,1.05455775596
sh600981,2006-05-25,3.91,4.03,3.89,3.98,0.010152,1303713.0,5141983.0,268650000.0,720738200.0,0.0193142666667,5.59684063616,2006-03-31,2006-04-25,17.5248498314,0.249459371566,28.453356109,1.0652636263
sh600981,2006-05-26,3.99,4.08,3.98,4.08,0.025126,1853127.0,7492658.0,275400000.0,738847200.0,0.0274537333333,5.73746685398,2006-03-31,2006-04-25,17.9651792083,0.255727287736,29.1682751346,1.09202944017
sh600981,2006-05-29,4.1,4.16,4.05,4.14,0.014706,2128961.0,8767022.0,279450000.0,749712600.0,0.031540162963,5.82184204154,2006-03-31,2006-04-25,18.2293751337,0.259488013229,29.5972237887,1.10808882512
sh600981,2006-05-30,4.15,4.26,4.08,4.25,0.02657,3248090.0,13588399.0,286875000.0,769632500.0,0.0481198518519,5.97652838458,2006-03-31,2006-04-25,18.713729631,0.266382609741,30.3836220248,1.1375307452
sh600981,2006-05-31,4.26,4.29,4.15,4.18,-0.016471,2470421.0,10409934.0,282150000.0,756956200.0,0.0365988296296,5.87808898556,2006-03-31,2006-04-25,18.4054957903,0.261995021776,29.8831733864,1.1187944763
sh600981,2006-06-01,4.0,4.14,3.97,4.14,0.033492,3506856.0,14345440.0,279450000.0,749712600.0,0.0519534222222,6.07495794186,2006-03-31,2006-04-25,19.0219326553,0.270769759045,30.8840206295,1.1562651409
sh600981,2006-06-02,4.14,4.25,4.11,4.17,0.007246,1982767.0,8240828.0,281475000.0,755145300.0,0.0293743259259,6.11897708711,2006-03-31,2006-04-25,19.1597655793,0.272731756719,31.1078062429,1.16464343811
sh600981,2006-06-05,4.18,4.35,4.13,4.33,0.038369,3009376.0,12746176.0,292275000.0,784119700.0,0.0445833481481,6.35375611896,2006-03-31,2006-04-25,19.8949066248,0.283196201493,32.3013816607,1.20932964218
sh600981,2006-06-06,4.31,4.38,4.17,4.21,-0.027714,2816319.0,12055960.0,284175000.0,762388900.0,0.0417232444444,6.17766812188,2006-03-31,2006-04-25,19.3435391826,0.275347701965,31.4061811693,1.17581428048
sh600981,2006-06-07,4.17,4.2,3.92,3.99,-0.052257,2648721.0,10726478.0,269325000.0,722549100.0,0.0392403111111,5.85484171884,2006-03-31,2006-04-25,18.3327038555,0.260958857103,29.76498836,1.11436975363
sh600981,2006-06-08,3.95,4.12,3.93,4.1,0.027569,1997725.0,8022751.0,276750000.0,742469000.0,0.0295959259259,6.01625385018,2006-03-31,2006-04-25,18.8381181681,0.268153231835,30.5855793241,1.14509181336
sh600981,2006-06-09,4.09,4.12,3.82,3.88,-0.053659,1470579.0,5886774.0,261900000.0,702629200.0,0.0217863555556,5.69342768484,2006-03-31,2006-04-25,17.8272835853,0.253764397568,28.9443877231,1.08364733175
sh600981,2006-06-12,3.87,3.87,3.68,3.84,-0.010309,1077807.0,4105740.0,259200000.0,695385600.0,0.0159675111111,5.63473413883,2006-03-31,2006-04-25,17.6435021189,0.251148340393,28.6460000301,1.07247601141
sh600981,2006-06-13,3.84,3.92,3.82,3.84,0.0,548730.0,2118747.0,259200000.0,695385600.0,0.00812933333333,5.63473413883,2006-03-31,2006-04-25,17.6435021189,0.251148340393,28.6460000301,1.07247601141
sh600981,2006-06-14,3.83,4.04,3.76,3.99,0.039063,2225864.0,8701583.0,269325000.0,722549100.0,0.032975762963,5.8548437585,2006-03-31,2006-04-25,18.3327102421,0.260958948014,29.7649987293,1.11437014184
sh600981,2006-06-15,3.99,4.11,3.99,4.07,0.02005,980482.0,3975279.0,274725000.0,737036300.0,0.0145256592593,5.97223337586,2006-03-31,2006-04-25,18.7002810825,0.266191174922,30.3617869538,1.13671326318
sh600981,2006-06-16,4.02,4.18,4.02,4.16,0.022113,1592467.0,6601462.0,280800000.0,753334400.0,0.0235921037037,6.1042973725,2006-03-31,2006-04-25,19.1138003981,0.272077460373,31.0331771487,1.16184940357
sh600981,2006-06-19,4.14,4.27,4.09,4.26,0.024038,2713336.0,11452338.0,287550000.0,771443400.0,0.0401975703704,6.25103247274,2006-03-31,2006-04-25,19.573257932,0.278617658365,31.779152661,1.18977793954
sh600981,2006-06-20,4.28,4.3,4.18,4.24,-0.004695,1210225.0,5105209.0,286200000.0,767821600.0,0.0179292592593,6.22168387528,2006-03-31,2006-04-25,19.481361486,0.277309548459,31.6299495392,1.18419193211
sh600981,2006-06-21,4.24,4.43,4.16,4.38,0.033019,6142984.0,26686513.0,295650000.0,793174200.0,0.0910071703704,6.42711765516,2006-03-31,2006-04-25,20.124616561,0.28646603244,32.6743388431,1.22329276552
sh600981,2006-06-22,4.38,4.47,4.31,4.43,0.011416,3676276.0,16202683.0,299025000.0,802228700.0,0.0544633481481,6.50048963031,2006-03-31,2006-04-25,20.3543591836,0.289736328666,33.0473490953,1.23725787573
sh600981,2006-06-23,4.43,4.55,4.38,4.49,0.013544,3680761.0,16451505.0,303075000.0,813094100.0,0.0545297925926,6.58853226186,2006-03-31,2006-04-25,20.6300386244,0.293660517501,33.4949423915,1.2540152964
sh600981,2006-06-26,4.5,4.56,4.42,4.48,-0.002227,2778847.0,12415319.0,302400000.0,811283200.0,0.0411681037037,6.57385960051,2006-03-31,2006-04-25,20.5840955284,0.293006535529,33.4203491548,1.25122260433
sh600981,2006-06-27,4.5,4.54,4.33,4.41,-0.015625,2495792.0,10950262.0,297675000.0,798606900.0,0.0369746962963,6.47114304426,2006-03-31,2006-04-25,20.2624690358,0.288428308411,32.8981561992,1.23167225114
sh600981,2006-06-28,4.37,4.41,4.3,4.39,-0.004535,1179162.0,5136394.0,296325000.0,794985100.0,0.0174690666667,6.44179641055,2006-03-31,2006-04-25,20.1705787387,0.287120286033,32.7489630608,1.22608661748
sh600981,2006-06-29,4.38,4.46,4.36,4.44,0.01139,1671515.0,7389628.0,299700000.0,804039600.0,0.0247631851852,6.51516847167,2006-03-31,2006-04-25,20.4003216305,0.29039058609,33.1219737501,1.24005174405
sh600981,2006-06-30,4.46,4.52,4.3,4.36,-0.018018,1365096.0,5972223.0,294300000.0,789552400.0,0.0202236444444,6.39777816614,2006-03-31,2006-04-25,20.0327486354,0.28515832851,32.5251820271,1.21770849173
sh600981,2006-07-03,4.37,4.5,4.31,4.46,0.022936,2187055.0,9680845.0,301050000.0,807661400.0,0.0324008148148,6.54451760616,2006-03-31,2006-04-25,20.4922197581,0.291698719933,33.2711796021,1.2456378537
sh600981,2006-07-04,4.45,4.54,4.35,4.44,-0.004484,1638625.0,7236892.0,299700000.0,804039600.0,0.0242759259259,6.51517198922,2006-03-31,2006-04-25,20.4003326447,0.290390742873,33.1219916327,1.24005241356
sh600981,2006-07-05,4.44,4.47,4.32,4.43,-0.002252,925070.0,4045404.0,299025000.0,802228700.0,0.0137047407407,6.5004998219,2006-03-31,2006-04-25,20.3543910956,0.28973678292,33.0474009076,1.23725981552
sh600981,2006-07-06,4.41,4.57,4.37,4.52,0.020316,3370853.0,15177909.0,305100000.0,818526800.0,0.049938562963,6.63256397628,2006-03-31,2006-04-25,20.7679109051,0.295623075402,33.7187919044,1.26239598594
sh600981,2006-07-07,4.5,4.57,4.43,4.49,-0.006637,1750494.0,7875764.0,303075000.0,813094100.0,0.0259332444444,6.58854364917,2006-03-31,2006-04-25,20.6300742804,0.29366102505,33.4950002825,1.25401746378
sh600981,2006-07-10,4.5,4.55,4.44,4.51,0.004454,1496914.0,6746590.0,304425000.0,816715900.0,0.0221765037037,6.61788902258,2006-03-31,2006-04-25,20.7219606312,0.294968991256,33.6441870138,1.25960285756
sh600981,2006-07-11,4.52,4.62,4.45,4.62,0.02439,4198610.0,19090877.0,311850000.0,836635800.0,0.0622016296296,6.77929933584,2006-03-31,2006-04-25,21.227369251,0.302163284953,34.4647687351,1.29032457126
sh600981,2006-07-12,4.58,4.68,4.48,4.53,-0.019481,2475110.0,11321581.0,305775000.0,820337700.0,0.0366682962963,6.64723180548,2006-03-31,2006-04-25,20.8138388706,0.296276841998,33.7933605753,1.26518775828
sh600981,2006-07-13,4.5,4.5,4.15,4.19,-0.075055,2772152.0,11883600.0,282825000.0,758767100.0,0.0410689185185,6.14832382232,2006-03-31,2006-04-25,19.2516561942,0.274039783622,31.2569998973,1.17022909109
sh600981,2006-07-14,4.16,4.33,4.13,4.3,0.026253,2202395.0,9346423.0,290250000.0,778687000.0,0.0326280740741,6.30973576763,2006-03-31,2006-04-25,19.7570699243,0.281234150062,32.0775899157,1.20095111541
sh600981,2006-07-17,4.26,4.37,4.21,4.32,0.004651,1564320.0,6712088.0,291600000.0,782308800.0,0.0231751111111,6.33908234868,2006-03-31,2006-04-25,19.8489600565,0.282542170094,32.2267827863,1.20653673905
sh600981,2006-07-18,4.29,4.33,4.23,4.32,0.0,789068.0,3372151.0,291600000.0,782308800.0,0.0116898962963,6.33908234868,2006-03-31,2006-04-25,19.8489600565,0.282542170094,32.2267827863,1.20653673905
sh600981,2006-07-19,4.32,4.34,4.18,4.24,-0.018519,666690.0,2818133.0,286200000.0,767821600.0,0.00987688888889,6.22168888267,2006-03-31,2006-04-25,19.4813771652,0.277309771646,31.6299749959,1.18419288518
sh600981,2006-07-20,4.2,4.31,4.19,4.27,0.007075,591038.0,2514897.0,288225000.0,773254300.0,0.00875611851852,6.26570733151,2006-03-31,2006-04-25,19.6192079086,0.27927173828,31.853757069,1.19257104984
sh600981,2006-07-21,4.27,4.28,4.2,4.26,-0.002342,908715.0,3846808.0,287550000.0,771443400.0,0.0134624444444,6.25103304494,2006-03-31,2006-04-25,19.5732597237,0.278617683869,31.77915557,1.18977804845
sh600981,2006-07-24,4.21,4.24,4.12,4.21,-0.011737,891472.0,3714631.0,284175000.0,762388900.0,0.0132069925926,6.17766467009,2006-03-31,2006-04-25,19.3435283743,0.275347548113,31.406163621,1.17581362349
sh600981,2006-07-25,4.2,4.27,4.18,4.26,0.011876,790760.0,3357765.0,287550000.0,771443400.0,0.011714962963,6.25103061572,2006-03-31,2006-04-25,19.5732521173,0.278617575595,31.7791432202,1.18977758608
sh600981,2006-07-26,4.24,4.27,4.19,4.23,-0.007042,822470.0,3483643.0,285525000.0,766010700.0,0.0121847407407,6.20701085812,2006-03-31,2006-04-25,19.4354172759,0.276655550627,31.5553544937,1.18139917232
sh600981,2006-07-27,4.25,4.32,4.2,4.24,0.002364,957300.0,4084816.0,286200000.0,767821600.0,0.0141822222222,6.22168423179,2006-03-31,2006-04-25,19.4813626024,0.277309564349,31.6299513517,1.18419199997
sh600981,2006-07-28,4.25,4.27,4.13,4.16,-0.018868,755707.0,3164324.0,280800000.0,753334400.0,0.0111956592593,6.1042934937,2006-03-31,2006-04-25,19.1137882528,0.272077287489,31.0331574296,1.16184866531
sh600981,2006-07-31,4.16,4.21,4.0,4.0,-0.038462,1246675.0,5088735.0,270000000.0,724360000.0,0.0184692592593,5.86951015735,2006-03-31,2006-04-25,18.378633729,0.261612650858,29.8395601285,1.11716164195
sh600981,2006-08-01,4.0,4.04,3.94,3.99,-0.0025,853264.0,3394580.0,269325000.0,722549100.0,0.0126409481481,5.85483638195,2006-03-31,2006-04-25,18.3326871447,0.26095861923,29.7649612282,1.11436873784
sh600981,2006-08-02,3.99,4.05,3.9,4.04,0.012531,523070.0,2079743.0,272700000.0,731603600.0,0.00774918518519,5.92820333666,2006-03-31,2006-04-25,18.5624140473,0.264228691688,30.1379459573,1.12833289249
sh600981,2006-08-03,4.02,4.03,3.96,3.99,-0.012376,315395.0,1258306.0,269325000.0,722549100.0,0.00467251851852,5.85483589216,2006-03-31,2006-04-25,18.332685611,0.2609585974,29.7649587382,1.11436864462
sh600981,2006-08-04,3.97,4.0,3.89,3.9,-0.022556,1017900.0,4009604.0,263250000.0,706251000.0,0.01508,5.72277421378,2006-03-31,2006-04-25,17.9191735544,0.255072415277,29.0935803289,1.08923294547
sh600981,2006-08-07,3.85,3.95,3.81,3.82,-0.020513,758724.0,2941699.0,257850000.0,691763800.0,0.0112403555556,5.60538294633,2006-03-31,2006-04-25,17.5515975473,0.249840114822,28.4967837156,1.06688951006
sh600981,2006-08-08,3.85,4.0,3.83,3.97,0.039267,448270.0,1764679.0,267975000.0,718927300.0,0.00664103703704,5.82548951849,2006-03-31,2006-04-25,18.2407961282,0.259650586611,29.6157669218,1.10878306045
sh600981,2006-08-09,3.95,3.98,3.89,3.98,0.002519,267951.0,1054802.0,268650000.0,720738200.0,0.00396964444444,5.84016392658,2006-03-31,2006-04-25,18.2867446936,0.260304646439,29.6903690386,1.11157608498
sh600981,2006-08-10,3.96,4.05,3.93,4.03,0.012563,508325.0,2035492.0,272025000.0,729792700.0,0.00753074074074,5.91353390599,2006-03-31,2006-04-25,18.5164810672,0.263574853712,30.0633691449,1.12554081534
sh600981,2006-08-11,4.0,4.06,3.97,4.03,0.0,336468.0,1351616.0,272025000.0,729792700.0,0.00498471111111,5.91353390599,2006-03-31,2006-04-25,18.5164810672,0.263574853712,30.0633691449,1.12554081534
sh600981,2006-08-14,4.03,4.13,3.93,4.03,0.0,856800.0,3450645.0,272025000.0,729792700.0,0.0126933333333,5.91353390599,2006-03-31,2006-04-25,18.5164810672,0.263574853712,30.0633691449,1.12554081534
sh600981,2006-08-15,4.0,4.08,3.98,4.07,0.009926,464106.0,1875454.0,274725000.0,737036300.0,0.00687564444444,5.97223164354,2006-03-31,2006-04-25,18.7002756583,0.26619109771,30.361778147,1.13671293347
sh600981,2006-08-16,4.07,4.13,4.05,4.12,0.012285,876301.0,3589605.0,278100000.0,746090800.0,0.012982237037,6.04560050928,2006-03-31,2006-04-25,18.9300085447,0.269461255345,30.7347725915,1.15067745186
sh600981,2006-08-17,4.09,4.11,4.0,4.1,-0.004854,709270.0,2871180.0,276750000.0,742469000.0,0.0105077037037,6.01625516441,2006-03-31,2006-04-25,18.8381222832,0.268153290412,30.5855860054,1.1450920635
sh600981,2006-08-18,4.08,4.13,4.06,4.1,0.0,595865.0,2436034.0,276750000.0,742469000.0,0.00882762962963,6.01625516441,2006-03-31,2006-04-25,18.8381222832,0.268153290412,30.5855860054,1.1450920635
sh600981,2006-08-21,4.02,4.29,3.97,4.26,0.039024,2467193.0,10254529.0,287550000.0,771443400.0,0.0365510074074,6.25103350595,2006-03-31,2006-04-25,19.5732611672,0.278617704417,31.7791579136,1.18977813619
sh600981,2006-08-22,4.25,4.33,4.15,4.25,-0.002347,1186303.0,5007428.0,286875000.0,769632500.0,0.0175748592593,6.23636233031,2006-03-31,2006-04-25,19.5273227233,0.277963788664,31.70457223,1.1869857269
sh600981,2006-08-23,4.22,4.3,4.16,4.2,-0.011765,1252090.0,5279051.0,283500000.0,760578000.0,0.0185494814815,6.16299152749,2006-03-31,2006-04-25,19.2975837714,0.274693544691,31.3315679377,1.17302083983
sh600981,2006-08-24,4.47,4.48,4.25,4.34,0.033333,6109989.0,26497048.0,292950000.0,785930600.0,0.0905183555556,6.36842252408,2006-06-30,2006-08-24,18.3517273458,0.252844957278,6.24124571813,1.19906495036
sh600981,2006-08-25,4.35,4.38,4.24,4.27,-0.016129,2629608.0,11372219.0,288225000.0,773254300.0,0.0389571555556,6.26570623719,2006-06-30,2006-08-24,18.0557323354,0.248766820962,6.14058066594,1.17972523178
sh600981,2006-08-28,4.29,4.4,4.29,4.39,0.028103,2573026.0,11228683.0,296325000.0,794985100.0,0.0381189037037,6.44179137957,2006-06-30,2006-08-24,18.5631525812,0.255757914932,6.3131494044,1.21287904997
sh600981,2006-08-29,4.37,4.45,4.25,4.31,-0.018223,5366200.0,23282020.0,290925000.0,780497900.0,0.0794992592593,6.32440261526,2006-06-30,2006-08-24,18.2248762517,0.251097238448,6.1981048828,1.19077675504
sh600981,2006-08-30,4.3,4.3,4.2,4.24,-0.016241,6125030.0,25918976.0,286200000.0,767821600.0,0.0907411851852,6.22168799239,2006-06-30,2006-08-24,17.9288860365,0.247019168198,6.0974414614,1.17143734976
sh600981,2006-08-31,4.24,4.38,4.24,4.36,0.028302,5222284.0,22536188.0,294300000.0,789552400.0,0.0773671703704,6.39777420595,2006-06-30,2006-08-24,18.4363093691,0.254010304697,6.27001124964,1.20459136964
sh600981,2006-09-01,4.36,4.4,4.25,4.3,-0.013761,2639592.0,11361529.0,290250000.0,778687000.0,0.0391050666667,6.3097344351,2006-06-30,2006-08-24,18.1826073159,0.250514868894,6.18372962484,1.1880149878
sh600981,2006-09-04,4.3,4.48,4.3,4.45,0.034884,4656924.0,20609094.0,300375000.0,805850500.0,0.0689914666667,6.52984321113,2006-06-30,2006-08-24,18.8168893895,0.25925382958,6.39944284907,1.22945770263
sh600981,2006-09-05,4.46,4.49,4.38,4.47,0.004494,3152535.0,13998838.0,301725000.0,809472300.0,0.0467042222222,6.55918832652,2006-06-30,2006-08-24,18.9014524904,0.26041891629,6.42820194523,1.23498288555
sh600981,2006-09-06,4.47,4.49,4.42,4.48,0.002237,2062805.0,9195322.0,302400000.0,811283200.0,0.0305600740741,6.57386123081,2006-06-30,2006-08-24,18.9437350397,0.261001473406,6.44258183298,1.23774554226
sh600981,2006-09-07,4.47,4.48,4.36,4.4,-0.017857,2037255.0,8963509.0,297000000.0,796796000.0,0.0301815555556,6.45647179081,2006-06-30,2006-08-24,18.6054567631,0.256340770096,6.32753664919,1.21564312011
sh600981,2006-09-08,4.4,4.43,4.36,4.37,-0.006818,1373656.0,6027729.0,294975000.0,791363300.0,0.0203504592593,6.41245156614,2006-06-30,2006-08-24,18.4786047588,0.254593038725,6.28439550432,1.20735486532
sh600981,2006-09-11,4.37,4.41,4.31,4.38,0.002288,1214593.0,5289254.0,295650000.0,793174200.0,0.0179939703704,6.42712325533,2006-06-30,2006-08-24,18.5208838065,0.255175547598,6.29877420123,1.21011729325
sh600981,2006-09-12,4.36,4.44,4.36,4.43,0.011416,1598042.0,7049013.0,299025000.0,802228700.0,0.0236746962963,6.50049529441,2006-06-30,2006-08-24,18.7323182161,0.258088631649,6.37068100751,1.22393199227
sh600981,2006-09-13,4.43,4.44,4.34,4.35,-0.018059,1359770.0,5946758.0,293625000.0,787741500.0,0.0201447407407,6.38310284989,2006-06-30,2006-08-24,18.3940312814,0.25342780905,6.2556328792,1.20182900443
sh600981,2006-09-14,4.33,4.39,4.31,4.38,0.006897,1089077.0,4732278.0,295650000.0,793174200.0,0.0161344740741,6.42712711024,2006-06-30,2006-08-24,18.5208949152,0.255175700649,6.29877797917,1.21011801907
sh600981,2006-09-15,4.38,4.43,4.34,4.41,0.006849,1146531.0,5045878.0,297675000.0,798606900.0,0.0169856444444,6.47114650382,2006-06-30,2006-08-24,18.6477445244,0.256923399023,6.34191830954,1.21840611738
sh600981,2006-09-18,4.4,4.6,4.4,4.56,0.034014,3196919.0,14481350.0,307800000.0,825770400.0,0.047361762963,6.691256081,2006-06-30,2006-08-24,19.2820289067,0.265662391517,6.55763231893,1.25984898306
sh600981,2006-09-19,4.58,4.59,4.49,4.55,-0.002193,1933625.0,8768609.0,307125000.0,823959500.0,0.0286462962963,6.67658215642,2006-06-30,2006-08-24,19.2397434173,0.265079793893,6.54325143125,1.25708613424
sh600981,2006-09-20,4.63,4.73,4.56,4.67,0.026374,5208334.0,24338788.0,315225000.0,845690300.0,0.0771605037037,6.85267033421,2006-06-30,2006-08-24,19.7471724102,0.272071008377,6.7158231445,1.29024052394
sh600981,2006-09-21,4.66,4.75,4.61,4.74,0.014989,2310878.0,10797738.0,319950000.0,858366600.0,0.0342352296296,6.95538500985,2006-06-30,2006-08-24,20.0431627774,0.276149080721,6.81648661761,1.30957993916
sh600981,2006-09-22,4.78,4.83,4.73,4.76,0.004219,2629109.0,12534274.0,321300000.0,861988400.0,0.038949762963,6.98472977921,2006-06-30,2006-08-24,20.1277248812,0.277314153693,6.84524537465,1.31510505692
sh600981,2006-09-25,4.78,4.82,4.64,4.67,-0.018908,2206786.0,10432480.0,315225000.0,845690300.0,0.0326931259259,6.85266250854,2006-06-30,2006-08-24,19.7471498591,0.272070697675,6.71581547511,1.2902390505
sh600981,2006-09-26,4.65,4.73,4.64,4.66,-0.002141,2048450.0,9564413.0,314550000.0,843879400.0,0.0303474074074,6.83799095811,2006-06-30,2006-08-24,19.7048712113,0.271488194311,6.70143691417,1.2874766487
sh600981,2006-09-28,4.71,4.79,4.68,4.69,0.006438,1893958.0,8939969.0,316575000.0,849312100.0,0.028058637037,6.8820139439,2006-06-30,2006-08-24,19.8317311721,0.273236035306,6.74458076503,1.29576542336
sh600981,2006-09-29,4.69,4.73,4.68,4.72,0.006397,1313838.0,6180231.0,318600000.0,854744800.0,0.0194642666667,6.9260381871,2006-06-30,2006-08-24,19.9585947565,0.274983926224,6.78772584818,1.30405443477
sh600981,2006-10-09,4.77,4.81,4.7,4.8,0.016949,1674762.0,7957301.0,324000000.0,869232000.0,0.0248112888889,7.04342760833,2006-06-30,2006-08-24,20.296872979,0.279644628789,6.90277101358,1.32615685339
sh600981,2006-10-10,4.8,4.98,4.76,4.87,0.014583,2600141.0,12632949.0,328725000.0,881908300.0,0.0385206074074,7.14614191314,2006-06-30,2006-08-24,20.5928622776,0.283722686411,7.00343412327,1.34549619878
sh600981,2006-10-11,4.92,5.0,4.9,4.97,0.020534,3470752.0,17170872.0,335475000.0,900017300.0,0.0514185481481,7.29288079119,2006-06-30,2006-08-24,21.0157161116,0.289548648054,7.14724263956,1.37312461773
sh600981,2006-10-12,4.98,5.04,4.85,4.88,-0.018109,2751146.0,13569574.0,329400000.0,883719200.0,0.0407577185185,7.16081401294,2006-06-30,2006-08-24,20.6351425086,0.284305211586,7.0178132226,1.34825870402
sh600981,2006-10-13,4.89,4.93,4.82,4.89,0.002049,2074244.0,10118005.0,330075000.0,885530100.0,0.0307295407407,7.17548652085,2006-06-30,2006-08-24,20.6774239156,0.284887752965,7.03219272189,1.35102128611
sh600981,2006-10-16,4.93,4.96,4.85,4.86,-0.006135,2745456.0,13389512.0,328050000.0,880097400.0,0.0406734222222,7.13146491105,2006-06-30,2006-08-24,20.5505679199,0.2831399666,6.98905021955,1.34273277052
sh600981,2006-10-17,3.26,3.27,3.19,3.2,-0.012346,1486809.0,4790763.0,324000000.0,869232000.0,0.0146845333333,7.04341984525,2006-06-30,2006-08-24,20.2968506083,0.279644320573,6.90276340554,1.32615539173
sh600981,2006-10-18,3.19,3.19,3.12,3.19,-0.003125,3021618.0,9538275.0,322987500.0,866515650.0,0.0298431407407,7.02140915824,2006-06-30,2006-08-24,20.2334229502,0.278770432071,6.88119226989,1.32201115613
sh600981,2006-10-19,3.19,3.24,3.18,3.22,0.009404,2704025.0,8669942.0,326025000.0,874664700.0,0.0267064197531,7.08743848996,2006-06-30,2006-08-24,20.4236980596,0.281391989214,6.945903002,1.33444334905
sh600981,2006-10-20,3.23,3.24,3.19,3.19,-0.009317,2110757.0,6764332.0,322987500.0,866515650.0,0.020846982716,7.02140482555,2006-06-30,2006-08-24,20.2334104648,0.278770260051,6.88118802373,1.32201034036
sh600981,2006-10-23,3.19,3.23,3.09,3.11,-0.025078,2907140.0,9197906.0,314887500.0,844784850.0,0.0287124938272,6.84532203534,2006-06-30,2006-08-24,19.7259969971,0.271779259469,6.70862159047,1.28885696505
sh600981,2006-10-24,3.16,3.21,3.13,3.21,0.032154,2806437.0,8891762.0,325012500.0,871948350.0,0.0277178962963,7.06542652006,2006-06-30,2006-08-24,20.3602667046,0.280518049778,6.92433060909,1.3302988719
sh600981,2006-10-25,3.19,3.23,3.14,3.18,-0.009346,2241424.0,7138369.0,321975000.0,863799300.0,0.0221375209877,6.9993930438,2006-06-30,2006-08-24,20.169979652,0.277896328085,6.85961581522,1.31786589865
sh600981,2006-10-26,3.21,3.22,3.13,3.13,-0.015723,2589281.0,8197399.0,316912500.0,850217550.0,0.025573145679,6.88934158698,2006-09-30,2006-10-26,12.9835652123,0.176976199359,-9.75737492323,0.854466594451
sh600981,2006-10-27,3.13,3.16,3.02,3.05,-0.025559,3000728.0,9210592.0,308812500.0,828486750.0,0.0296368197531,6.71325690535,2006-09-30,2006-10-26,12.6517182691,0.172452864679,-9.50798617757,0.832627282763
sh600981,2006-10-30,3.05,3.09,3.0,3.08,0.009836,1793154.0,5447888.0,311850000.0,836635800.0,0.017710162963,6.77928850028,2006-09-30,2006-10-26,12.77616057,0.174149111056,-9.60150672961,0.840817004717
sh600981,2006-10-31,3.1,3.13,3.05,3.09,0.003247,1427122.0,4410221.0,312862500.0,839352150.0,0.0140950320988,6.80130085004,2006-09-30,2006-10-26,12.8176447633,0.17471457322,-9.63268282197,0.843547137531
sh600981,2006-11-01,3.09,3.12,3.06,3.08,-0.003236,1180223.0,3636928.0,311850000.0,836635800.0,0.0116565234568,6.77929184049,2006-09-30,2006-10-26,12.7761668649,0.174149196861,-9.60151146035,0.840817418994
sh600981,2006-11-02,3.08,3.13,3.03,3.12,0.012987,2098454.0,6453108.0,315900000.0,847501200.0,0.0207254716049,6.86733450362,2006-09-30,2006-10-26,12.942090944,0.176410872481,-9.72620628969,0.851737114814
sh600981,2006-11-03,3.12,3.19,3.11,3.15,0.009615,2226702.0,7032434.0,318937500.0,855650250.0,0.0219921185185,6.93336392487,2006-09-30,2006-10-26,13.0665291484,0.178107063019,-9.81972376316,0.859926567173
sh600981,2006-11-06,3.14,3.18,3.11,3.16,0.003175,1779438.0,5608318.0,319950000.0,858366600.0,0.0175746962963,6.95537735533,2006-09-30,2006-10-26,13.1080153784,0.178672552945,-9.85090138611,0.862656834024
sh600981,2006-11-07,3.16,3.17,3.07,3.16,0.0,1865496.0,5812153.0,319950000.0,858366600.0,0.0184246518519,6.95537735533,2006-09-30,2006-10-26,13.1080153784,0.178672552945,-9.85090138611,0.862656834024
sh600981,2006-11-08,3.18,3.19,3.09,3.12,-0.012658,1302385.0,4076648.0,315900000.0,847501200.0,0.0128630617284,6.86733618877,2006-09-30,2006-10-26,12.9420941198,0.176410915769,-9.72620867637,0.851737323819
sh600981,2006-11-09,3.1,3.15,3.07,3.11,-0.003205,2124485.0,6582047.0,314887500.0,844784850.0,0.0209825679012,6.84532637628,2006-09-30,2006-10-26,12.9006147081,0.175845518784,-9.69503617756,0.849007505696
sh600981,2006-11-10,3.12,3.12,2.95,2.99,-0.038585,3191843.0,9651563.0,302737500.0,812188650.0,0.0315243753086,6.58119945805,2006-09-30,2006-10-26,12.4028444896,0.169060519442,-9.32095320665,0.816248551089
sh600981,2006-11-13,2.98,3.01,2.8,2.85,-0.046823,2610596.0,7573055.0,288562500.0,774159750.0,0.0257836641975,6.27304795583,2006-09-30,2006-10-26,11.8221061021,0.16114459874,-8.88451821465,0.778029345181
sh600981,2006-11-14,2.85,2.89,2.78,2.86,0.003509,1900024.0,5380276.0,289575000.0,776876100.0,0.0187656691358,6.29506008111,2006-09-30,2006-10-26,11.8635898724,0.161710055137,-8.91569398907,0.780759450154
sh600981,2006-11-15,2.87,2.9,2.84,2.89,0.01049,1082756.0,3117295.0,292612500.0,785025150.0,0.0106938864198,6.36109526136,2006-09-30,2006-10-26,11.9880389301,0.163406393616,-9.00921961901,0.788949616786
sh600981,2006-11-16,2.91,2.91,2.83,2.84,-0.017301,1511355.0,4316919.0,287550000.0,771443400.0,0.014926962963,6.25104195224,2006-09-30,2006-10-26,11.7806338686,0.1605792996,-8.85335111039,0.775299999466
sh600981,2006-11-17,2.85,2.92,2.83,2.92,0.028169,1491693.0,4300557.0,295650000.0,793174200.0,0.0147327703704,6.42712755299,2006-09-30,2006-10-26,12.1124825441,0.16510265789,-9.10274115781,0.797139425151
sh600981,2006-11-20,2.9,2.93,2.85,2.88,-0.013699,1191085.0,3420842.0,291600000.0,782308800.0,0.0117638024691,6.33908233264,2006-09-30,2006-10-26,11.9465536457,0.16284091658,-8.97804270669,0.786219412165
sh600981,2006-11-21,2.88,2.89,2.81,2.85,-0.010417,1094802.0,3115435.0,288562500.0,774159750.0,0.0108128592593,6.27304811199,2006-09-30,2006-10-26,11.8221063964,0.161144602752,-8.88451843582,0.778029364549
sh600981,2006-11-22,2.83,3.09,2.82,3.08,0.080702,4615181.0,13788640.0,311850000.0,836635800.0,0.0455820345679,6.77929564072,2006-09-30,2006-10-26,12.7761740268,0.174149294483,-9.60151684262,0.840817890327
sh600981,2006-11-23,3.05,3.08,2.99,3.03,-0.016234,3582608.0,10823021.0,306787500.0,823054050.0,0.035383782716,6.66924055529,2006-09-30,2006-10-26,12.5687656176,0.171322154836,-9.4456458182,0.827168052695
sh600981,2006-11-24,3.01,3.08,3.0,3.07,0.013201,2255127.0,6860806.0,310837500.0,833919450.0,0.0222728592593,6.75728119986,2006-09-30,2006-10-26,12.7346858925,0.173583778602,-9.57033778865,0.838087498159
sh600981,2006-11-27,3.08,3.08,3.03,3.08,0.003257,1752493.0,5353860.0,311850000.0,836635800.0,0.0173085728395,6.77928966473,2006-09-30,2006-10-26,12.7761627645,0.174149140969,-9.60150837883,0.84081714914
sh600981,2006-11-28,3.08,3.11,3.04,3.07,-0.003247,1720040.0,5284529.0,310837500.0,833919450.0,0.0169880493827,6.75727731118,2006-09-30,2006-10-26,12.734678564,0.173583678708,-9.57033228112,0.838087015857
sh600981,2006-11-29,3.05,3.08,3.01,3.06,-0.003257,1875066.0,5707605.0,309825000.0,831203100.0,0.0185191703704,6.73526885898,2006-09-30,2006-10-26,12.6932017159,0.173018316667,-9.53916170888,0.835357366446
sh600981,2006-11-30,3.09,3.18,3.06,3.12,0.019608,3585648.0,11178130.0,315900000.0,847501200.0,0.0354138074074,6.86733401077,2006-09-30,2006-10-26,12.9420900151,0.17641085982,-9.72620559167,0.851737053688
sh600981,2006-12-01,3.14,3.24,3.07,3.19,0.022436,5762863.0,18244621.0,322987500.0,866515650.0,0.0569171654321,7.02140951663,2006-09-30,2006-10-26,13.2324587467,0.180368813871,-9.94442274032,0.870846626224
sh600981,2006-12-04,3.24,3.3,3.2,3.3,0.034483,8796783.0,28670839.84,334125000.0,896395500.0,0.0868818074074,7.263528781,2006-09-30,2006-10-26,13.6887536217,0.18658847168,-10.2873362697,0.900876030436
sh600981,2006-12-05,3.3,3.34,3.25,3.27,-0.009091,5672980.0,18648341.0,331087500.0,888246450.0,0.0560294320988,7.19749604085,2006-09-30,2006-10-26,13.5643091625,0.184892195884,-10.1938140956,0.892686166444
sh600981,2006-12-06,3.25,3.33,3.12,3.24,-0.009174,5401432.0,17528524.0,328050000.0,880097400.0,0.0533474765432,7.13146621217,2006-09-30,2006-10-26,13.4398701903,0.183195994879,-10.1002960451,0.884496663553
sh600981,2006-12-07,3.22,3.31,3.2,3.23,-0.003086,4722721.0,15371115.0,327037500.0,877381050.0,0.0466441580247,7.10945850744,2006-09-30,2006-10-26,13.3983947509,0.182630652038,-10.0691265315,0.881767106849
sh600981,2006-12-11,3.13,3.28,3.1,3.27,0.012384,4230090.0,13480204.0,331087500.0,888246450.0,0.0417786666667,7.1975020416,2006-09-30,2006-10-26,13.5643204714,0.184892350033,-10.1938225945,0.8926869107
sh600981,2006-12-12,3.26,3.3,3.19,3.24,-0.009174,3667916.0,11929047.0,328050000.0,880097400.0,0.0362263308642,7.13147215787,2006-09-30,2006-10-26,13.4398813954,0.183196147614,-10.100304466,0.884497400981
sh600981,2006-12-13,3.22,3.24,3.13,3.18,-0.018519,2200053.0,6975297.0,321975000.0,863799300.0,0.0217289185185,6.99940442497,2006-09-30,2006-10-26,13.1909882319,0.179803538156,-9.91325692762,0.868117393613
sh600981,2006-12-14,3.18,3.2,3.14,3.19,0.003145,2370219.0,7510820.0,322987500.0,866515650.0,0.0234095703704,7.02141755189,2006-09-30,2006-10-26,13.2324738899,0.180369020284,-9.94443412066,0.870847622816
sh600981,2006-12-15,3.18,3.29,3.17,3.24,0.015674,4256240.0,13822877.0,328050000.0,880097400.0,0.0420369382716,7.1314712506,2006-09-30,2006-10-26,13.4398796856,0.183196124308,-10.1003031811,0.884497288456
sh600981,2006-12-18,3.28,3.28,3.18,3.21,-0.009259,3751630.0,12056437.0,325012500.0,871948350.0,0.0370531358025,7.06544095829,2006-09-30,2006-10-26,13.3154398396,0.181499911393,-10.0067844739,0.876307728062
sh600981,2006-12-19,3.22,3.23,3.1,3.19,-0.006231,3532013.0,11154790.0,322987500.0,866515650.0,0.0348840790123,7.02141619568,2006-09-30,2006-10-26,13.232471334,0.180368985445,-9.94443219985,0.870847454608
sh600981,2006-12-20,3.18,3.25,3.13,3.25,0.018809,4170439.0,13361069.0,329062500.0,882813750.0,0.0411895209877,7.1534820129,2006-09-30,2006-10-26,13.4813608873,0.183761545692,-10.1314770251,0.887227224382
sh600981,2006-12-21,3.25,3.45,3.24,3.36,0.033846,12297819.0,41110750.0,340200000.0,912693600.0,0.121459940741,7.39559876511,2006-09-30,2006-10-26,13.9376510279,0.189981138968,-10.4743869965,0.917256317018
sh600981,2006-12-22,3.33,3.53,3.31,3.5,0.041667,11880965.0,40705078.0,354375000.0,950722500.0,0.117342864198,7.70375117886,2006-09-30,2006-10-26,14.5183911333,0.197897083085,-10.9108232795,0.95547563598
sh600981,2006-12-25,3.49,3.61,3.38,3.45,-0.014286,10941416.0,38422535.0,349312500.0,937140750.0,0.108063367901,7.59369538952,2006-09-30,2006-10-26,14.3109813975,0.195069925356,-10.7549512581,0.941825711044
sh600981,2006-12-26,3.41,3.5,3.33,3.5,0.014493,6054395.0,20649793.0,354375000.0,950722500.0,0.0597964938272,7.7037508168,2006-09-30,2006-10-26,14.5183904509,0.197897073784,-10.9108227667,0.955475591074
sh600981,2006-12-27,3.5,3.69,3.5,3.66,0.045714,10893190.0,39219052.0,370575000.0,994184100.0,0.107587061728,8.05592008164,2006-09-30,2006-10-26,15.182084152,0.206943740615,-11.4096001186,0.999154202245
sh600981,2006-12-28,3.64,3.65,3.42,3.45,-0.057377,6312929.0,22245735.0,349312500.0,937140750.0,0.0623499160494,7.59369555511,2006-09-30,2006-10-26,14.3109817096,0.19506992961,-10.7549514926,0.941825731582
sh600981,2006-12-29,3.44,3.51,3.4,3.5,0.014493,5465066.0,18802994.0,354375000.0,950722500.0,0.0539759604938,7.70375098479,2006-09-30,2006-10-26,14.5183907675,0.1978970781,-10.9108230046,0.95547561191
sh600981,2007-01-04,3.6,3.78,3.51,3.64,0.04,11738697.0,42856433.59,368550000.0,988751400.0,0.115937748148,8.01190102418,2006-09-30,2006-10-26,15.0991263982,0.205812961224,-11.3472559248,0.993694636387
sh600981,2007-01-05,3.64,3.84,3.59,3.82,0.049451,10986669.0,41523365.0,386775000.0,1037645700.0,0.108510311111,8.40809754173,2006-09-30,2006-10-26,15.8457932977,0.215990617969,-11.9083890775,1.04283382985
sh600981,2007-01-08,3.81,4.08,3.79,4.02,0.052356,11627259.0,45893353.0,407025000.0,1091972700.0,0.114837125926,8.84831189663,2006-09-30,2006-10-26,16.6754156516,0.227299022764,-12.5318646961,1.09743243785
sh600981,2007-01-09,4.08,4.17,3.95,4.16,0.034826,13431200.0,54342483.0,421200000.0,1130001600.0,0.13265382716,9.15646320674,2006-09-30,2006-10-26,17.2561536771,0.23521493853,-12.968299416,1.13565161993
sh600981,2007-01-10,4.22,4.58,4.22,4.58,0.100962,18372332.0,81388552.0,463725000.0,1244088300.0,0.181455130864,10.080918045,2006-09-30,2006-10-26,18.9983694647,0.258962709154,-14.2776048616,1.25030927878
sh600981,2007-01-11,4.58,4.85,4.36,4.46,-0.026201,18340079.0,84818321.0,451575000.0,1211492100.0,0.181136582716,9.81678791132,2006-09-30,2006-10-26,18.5005931863,0.252177627212,-13.9035173366,1.21754992536
sh600981,2007-01-12,4.42,4.58,4.16,4.19,-0.060538,9779614.0,42709478.0,424237500.0,1138150650.0,0.0965887802469,9.22249920474,2006-09-30,2006-10-26,17.380604276,0.236911298016,-13.0618262041,1.14384188798
sh600981,2007-01-15,4.16,4.5,4.14,4.48,0.069212,8394168.0,36249637.0,453600000.0,1216924800.0,0.082905362963,9.8608068197,2006-09-30,2006-10-26,18.5835506592,0.253308402774,-13.9658613194,1.22300947273
sh600981,2007-01-16,4.5,4.52,4.28,4.46,-0.004464,8460075.0,37045787.0,451575000.0,1211492100.0,0.0835562962963,9.81678817806,2006-09-30,2006-10-26,18.500593689,0.252177634064,-13.9035177144,1.21754995845
sh600981,2007-01-17,4.46,4.48,4.21,4.26,-0.044843,8146261.0,35498373.0,431325000.0,1157165100.0,0.0804568987654,9.37657394579,2006-09-30,2006-10-26,17.6709715662,0.24086923242,-13.2800422696,1.16295136566
sh600981,2007-01-18,4.25,4.35,4.11,4.29,0.007042,6439223.0,27070100.0,434362500.0,1165314150.0,0.0635972641975,9.44260377952,2006-09-30,2006-10-26,17.795410548,0.242565433554,-13.3735603272,1.17114086918
sh600981,2007-01-19,4.3,4.54,4.3,4.52,0.053613,9548875.0,42193790.0,457650000.0,1227790200.0,0.0943098765432,9.94885009595,2006-09-30,2006-10-26,18.7494758937,0.255570094143,-14.090557017,1.2339292446
sh600981,2007-01-22,4.55,4.83,4.48,4.8,0.061947,12259726.0,56879459.0,486000000.0,1303848000.0,0.12108371358,10.5651515128,2006-09-30,2006-10-26,19.9109496769,0.271401894765,-14.9634247526,1.31036745951
sh600981,2007-01-23,4.8,4.84,4.41,4.7,-0.020833,12436647.0,57996545.0,475875000.0,1276684500.0,0.122831081481,10.3450477114,2006-09-30,2006-10-26,19.4961448623,0.265747779092,-14.6516917247,1.28306857423
sh600981,2007-01-24,4.7,4.81,4.6,4.78,0.017021,9526859.0,45278683.0,483975000.0,1298415300.0,0.0940924345679,10.5211307685,2006-09-30,2006-10-26,19.827988744,0.27027107204,-14.9010781696,1.30490768443
sh600981,2007-01-25,4.77,4.77,4.41,4.45,-0.069038,8425948.0,38504766.0,450562500.0,1208775750.0,0.0832192395062,9.79477294248,2006-09-30,2006-10-26,18.4591040571,0.251612097768,-13.8723375349,1.21481946771
sh600981,2007-01-26,4.38,4.44,4.08,4.33,-0.026966,7045765.0,30039810.0,438412500.0,1176179550.0,0.0695878024691,9.53064709531,2006-09-30,2006-10-26,17.9613358571,0.24482712594,-13.4982560809,1.18206064595
sh600981,2007-01-29,4.32,4.7,4.3,4.69,0.083141,8959240.0,40201373.0,474862500.0,1273968150.0,0.0884863209877,10.3230346255,2006-09-30,2006-10-26,19.4546592816,0.265182298017,-14.6205145897,1.28033835011
sh600981,2007-01-30,4.72,5.16,4.72,5.01,0.06823,25966578.0,128995446.0,507262500.0,1360891350.0,0.25646002963,11.027375278,2006-09-30,2006-10-26,20.7820506843,0.283275686211,-15.6180723002,1.36769583574
sh600981,2007-01-31,4.9,4.97,4.51,4.56,-0.08982,11321854.0,54293104.0,461700000.0,1238655600.0,0.111820780247,10.0368964305,2006-09-30,2006-10-26,18.9154068919,0.257831864076,-14.2152570462,1.24484939577
sh600981,2007-02-01,4.56,5.0,4.5,4.96,0.087719,10619068.0,50339102.0,502200000.0,1347309600.0,0.104879683951,10.9173229485,2006-09-30,2006-10-26,20.574647469,0.280448617361,-15.462205179,1.35404633992
sh600981,2007-02-02,4.98,5.08,4.67,4.69,-0.054435,10445068.0,51289642.0,474862500.0,1273968150.0,0.103161165432,10.3230384738,2006-09-30,2006-10-26,19.454666534,0.265182396875,-14.6205200401,1.28033882741
sh600981,2007-02-05,4.69,4.88,4.62,4.75,0.012793,5203372.0,24785863.0,480937500.0,1290266250.0,0.0513913283951,10.455101105,2006-09-30,2006-10-26,19.703550083,0.268574875278,-14.807560353,1.29671820203
sh600981,2007-02-06,4.76,4.94,4.76,4.86,0.023158,5079729.0,24719491.0,492075000.0,1320146100.0,0.050170162963,10.6972203364,2006-09-30,2006-10-26,20.1598448958,0.274794532239,-15.1504738356,1.32674760215
sh600981,2007-02-07,4.86,5.08,4.77,5.03,0.034979,10021723.0,49542294.0,509287500.0,1366324050.0,0.0989799802469,11.0713984065,2006-09-30,2006-10-26,20.8650161105,0.284406570183,-15.6804222599,1.37315590652
sh600981,2007-02-08,5.02,5.07,4.9,4.99,-0.007952,6412138.0,31930476.0,505237500.0,1355458650.0,0.0633297580247,10.9833586464,2006-09-30,2006-10-26,20.6990975023,0.282144969137,-15.5557315421,1.36223657076
sh600981,2007-02-09,5.0,5.32,4.91,5.18,0.038076,10699647.0,55141638.0,524475000.0,1407069300.0,0.105675525926,11.4015610102,2006-09-30,2006-10-26,21.4872363388,0.292887920981,-16.1480315763,1.41410509042
sh600981,2007-02-12,5.2,5.35,5.16,5.23,0.009653,7842685.0,41029998.0,529537500.0,1420651050.0,0.077458617284,11.5116202786,2006-09-30,2006-10-26,21.6946526312,0.295715168083,-16.3039085251,1.42775544686
sh600981,2007-02-13,5.26,5.28,5.11,5.24,0.001912,6759908.0,34958316.0,530550000.0,1423367400.0,0.0667645234568,11.5336304966,2006-09-30,2006-10-26,21.7361328071,0.296280575484,-16.3350815982,1.43048531528
sh600981,2007-02-14,5.24,5.45,5.17,5.33,0.017176,7168528.0,38193564.0,539662500.0,1447814550.0,0.0708002765432,11.731732134,2006-09-30,2006-10-26,22.1094726241,0.301369490649,-16.6156529598,1.45505533105
sh600981,2007-02-15,5.38,5.77,5.27,5.61,0.052533,11434921.0,62880908.0,568012500.0,1523872350.0,0.112937491358,12.3480352182,2006-09-30,2006-10-26,23.2709495495,0.317201334101,-17.4885230567,1.53149375276
sh600981,2007-02-16,5.63,6.16,5.51,5.88,0.048128,11346574.0,67376845.0,595350000.0,1597213800.0,0.112064928395,12.9423214572,2006-09-30,2006-10-26,24.3909338094,0.332467599908,-18.3302106944,1.60520148409
sh600981,2007-02-26,5.99,6.35,5.88,6.35,0.079932,8316052.0,51815500.0,642937500.0,1724882250.0,0.0821338469136,13.9768270959,2006-09-30,2006-10-26,26.3405499307,0.359042400104,-19.7953810956,1.73350844912
sh600981,2007-02-27,6.35,6.4,5.72,5.72,-0.099213,11603669.0,69803505.0,579150000.0,1553752200.0,0.114604138272,12.5901441492,2006-09-30,2006-10-26,23.7272249504,0.323420726463,-17.831421951,1.56152187535
sh600981,2007-02-28,5.52,6.21,5.48,6.07,0.061189,9918801.0,57864772.0,614587500.0,1648824450.0,0.0979634666667,13.3605224796,2006-09-30,2006-10-26,25.1790701179,0.343210517294,-18.9225088287,1.65706983738
sh600981,2007-03-01,6.1,6.11,5.6,5.7,-0.060956,7802237.0,45284342.0,577125000.0,1548319500.0,0.0770591308642,12.5461184713,2006-09-30,2006-10-26,23.6442547198,0.322289777002,-17.7690683806,1.55606148838
sh600981,2007-03-02,5.7,6.02,5.63,5.88,0.031579,7513807.0,44151911.0,595350000.0,1597213800.0,0.0742104395062,12.9423123465,2006-09-30,2006-10-26,24.3909166396,0.33246736587,-18.3301977909,1.60520035412
sh600981,2007-03-05,5.85,6.0,5.62,5.77,-0.018707,5579167.0,32369970.0,584212500.0,1567333950.0,0.0551028839506,12.7002005095,2006-09-30,2006-10-26,23.934635762,0.326247898857,-17.9872947809,1.57517187109
sh600981,2007-03-06,5.77,5.93,5.66,5.8,0.005199,3123926.0,18126792.0,587250000.0,1575483000.0,0.0308535901235,12.7662288519,2006-09-30,2006-10-26,24.0590719333,0.327944061683,-18.0808107264,1.58336118965
sh600981,2007-03-07,5.82,6.02,5.82,5.96,0.027586,4646239.0,27595393.0,603450000.0,1618944600.0,0.0458887802469,13.118398041,2006-09-30,2006-10-26,24.7227654917,0.336990726568,-18.5795879711,1.62703979143
sh600981,2007-03-08,6.0,6.16,5.91,6.14,0.030201,5382402.0,32767698.0,621675000.0,1667838900.0,0.0531595259259,13.5145867803,2006-09-30,2006-10-26,25.4694177323,0.347168183501,-19.1407101075,1.67617802017
sh600981,2007-03-09,6.19,6.75,6.09,6.75,0.099349,13582481.0,87658513.0,683437500.0,1833536250.0,0.134147960494,14.8572474623,2006-09-30,2006-10-26,27.9997789146,0.381658995364,-21.0423205159,1.8427046303
sh600981,2007-03-12,6.75,7.39,6.75,7.04,0.042963,14715888.0,104027866.0,712800000.0,1912310400.0,0.145342103704,15.495559385,2006-09-30,2006-10-26,29.2027334161,0.398056210782,-21.9463617322,1.92187274933
sh600981,2007-03-13,7.05,7.28,6.91,7.19,0.021307,8581260.0,61204086.0,727987500.0,1953055650.0,0.0847531851852,15.8257232688,2006-09-30,2006-10-26,29.824956057,0.406537594465,-22.4139728617,1.962822092
sh600981,2007-03-14,7.14,7.47,6.7,7.25,0.008345,12172797.0,87395820.0,734062500.0,1969353750.0,0.120225155556,15.9577889295,2006-09-30,2006-10-26,30.0738453153,0.409930150691,-22.6010174652,1.97920184236
sh600981,2007-03-15,7.16,7.8,7.16,7.58,0.045517,9947434.0,75680242.0,767475000.0,2058993300.0,0.0982462617284,16.6841396082,2006-09-30,2006-10-26,31.4427165325,0.42858894136,-23.6297479772,2.06928917261
sh600981,2007-03-16,7.6,7.82,7.14,7.35,-0.030343,10767413.0,80331181.0,744187500.0,1996517250.0,0.106344819753,16.1778927601,2006-09-30,2006-10-26,30.4886501848,0.415584267112,-22.9127505343,2.00650073125
sh600981,2007-03-19,7.0,7.75,6.9,7.66,0.042177,11806193.0,88581481.0,775575000.0,2080724100.0,0.116604375309,16.860227743,2006-09-30,2006-10-26,31.7745699836,0.433112364746,-23.8791416136,2.09112891259
sh600981,2007-03-20,7.67,8.43,7.67,8.43,0.100522,12552238.0,103267119.0,853537500.0,2289883050.0,0.123972720988,18.5550515562,2006-09-30,2006-10-26,34.9686133075,0.476649685875,-26.2795206869,2.30133337314
sh600981,2007-03-21,8.63,8.98,8.33,8.91,0.05694,12982851.0,112125093.0,902137500.0,2420267850.0,0.128225688889,19.6115761918,2006-09-30,2006-10-26,36.9597261492,0.503790118989,-27.7758765948,2.43237129541
sh600981,2007-03-22,8.96,8.97,8.6,8.67,-0.026936,8305852.0,73019496.0,877837500.0,2355075450.0,0.0820331061728,19.0833187755,2006-09-30,2006-10-26,35.9641789657,0.490220028344,-27.0277055828,2.3668529422
sh600981,2007-03-23,8.65,9.4,8.65,9.36,0.079585,10963336.0,100562254.0,947700000.0,2542503600.0,0.108279861728,20.6020647003,2006-09-30,2006-10-26,38.8263881487,0.5292341893,-29.1787055316,2.5552189336
sh600981,2007-03-26,9.5,9.5,9.1,9.31,-0.005342,9998628.0,92600014.0,942637500.0,2528921850.0,0.0987518814815,20.4920084706,2006-09-30,2006-10-26,38.6189775832,0.52640702026,-29.0228328867,2.54156895406
sh600981,2007-03-27,10.24,10.24,9.56,10.24,0.099893,28968074.0,295814183.0,1036800000.0,2781542400.0,0.286104434568,22.5390166728,2006-12-31,2007-03-27,51.6220099312,0.755449323773,-28.8912149828,4.0632195698
sh600981,2007-03-28,10.5,11.26,10.32,11.26,0.099609,22626138.0,248466585.0,1140075000.0,3058610100.0,0.22346802963,24.7841055845,2006-12-31,2007-03-27,56.7640267184,0.830698875465,-31.769040016,4.46795280793
sh600981,2007-03-29,11.77,12.18,10.99,11.01,-0.022202,26063924.0,303617443.0,1114762500.0,2990701350.0,0.257421471605,24.2338488724,2006-12-31,2007-03-27,55.5037517972,0.812255699032,-31.0637037896,4.36875531969
sh600981,2007-03-30,11.0,11.5,10.81,11.27,0.023615,10437313.0,117118000.0,1141087500.0,3061326450.0,0.10308457284,24.8061312135,2006-12-31,2007-03-27,56.8144728959,0.831437117365,-31.7972731546,4.47192347656
sh600981,2007-04-02,11.3,12.0,11.1,11.79,0.04614,11271495.0,130376060.0,1193737500.0,3202576650.0,0.111323407407,25.9506861077,2006-12-31,2007-03-27,59.4358926753,0.86979962596,-33.2643993379,4.67825802577
sh600981,2007-04-03,11.8,11.86,11.5,11.75,-0.003393,7958610.0,92709607.0,1189687500.0,3191711250.0,0.0786035555556,25.8626354297,2006-12-31,2007-03-27,59.2342266915,0.866848395829,-33.151533231,4.66238469629
sh600981,2007-04-04,11.7,11.7,11.46,11.53,-0.018723,7292267.0,84339276.0,1167412500.0,3131951550.0,0.0720223901235,25.3784093065,2006-12-31,2007-03-27,58.1251842651,0.850618393314,-32.5308370743,4.57509086762
sh600981,2007-04-05,11.53,12.0,11.36,11.75,0.019081,8864295.0,103817837.0,1189687500.0,3191711250.0,0.0875485925926,25.8626547345,2006-12-31,2007-03-27,59.2342709061,0.866849042877,-33.1515579765,4.66238817646
sh600981,2007-04-06,11.61,12.5,11.56,12.46,0.060426,17541531.0,211501251.0,1672595850.0,3384572100.0,0.130675605981,27.4254315095,2006-12-31,2007-03-27,62.8135609599,0.919229263141,-35.1547740188,4.94411764441
sh600981,2007-04-09,12.45,12.9,12.34,12.73,0.021669,12215644.0,154666445.0,1708839900.0,3457913550.0,0.0910004197116,28.0197131849,2006-12-31,2007-03-27,64.1746680123,0.939148042044,-35.916542817,5.05125172965
sh600981,2007-04-10,12.73,12.85,12.28,12.71,-0.001571,10029318.0,126333262.0,1706155160.0,3452480850.0,0.074713387603,27.9756942155,2006-12-31,2007-03-27,64.0738496089,0.93767264047,-35.8601179282,5.04331621318
sh600981,2007-04-11,12.7,12.78,12.36,12.63,-0.006294,8975449.0,112563748.0,1695416180.0,3430750050.0,0.0668625923282,27.7996151961,2006-12-31,2007-03-27,63.6705687994,0.931770928871,-35.634414346,5.01157358094
sh600981,2007-04-12,12.63,13.89,12.51,13.89,0.099762,8979919.0,120125051.0,1864555080.0,3773010150.0,0.0668958918124,30.5729604073,2006-12-31,2007-03-27,70.022472084,1.02472626028,-39.18937479,5.51153818452
sh600981,2007-04-13,14.68,15.28,13.9,14.22,0.023758,19133395.0,280941044.0,1908853370.0,3862649700.0,0.14253419418,31.2993128006,2006-12-31,2007-03-27,71.6860659758,1.04907170677,-40.1204359563,5.64248130871
sh600981,2007-04-16,14.29,15.2,14.22,15.0,0.054852,9870343.0,144516385.0,2013558410.0,4074525000.0,0.073529103633,33.0161427064,2006-12-31,2007-03-27,75.6181900667,1.10661538803,-42.3211221093,5.95198269345
sh600981,2007-04-17,15.06,15.3,14.44,14.99,-0.000667,11727962.0,174061925.0,2012216030.0,4071808650.0,0.0873674335951,32.9941209392,2006-12-31,2007-03-27,75.5677527339,1.10587727556,-42.2928939209,5.948012721
sh600981,2007-04-18,14.99,15.5,14.65,15.05,0.004003,8924213.0,134337144.0,2020270270.0,4088106750.0,0.066480909829,33.1261964053,2006-12-31,2007-03-27,75.8702504481,1.1103041023,-42.4621923752,5.97182261592
sh600981,2007-04-20,14.38,16.5,14.08,16.08,0.068439,16011545.0,243693666.0,2158534610.0,4367890800.0,0.119277977943,35.3933201611,2006-12-31,2007-03-27,81.0627345185,1.18629220476,-45.3682623592,6.38052818393
sh600981,2007-04-23,16.23,16.8,15.88,16.57,0.030473,10599380.0,174321723.0,2224310850.0,4500991950.0,0.0789600637878,36.4718608064,2006-12-31,2007-03-27,83.5329592275,1.22244208711,-46.7507694181,6.57496201928
sh600981,2007-04-24,16.57,17.5,16.32,16.95,0.022933,10426761.0,174993251.0,2275321000.0,4604213250.0,0.0776741387039,37.3082699902,2006-12-31,2007-03-27,85.4486205815,1.2504763515,-47.8229048132,6.72574562327
sh600981,2007-04-25,16.68,17.2,16.35,16.69,-0.015339,6223208.0,104067860.0,2240419320.0,4533588150.0,0.0463597776509,36.7359984369,2006-12-31,2007-03-27,84.1379241904,1.23129529474,-47.0893492762,6.62257941115
sh600981,2007-04-26,16.75,17.09,16.31,16.79,0.005992,6703520.0,111679540.0,2253843040.0,4560751650.0,0.0499378611565,36.9561205395,2006-12-31,2007-03-27,84.6420786321,1.23867321615,-47.3715086571,6.66226190698
sh600981,2007-04-27,16.7,17.0,16.55,16.66,-0.007743,7166137.0,120056898.0,2236392200.0,4525439100.0,0.053384125745,36.6699692982,2007-03-31,2007-04-27,82.7456044502,1.17683724355,-21.7168570259,6.40167965319
sh600981,2007-04-30,16.41,16.77,15.4,15.99,-0.040216,12557480.0,201677292.0,2146453260.0,4343443650.0,0.0935469264306,35.1952498129,2007-03-31,2007-04-27,79.4179072216,1.12950955696,-20.8434919038,6.14422970425
sh600981,2007-05-08,16.21,16.95,15.88,16.34,0.021889,10029144.0,165251451.0,2193436290.0,4438515900.0,0.0747120915739,35.965638636,2007-03-31,2007-04-27,81.1562857928,1.15423339166,-21.299735098,6.27872074825
sh600981,2007-05-09,16.29,16.32,15.18,15.78,-0.034272,9501132.0,150069854.0,2118263440.0,4286400300.0,0.070778667152,34.7330242687,2007-03-31,2007-04-27,78.3748975661,1.11467550486,-20.5697505768,6.06353643077
sh600981,2007-05-10,15.7,16.5,15.5,16.28,0.031686,8300072.0,134068557.0,2185382060.0,4422217800.0,0.0618313724786,35.8335748757,2007-03-31,2007-04-27,80.8582845704,1.1499951129,-21.2215236935,6.25566564611
sh600981,2007-05-11,16.2,16.75,15.78,16.64,0.022113,8372091.0,135955900.0,2233707460.0,4520006400.0,0.0623678779494,36.6259627169,2007-03-31,2007-04-27,82.6463038171,1.17542495484,-21.690795247,6.39399718054
sh600981,2007-05-14,16.45,18.25,16.3,18.14,0.090144,15249779.0,268726262.0,2435063300.0,4927458900.0,0.113603203276,39.9275735,2007-03-31,2007-04-27,90.0963722284,1.28138246196,-23.6460902937,6.97037766239
sh600981,2007-05-15,18.2,18.5,16.6,16.78,-0.074972,12054955.0,210317726.0,2252500670.0,4558035300.0,0.0898033672505,36.9341234596,2007-03-31,2007-04-27,83.3416670097,1.18531465603,-21.8732956122,6.44779450828
sh600981,2007-05-16,16.7,17.42,16.23,17.34,0.033373,8854534.0,150077040.0,2327673520.0,4710150900.0,0.0659618362458,38.1667259618,2007-03-31,2007-04-27,86.1230284628,1.22487216204,-22.6032731067,6.66297675441
sh600981,2007-05-17,17.6,18.35,17.4,17.69,0.020185,9303801.0,165996885.0,2374656550.0,4805223150.0,0.0693086499982,38.9371213253,2007-03-31,2007-04-27,87.8614217923,1.24959620663,-23.0595201743,6.7974689402
sh600981,2007-05-21,17.5,18.99,16.95,18.56,0.04918,10111527.0,183924840.0,2491442930.0,5041545600.0,0.0753258037181,40.8520489521,2007-03-31,2007-04-27,92.182446516,1.31105134807,-24.1935873765,7.13176846267
sh600981,2007-05-22,18.88,18.88,18.2,18.26,-0.016164,9063341.0,166600234.0,2451171770.0,4960055100.0,0.0675173436173,40.1917164329,2007-03-31,2007-04-27,90.6924094506,1.28985951408,-23.8025222302,7.01649055724
sh600981,2007-05-23,18.21,18.56,18.11,18.4,0.007667,7116947.0,130463990.0,2469964980.0,4998084000.0,0.0530176848094,40.4998663228,2007-03-31,2007-04-27,91.3877481538,1.29974886698,-23.9850161681,7.07028599035
sh600981,2007-05-24,18.49,19.37,18.3,19.22,0.044565,12924190.0,244366849.0,2580039500.0,5220824700.0,0.0962787320892,42.3047428654,2007-03-31,2007-04-27,95.4604431503,1.35767217524,-25.0539084136,7.38537328551
sh600981,2007-05-25,19.0,21.0,18.88,20.62,0.072841,12085161.0,244251122.0,2767971620.0,5601113700.0,0.090028386859,45.3862626405,2007-03-31,2007-04-27,102.41387729,1.45656637415,-26.8788601564,7.923331261
sh600981,2007-05-28,21.06,21.24,20.5,20.73,0.005335,9554248.0,198785456.0,2782737720.0,5630993550.0,0.0711743545274,45.6283983517,2007-03-31,2007-04-27,102.960255325,1.46433715576,-27.0222588753,7.96560223327
sh600981,2007-05-29,20.75,22.6,20.3,22.07,0.064641,10004816.0,211819900.0,2962615600.0,5994984450.0,0.0745308602034,48.5778636495,2007-03-31,2007-04-27,109.61570919,1.55899337384,-28.7690047113,8.48050672723
sh600981,2007-05-30,20.1,23.49,20.1,20.5,-0.071137,18492390.0,396207862.0,2751863150.0,5568517500.0,0.137759028824,45.1221801631,2007-03-31,2007-04-27,101.817976485,1.44809126221,-26.7224640231,7.87722892018
sh600981,2007-05-31,20.51,21.52,18.46,20.9,0.019512,14451700.0,291872567.0,2805558040.0,5677171500.0,0.107657915357,46.0026041424,2007-03-31,2007-04-27,103.804648842,1.47634641892,-27.2438727412,8.03092941087
sh600981,2007-06-01,21.0,21.25,18.81,18.81,-0.1,11689867.0,230862960.0,2525002240.0,5109454350.0,0.0870836448327,41.4023437282,2007-03-31,2007-04-27,93.424183958,1.32871177703,-24.519485467,7.22783646978
sh600981,2007-06-04,18.45,18.45,16.93,16.93,-0.099947,1865900.0,32249791.0,2272636250.0,4598780550.0,0.0139000189758,37.2643036796,2007-03-31,2007-04-27,84.0867170439,1.19591102105,-22.0688364531,6.50543589814
sh600981,2007-06-05,15.24,16.5,15.24,16.46,-0.027761,12149302.0,187359121.0,2209544760.0,4471112100.0,0.0905062049614,36.2298093451,2007-03-31,2007-04-27,81.7523856921,1.16271133519,-21.4561834843,6.32483849217
sh600981,2007-06-06,16.7,17.25,15.48,16.65,0.011543,9315860.0,154760157.0,2235049830.0,4522722750.0,0.0693984836123,36.6480100344,2007-03-31,2007-04-27,82.6960534801,1.17613251213,-21.7038522102,6.39784610288
sh600981,2007-06-07,16.88,17.92,16.6,17.84,0.071471,8642428.0,150595973.0,2394792130.0,4845968400.0,0.0643817530501,39.2672799596,2007-03-31,2007-04-27,88.6064231184,1.26019187891,-23.2550482316,6.8551065617
sh600981,2007-06-08,17.9,18.94,17.9,18.62,0.043722,8746581.0,162582316.0,2499497170.0,5057843700.0,0.0651576405746,40.984123974,2007-03-31,2007-04-27,92.48047315,1.31528998824,-24.2718054503,7.15482553079
sh600981,2007-06-11,18.95,19.9,18.95,19.36,0.039742,7357756.0,143164323.0,2598832710.0,5258853600.0,0.054811591224,42.6129150289,2007-03-31,2007-04-27,96.1558321139,1.36756224295,-25.2364155426,7.43917260704
sh600981,2007-06-12,19.65,21.3,19.3,21.3,0.100207,12689492.0,258325426.0,2859252940.0,5785825500.0,0.0945303494555,46.8830274052,2007-03-31,2007-04-27,105.791319583,1.50460155263,-27.7652810348,8.18462977647
sh600981,2007-06-13,22.14,22.84,21.82,22.41,0.052113,10755708.0,240868189.0,3008256260.0,6087340350.0,0.0801246288373,49.3262426124,2007-03-31,2007-04-27,111.30442262,1.58301085334,-29.2122131254,8.61115538801
sh600981,2007-06-14,22.0,23.48,21.0,22.45,0.001785,15021113.0,341595960.0,3013625750.0,6098205750.0,0.111899756249,49.4142899555,2007-03-31,2007-04-27,111.503101014,1.58583652772,-29.2643569258,8.62652630038
sh600981,2007-06-15,21.88,24.7,21.68,24.7,0.100223,22312692.0,528956344.0,3479579400.0,6709384500.0,0.158387962752,54.3667383377,2007-03-31,2007-04-27,122.678276307,1.74477382203,-32.19731857,9.49110264578
sh600981,2007-06-18,26.07,27.17,26.07,27.17,0.1,21228000.0,569871086.0,3827537340.0,7380322950.0,0.150688212489,59.8034121715,2007-03-31,2007-04-27,134.946103938,1.91925120424,-35.417050427,10.4402129104
sh600981,2007-06-19,28.0,29.89,27.8,29.89,0.10011,17343560.0,501838355.0,4210713700.0,8119170150.0,0.123114285448,65.7903317639,2007-03-31,2007-04-27,148.455558403,2.11138744229,-38.9626513452,11.4853826248
sh600981,2007-06-20,31.48,32.88,28.2,30.59,0.023419,19546306.0,629028192.0,4309325260.0,8309314650.0,0.13875060815,67.3310755435,2007-03-31,2007-04-27,151.932239125,2.1608340248,-39.8751176771,11.7543588005
sh600981,2007-06-21,29.92,32.3,27.53,27.53,-0.100033,19378711.0,572425677.0,3878251860.0,7478111550.0,0.137560925151,60.5957460637,2007-03-31,2007-04-27,136.734001449,1.9446793148,-35.8862900305,10.5785350266
sh600981,2007-06-22,24.78,26.5,24.78,24.78,-0.099891,11538488.0,288494507.0,3490849290.0,6731115300.0,0.0819066390116,54.5427763936,2007-03-31,2007-04-27,123.07550531,1.75042335337,-32.3015726331,9.52183458427
sh600981,2007-06-25,23.5,25.37,22.3,22.33,-0.09887,18642059.0,436462308.0,3145708830.0,6065609550.0,0.132331757313,49.1501320916,2007-03-31,2007-04-27,110.9070301,1.57735899642,-29.1079161468,8.58041079893
sh600981,2007-06-26,22.2,22.85,20.1,22.23,-0.004478,15399670.0,323505498.0,3131621460.0,6038446050.0,0.109315467553,48.9300378001,2007-03-31,2007-04-27,110.410388419,1.57029558283,-28.9775708983,8.54198771937
sh600981,2007-06-27,22.2,24.45,21.61,24.45,0.099865,17665142.0,407241647.0,3444360990.0,6641475750.0,0.125397054244,53.816436025,2007-03-31,2007-04-27,121.436521859,1.72711315121,-31.8714160161,9.39503332296
sh600981,2007-06-28,25.78,26.9,25.0,25.58,0.046217,26970908.0,706736595.0,3603548220.0,6948423300.0,0.191454584349,56.3036702488,2007-03-31,2007-04-27,127.04895359,1.80693513972,-33.3444172501,9.82924357805
sh600981,2007-06-29,23.9,25.0,23.02,23.04,-0.099296,15364490.0,362948428.0,3245729130.0,6258470400.0,0.109065740061,50.7129410077,2007-03-31,2007-04-27,114.433500694,1.62751370809,-30.0334499948,8.85323900773
sh600981,2007-07-02,22.9,22.9,20.74,20.74,-0.099826,9853521.0,207938815.0,2921719710.0,5633709900.0,0.0699458010433,45.6504709587,2007-03-31,2007-04-27,103.010062054,1.46504552466,-27.0353308157,7.96945557054
sh600981,2007-07-03,20.45,22.48,18.67,21.48,0.03568,19846125.0,395641704.0,3025966220.0,5834719800.0,0.140878890908,47.2792797625,2007-03-31,2007-04-27,106.685461068,1.51731834898,-27.9999514192,8.2538057453
sh600981,2007-07-04,10.91,11.0,10.13,10.13,-0.099302,8261719.0,86915951.0,2711395330.0,5228158850.0,0.0308664740047,42.5843527235,2007-03-31,2007-04-27,96.0913814129,1.36664560229,-25.2195002433,7.43418632718
sh600981,2007-07-05,9.38,9.55,9.12,9.12,-0.099704,8809357.0,81341704.0,2441058780.0,4706891280.0,0.0329124953886,38.3385224196,2007-03-31,2007-04-27,86.5106863205,1.23038556916,-22.7050151911,6.69296821361
sh600981,2007-07-06,8.21,9.65,8.21,9.39,0.029605,35815978.0,314134552.0,2513326970.0,4846240040.0,0.133811492669,39.4735343758,2007-03-31,2007-04-27,89.071835189,1.26681113394,-23.3771971658,6.89111353758
sh600981,2007-07-09,9.0,9.57,8.6,9.18,-0.022364,28074135.0,255294490.0,2457118380.0,4737857670.0,0.104887318982,38.590748253,2007-03-31,2007-04-27,87.0798326669,1.23848016974,-22.8543895284,6.73700067442
sh600981,2007-07-10,9.35,9.66,9.0,9.12,-0.006536,27063024.0,253130026.0,2441058780.0,4706891280.0,0.10110972374,38.3385191225,2007-03-31,2007-04-27,86.5106788806,1.23038546335,-22.7050132384,6.69296763801
sh600981,2007-07-11,8.88,8.98,8.5,8.72,-0.04386,14685689.0,127973043.0,2333994800.0,4500448680.0,0.0548669637482,36.6569916737,2007-03-31,2007-04-27,82.7163205049,1.17642075693,-21.7091713578,6.39941407741
sh600981,2007-07-12,8.68,8.88,8.46,8.67,-0.005734,10984519.0,94595890.0,2320611800.0,4474643360.0,0.0410390827669,36.4468004835,2007-03-31,2007-04-27,82.2420251231,1.16967516031,-21.5846909692,6.36271983709
sh600981,2007-07-13,8.62,8.63,8.25,8.39,-0.032295,8373239.0,70068557.0,2245667010.0,4330133540.0,0.0312831220734,35.2697510619,2007-03-31,2007-04-27,79.5860189217,1.131900501,-20.8876133744,6.15723579995
sh600981,2007-07-16,8.34,8.34,7.55,7.57,-0.097735,15200790.0,119237925.0,2026185850.0,3906926210.0,0.0567914242911,31.8226619418,2007-03-31,2007-04-27,71.8076793624,1.02127420554,-18.8461624812,5.55545835904
sh600981,2007-07-17,7.35,7.99,7.26,7.72,0.019815,12663511.0,97144715.0,2066334840.0,3984342180.0,0.0473119375561,32.4532279882,2007-03-31,2007-04-27,73.230548529,1.04151075392,-19.2195991908,5.66553976643
sh600981,2007-07-18,7.73,8.06,7.6,8.0,0.036269,12901187.0,101604842.0,2141279630.0,4128852000.0,0.0481999149266,33.6302741141,2007-03-31,2007-04-27,75.8865472936,1.07928530745,-19.9166748338,5.87102322822
sh600981,2007-07-19,7.98,7.98,7.66,7.71,-0.03625,6342672.0,49327228.0,2063658250.0,3979181120.0,0.0236967536267,32.4111766775,2007-03-31,2007-04-27,73.1356599542,1.04016121506,-19.1946953711,5.65819863619
sh600981,2007-07-20,7.79,8.4,7.72,8.28,0.07393,15274081.0,122975659.0,2216224420.0,4273361820.0,0.0570652455314,34.8073349692,2007-03-31,2007-04-27,78.5425792946,1.11706033369,-20.6137591999,6.07650926137
sh600981,2007-07-23,8.45,9.11,8.35,9.11,0.100242,17799189.0,157142615.0,2438382180.0,4701730220.0,0.0664992605015,38.2964918412,2007-03-31,2007-04-27,86.4158445282,1.22903669566,-22.6801236496,6.68563070275
sh600981,2007-07-24,9.7,10.02,9.39,9.84,0.080132,31062340.0,306046327.0,2633773950.0,5078487960.0,0.116051503053,41.3652663255,2007-03-31,2007-04-27,93.340518982,1.32752186415,-24.4975273179,7.22136366222
sh600981,2007-07-25,9.84,10.82,9.62,10.82,0.099593,39049757.0,408036864.0,2896080700.0,5584272330.0,0.145893162003,45.4849572946,2007-03-31,2007-04-27,102.636581289,1.45973374917,-26.9373095561,7.94056093343
sh600981,2007-07-26,10.82,11.9,10.82,11.9,0.099815,27351410.0,321702131.0,3185153450.0,6141667350.0,0.102187158047,50.025038307,2007-03-31,2007-04-27,112.88125165,1.60543707335,-29.6260571094,8.733148023
sh600981,2007-07-27,12.5,13.09,11.9,13.09,0.1,44690011.0,573568560.0,3503668800.0,6755834090.0,0.166965623004,55.0275421377,2007-03-31,2007-04-27,124.169376815,1.76598078068,-32.5886628204,9.6064628253
sh600981,2007-07-30,13.12,14.4,13.12,14.4,0.100076,32881823.0,461807954.0,3854303340.0,7431933600.0,0.122849243931,60.5344784446,2007-03-31,2007-04-27,136.59575137,1.94271307329,-35.8500058408,10.567839199
sh600981,2007-07-31,14.35,15.84,13.8,15.77,0.095139,55483964.0,847913569.0,4220997470.0,8138999510.0,0.207292735544,66.2936681894,2007-03-31,2007-04-27,149.591334559,2.12754085237,-39.2607395465,11.5732528526
sh600981,2007-08-01,15.79,16.97,14.19,14.19,-0.10019,75224174.0,1135193887.0,3798094750.0,7323551240.0,0.281043812575,59.6517055735,2007-03-31,2007-04-27,134.60377875,1.91438253437,-35.3272060513,10.4137286493
sh600981,2007-08-02,13.1,14.99,13.01,13.94,-0.017618,55129122.0,757158968.0,3731179760.0,7194524610.0,0.205967015827,58.6007618247,2007-03-31,2007-04-27,132.232329376,1.88065494288,-34.7048113351,10.2302595779
sh600981,2007-08-03,13.78,13.78,12.88,13.06,-0.063128,39398082.0,519935288.0,3495639000.0,6740350890.0,0.147194533223,54.9014129322,2007-03-31,2007-04-27,123.884766887,1.76193295764,-32.5139660051,9.58444375128
sh600981,2007-08-06,13.06,14.37,12.0,14.37,0.100306,37319164.0,516179965.0,3846273540.0,7416450410.0,0.139427521497,60.4083540578,2007-03-31,2007-04-27,136.311152314,1.93866540489,-35.7753118793,10.5458209662
sh600981,2007-08-07,15.1,15.65,14.05,14.53,0.011134,54124203.0,812309527.0,3889099130.0,7499027450.0,0.202212554451,61.0809406719,2007-03-31,2007-04-27,137.828840684,1.96025050551,-36.1736342017,10.6632381368
sh600981,2007-08-08,13.95,14.3,13.39,13.6,-0.064006,21837906.0,300341064.0,3640175370.0,7019048400.0,0.0815882454586,57.1713939832,2007-03-31,2007-04-27,129.006967907,1.83478271166,-33.858304571,9.98072691665
sh600981,2007-08-09,13.5,14.5,13.2,13.78,0.013235,15675340.0,217342161.0,3688354170.0,7111947570.0,0.0585643827149,57.9280573826,2007-03-31,2007-04-27,130.714375127,1.85906606084,-34.306419232,10.1128218374
sh600981,2007-08-10,13.6,13.89,12.87,13.28,-0.036284,13781693.0,182323275.0,3554524190.0,6853894320.0,0.0514895590118,55.8261957485,2007-03-31,2007-04-27,125.97153474,1.79161170789,-33.0616451166,9.74588820985
sh600981,2007-08-13,13.12,13.71,12.5,12.93,-0.026355,13575535.0,176239190.0,3460843210.0,6673257050.0,0.0507193354044,54.3548963596,2007-03-31,2007-04-27,122.651554942,1.74439378133,-32.1903054595,9.48903532608
sh600981,2007-08-14,12.95,13.49,12.95,13.23,0.023202,9054616.0,120087639.0,3541141190.0,6828089000.0,0.0338288035558,55.6160386649,2007-03-31,2007-04-27,125.49731632,1.78486720585,-32.9371849268,9.70919992371
sh600981,2007-08-15,13.36,13.49,12.61,13.07,-0.012094,10657210.0,138742462.0,3498315600.0,6745511960.0,0.0398162289017,54.9434182933,2007-03-31,2007-04-27,123.979551776,1.76328102186,-32.5388426123,9.59177685983
sh600981,2007-08-16,13.0,13.3,12.65,13.26,0.014537,12181637.0,158601454.0,3549170990.0,6843572190.0,0.0455116158323,55.742130765,2007-03-31,2007-04-27,125.781842521,1.78891383807,-33.0118597674,9.73121252004
sh600981,2007-08-17,13.3,14.55,13.17,14.22,0.072398,35071559.0,498937754.0,3806124550.0,7339034430.0,0.131030280914,59.7777495482,2007-06-30,2007-08-17,64.5855758881,0.932338454332,-22.4431463965,5.372009789
sh600981,2007-08-20,14.6,14.89,14.0,14.41,0.013361,22504831.0,323829305.0,3856979940.0,7437094670.0,0.084079932941,60.5764400599,2007-06-30,2007-08-17,65.4485037675,0.944795428421,-22.7430092756,5.44378521179
sh600981,2007-08-21,14.51,14.6,14.0,14.14,-0.018737,15868883.0,224539460.0,3784711750.0,7297745910.0,0.0592874756235,59.4414193025,2007-06-30,2007-08-17,64.2221951524,0.927092796478,-22.3168735108,5.34178500827
sh600981,2007-08-22,13.8,14.0,13.58,13.8,-0.024045,15866677.0,218016811.0,3693707370.0,7122269700.0,0.0592792337526,58.0121503753,2007-06-30,2007-08-17,62.67797247,0.904800850187,-21.7802642872,5.21334178775
sh600981,2007-08-23,13.8,14.86,13.75,14.27,0.034058,23809115.0,343961925.0,3819507540.0,7364839760.0,0.0889528473218,59.9879281928,2007-06-30,2007-08-17,64.8126588563,0.935616557543,-22.5220565283,5.39089778236
sh600981,2007-08-24,14.42,14.58,13.9,13.98,-0.020322,15013521.0,210286463.0,3741886160.0,7215168870.0,0.0560917715305,58.7688535161,2007-06-30,2007-08-17,63.4955360031,0.91660295786,-22.0643632955,5.28134395762
sh600981,2007-08-27,13.99,14.15,13.0,13.4,-0.041488,16752607.0,226769058.0,3586643380.0,6915827100.0,0.0625891425537,56.3306513214,2007-06-30,2007-08-17,60.8612332054,0.878574934345,-21.1489569911,5.06223155951
sh600981,2007-08-28,13.4,13.57,13.01,13.22,-0.013433,11551404.0,152209280.0,3538464590.0,6822927930.0,0.0431570125957,55.5739616822,2007-06-30,2007-08-17,60.0436842597,0.866773037252,-20.8648630519,4.99423060297
sh600981,2007-08-29,13.1,13.49,12.91,13.12,-0.007564,9268122.0,122122676.0,3511698600.0,6771317280.0,0.034626479801,55.1536002361,2007-06-30,2007-08-17,59.589513832,0.860216765998,-20.7070412277,4.95645424269
sh600981,2007-08-30,13.1,13.79,13.08,13.49,0.028201,10098570.0,135619830.0,3610732780.0,6962276690.0,0.0377291030936,56.7089869163,2007-06-30,2007-08-17,61.2699977116,0.884475739016,-21.2910004974,5.09623120879
sh600981,2007-08-31,13.55,13.65,13.21,13.3,-0.014085,9847521.0,130918909.0,3559877390.0,6864216450.0,0.0367911629956,55.9102408356,2007-06-30,2007-08-17,60.4070097938,0.872017898232,-20.9911167554,5.02445079221
sh600981,2007-09-03,13.32,14.63,13.15,14.63,0.1,35736969.0,501324879.0,3915865130.0,7550638100.0,0.133516308431,61.5012649192,2007-06-30,2007-08-17,66.4477107732,0.959219688055,-23.0902284309,5.52689587143
sh600981,2007-09-04,14.9,15.0,13.75,13.93,-0.047847,25819913.0,370407523.0,3728503160.0,7189363550.0,0.0964653569155,58.5586138966,2007-06-30,2007-08-17,63.2683871558,0.91332390364,-21.9854302712,5.26245048467
sh600981,2007-09-06,14.0,14.28,13.65,13.83,-0.007179,12811086.0,177719715.0,3701737160.0,7137752900.0,0.0478632900506,58.1382216074,2007-06-30,2007-08-17,62.8141834044,0.906767151336,-21.8275968673,5.22467135264
sh600981,2007-09-07,13.8,13.8,13.21,13.35,-0.034707,11794007.0,158270700.0,3573260390.0,6890021780.0,0.044063397644,56.1204183501,2007-06-30,2007-08-17,60.634091541,0.875295983815,-21.0700264628,5.04333868401
sh600981,2007-09-10,13.35,14.43,13.32,14.09,0.055431,16638314.0,232509639.0,3771328750.0,7271940590.0,0.0621621343035,59.2312292596,2007-06-30,2007-08-17,63.9950998692,0.923814515494,-22.2379590997,5.3228959906
sh600981,2007-09-11,14.11,14.3,12.7,12.79,-0.092264,13574697.0,184760775.0,3423370810.0,6601002140.0,0.0507162046609,53.7663191232,2007-06-30,2007-08-17,58.0906559749,0.838579693036,-20.1861960413,4.83178431492
sh600981,2007-09-12,12.72,13.2,12.1,12.78,-0.000782,11005133.0,138766272.0,3420694210.0,6595841070.0,0.0411160984016,53.7242738617,2007-06-30,2007-08-17,58.0452290819,0.837923923716,-20.170410436,4.82800585959
sh600981,2007-09-13,12.8,12.98,12.48,12.81,0.002347,8006714.0,101270217.0,3428724010.0,6611324270.0,0.0299137539332,53.8503647324,2007-06-30,2007-08-17,58.1814612346,0.839890531165,-20.2177503893,4.83933718934
sh600981,2007-09-14,12.74,12.95,12.48,12.8,-0.000781,7723772.0,97896776.0,3426047410.0,6606163200.0,0.0288566589334,53.8083075976,2007-06-30,2007-08-17,58.1360215133,0.83923457666,-20.2019603262,4.835557667
sh600981,2007-09-17,12.74,13.09,12.51,12.88,0.00625,8999599.0,115763467.0,3447460210.0,6647451720.0,0.0336232553994,54.1446095201,2007-06-30,2007-08-17,58.4993716478,0.844479792764,-20.3282225783,4.86577990242
sh600981,2007-09-18,13.15,13.55,12.9,13.38,0.03882,10326739.0,136818115.0,3581290180.0,6905504970.0,0.0385815616371,56.2465032616,2007-06-30,2007-08-17,60.7703172552,0.87726249832,-21.1173641787,5.05466947823
sh600981,2007-09-19,13.45,13.95,13.35,13.39,0.000747,11736711.0,160099417.0,3583966780.0,6910666040.0,0.0438493350907,56.2885193996,2007-06-30,2007-08-17,60.8157126821,0.877917813406,-21.1331388498,5.05844531633
sh600981,2007-09-20,13.3,13.46,12.9,13.01,-0.028379,8460494.0,110320995.0,3482256000.0,6714545570.0,0.0316091140169,54.6911075075,2007-06-30,2007-08-17,59.0898235719,0.853003383779,-20.5334015024,4.9148916967
sh600981,2007-09-21,13.03,13.06,12.33,12.62,-0.029977,8835655.0,111005957.0,3377868620.0,6513264030.0,0.033010746907,53.0516321778,2007-06-30,2007-08-17,57.3184879307,0.827432901344,-19.9178717255,4.7675579883
sh600981,2007-09-24,12.65,12.79,12.13,12.44,-0.014263,7126864.0,87971245.0,3329689830.0,6420364860.0,0.0266265606367,52.294956748,2007-06-30,2007-08-17,56.5009543374,0.815631225872,-19.6337831211,4.69955830872
sh600981,2007-09-25,12.5,12.5,12.2,12.29,-0.012058,5028938.0,61708405.0,3289540830.0,6342948890.0,0.0187885334805,51.6643841595,2007-06-30,2007-08-17,55.81966583,0.80579634455,-19.3970389642,4.64289103463
sh600981,2007-09-26,12.35,12.5,12.2,12.21,-0.006509,4090172.0,50353304.0,3268128040.0,6301660370.0,0.0152812250649,51.3281006831,2007-06-30,2007-08-17,55.4563356251,0.800551416143,-19.2707836376,4.61267045689
sh600981,2007-09-27,12.22,12.37,12.01,12.14,-0.005733,4347436.0,52560631.0,3249391840.0,6265532910.0,0.0162423849258,51.0338366818,2007-06-30,2007-08-17,55.1384044529,0.795961854875,-19.160304235,4.58622601716
sh600981,2007-09-28,12.1,12.38,12.08,12.2,0.004942,5487572.0,67064375.0,3265451440.0,6296499300.0,0.020502028473,51.2860459027,2007-06-30,2007-08-17,55.4108984477,0.799895498362,-19.2549944586,4.60889114613
sh600981,2007-10-08,12.31,12.4,12.05,12.08,-0.009836,6287888.0,76309800.0,3233332240.0,6234566520.0,0.0234920761004,50.7815963552,2007-06-30,2007-08-17,54.8658768506,0.79202772624,-19.0656023331,4.56355809282
sh600981,2007-10-09,12.08,12.19,11.65,11.98,-0.008278,6996076.0,82898174.0,3206566250.0,6182955870.0,0.0261379257266,50.3612263006,2007-06-30,2007-08-17,54.411697122,0.785471320722,-18.9077772769,4.52578095893
sh600981,2007-10-10,11.98,12.99,11.96,12.71,0.060935,14808140.0,187004077.0,3401958020.0,6559713620.0,0.0553244508878,53.4299876252,2007-06-30,2007-08-17,57.7272738862,0.83333401565,-20.0599226853,4.80155942166
sh600981,2007-10-11,12.68,13.5,12.01,13.01,0.023603,19298413.0,252498686.0,3482256000.0,6714545570.0,0.0721004869056,54.6910956231,2007-06-30,2007-08-17,59.0898107317,0.853003198421,-20.5333970405,4.91489062869
sh600981,2007-10-12,12.79,12.79,11.71,12.07,-0.072252,13596955.0,163877772.0,3230655640.0,6229405460.0,0.0507993624632,50.7395545822,2007-06-30,2007-08-17,54.8204537267,0.791372011329,-19.0498180375,4.55977995098
sh600981,2007-10-15,12.06,12.06,11.11,11.38,-0.057167,9382383.0,106632794.0,3045970280.0,5873291970.0,0.035053368459,47.8389264654,2007-06-30,2007-08-17,51.6865328485,0.746131647557,-17.9607970897,4.29911101053
sh600981,2007-10-16,11.29,11.8,11.01,11.4,0.001757,6513846.0,73566369.0,3051323480.0,5883614100.0,0.024336274042,47.9229794592,2007-06-30,2007-08-17,51.7773460867,0.747442600862,-17.9923542102,4.30666454857
sh600981,2007-10-17,11.35,11.49,11.15,11.2,-0.017544,4877552.0,54730773.0,2997791480.0,5780392800.0,0.0182229427111,47.0822187075,2007-06-30,2007-08-17,50.868964327,0.734329467873,-17.676696348,4.23110842573
sh600981,2007-10-18,11.17,11.2,10.9,10.91,-0.025893,5185839.0,57263445.0,2920170100.0,5630721920.0,0.0193747287153,45.8631188185,2007-06-30,2007-08-17,49.5518142337,0.715315474961,-17.2189936494,4.12155233526
sh600981,2007-10-19,10.9,11.15,10.5,10.56,-0.032081,4140575.0,44918977.0,2826489110.0,5450084640.0,0.0154695349242,44.3917841037,2007-06-30,2007-08-17,47.9621424813,0.692367439209,-16.6665911142,3.9893288148
sh600981,2007-10-22,10.68,11.4,10.34,10.72,0.015152,4841220.0,52887441.0,2869314710.0,5532661680.0,0.0180872032681,45.0644084165,2007-06-30,2007-08-17,48.6888648641,0.702858190648,-16.9191233027,4.049775125
sh600981,2007-10-23,10.8,10.98,9.9,10.23,-0.045709,4828987.0,49423611.0,2738161330.0,5279769500.0,0.0180414997717,43.0045593722,2007-06-30,2007-08-17,46.4633455401,0.670731245611,-16.1457670957,3.86466395381
sh600981,2007-10-24,10.23,10.98,10.2,10.39,0.01564,5813026.0,61436861.0,2780986920.0,5362346540.0,0.0217179518917,43.6771506807,2007-06-30,2007-08-17,47.1900322643,0.681221482293,-16.3982868931,3.92510729805
sh600981,2007-10-25,10.25,10.25,9.35,9.35,-0.100096,6184398.0,59202720.0,2502620570.0,4825595780.0,0.0231054287626,39.3052426062,2007-06-30,2007-08-17,42.4664987948,0.613033936801,-14.7568839682,3.53221975794
sh600981,2007-10-26,9.0,9.27,8.57,8.79,-0.059893,5319227.0,46957162.0,2352731000.0,4536576140.0,0.0198730774279,36.9511337108,2007-09-30,2007-10-26,68.9276612429,0.999536960807,-35.940336588,6.32200814021
sh600981,2007-10-29,8.79,8.95,8.22,8.81,0.002275,5839673.0,49909073.0,2358084190.0,4546898270.0,0.0218175073427,37.03519754,2007-09-30,2007-10-26,69.0844716722,1.00181090739,-36.0221008537,6.33639070873
sh600981,2007-10-30,8.85,9.22,8.42,9.11,0.034052,5397966.0,47821694.0,2438382180.0,4701730220.0,0.0201672529693,38.2963200866,2007-09-30,2007-10-26,71.4369361016,1.03592457241,-37.248725432,6.55215748515
sh600981,2007-10-31,9.08,9.6,8.92,9.41,0.032931,5976736.0,56195714.0,2518680170.0,4856562170.0,0.0223295861181,39.5574562034,2007-09-30,2007-10-26,73.7894258444,1.07003860451,-38.4753632092,6.76792658329
sh600981,2007-11-01,9.44,9.6,8.81,8.82,-0.062699,5083803.0,46159049.0,2360760790.0,4552059330.0,0.0189935137223,37.0772432569,2007-09-30,2007-10-26,69.1629026333,1.00294825404,-36.0629964114,6.34358435445
sh600981,2007-11-02,8.53,8.72,8.37,8.42,-0.045351,4330788.0,36665692.0,2253696810.0,4345616730.0,0.0161801866153,35.3957531979,2007-09-30,2007-10-26,66.026295836,0.957463547773,-34.4275034611,6.05589646039
sh600981,2007-11-05,8.39,8.7,8.11,8.56,0.016627,2968339.0,25141300.0,2291169210.0,4417871640.0,0.0110899630325,35.9842783864,2007-09-30,2007-10-26,67.1241150569,0.973383294182,-34.9999295612,6.15658785083
sh600981,2007-11-06,8.6,8.99,8.5,8.76,0.023364,3143320.0,27539284.0,2344701200.0,4521092940.0,0.0117437067034,36.8250150666,2007-09-30,2007-10-26,68.6924028811,0.996125421467,-35.8176679154,6.30043036938
sh600981,2007-11-07,8.68,8.76,8.38,8.6,-0.018265,2679575.0,22799588.0,2301875600.0,4438515900.0,0.0100111165868,36.1524061664,2007-09-30,2007-10-26,67.4377361425,0.977931190644,-35.1634582109,6.18535300868
sh600981,2007-11-08,8.6,8.6,8.07,8.09,-0.059302,2943407.0,24478477.0,2165369030.0,4175301590.0,0.0109968150002,34.0084961759,2007-09-30,2007-10-26,63.4385435137,0.919937915176,-33.0781948121,5.81854920456
sh600981,2007-11-09,8.1,8.21,7.86,8.08,-0.001236,3192205.0,25606905.0,2162692430.0,4170140520.0,0.0119263451623,33.9664616746,2007-09-30,2007-10-26,63.360133474,0.918800871913,-33.0373101633,5.81135747775
sh600981,2007-11-12,7.9,8.0,7.39,7.73,-0.043317,3209219.0,24647078.0,2069011440.0,3989503250.0,0.0119899109258,32.4951364543,2007-09-30,2007-10-26,60.6155625723,0.879001174544,-31.606232999,5.55962690588
sh600981,2007-11-13,7.78,8.5,7.78,8.5,0.099612,3311152.0,27794266.0,2275109610.0,4386905250.0,0.0123707411178,35.7320419868,2007-09-30,2007-10-26,66.6535999912,0.966560239543,-34.7545930805,6.11343246123
sh600981,2007-11-14,8.95,9.35,8.8,9.35,0.1,18245757.0,167785214.0,2502620570.0,4825595780.0,0.0681676759134,39.3052461854,2007-09-30,2007-10-26,73.3189599903,1.0632162635,-38.2300523885,6.72477570735
sh600981,2007-11-15,9.8,10.29,9.5,10.29,0.100535,17929355.0,180544204.0,2754220930.0,5310735890.0,0.0669855714698,43.2567991107,2007-09-30,2007-10-26,80.690081633,1.17010671055,-42.0735107054,7.40085103309
sh600981,2007-11-16,10.33,11.32,10.29,11.32,0.100097,28866628.0,321712466.0,3029910680.0,5842325580.0,0.107848139259,47.5866749313,2007-09-30,2007-10-26,88.7669167342,1.28723088195,-46.2849429065,8.14165401895
sh600981,2007-11-19,11.9,12.45,10.21,10.43,-0.078622,44906118.0,512693841.0,2791693320.0,5382990800.0,0.167773016966,43.8453153748,2007-09-30,2007-10-26,81.7878842067,1.18602621555,-42.6459281253,7.50154089667
sh600981,2007-11-20,10.15,10.47,9.81,10.17,-0.024928,21331296.0,215534257.0,2722101730.0,5248803110.0,0.0796955080441,42.7523393532,2007-09-30,2007-10-26,79.7490758292,1.15646095405,-41.582850429,7.3145424852
sh600981,2007-11-21,10.08,11.19,10.04,11.19,0.100295,24350923.0,262287241.0,2995114890.0,5775231740.0,0.0909770871494,47.0401852286,2007-09-30,2007-10-26,87.7475093895,1.27244820544,-45.7534024128,8.04815452376
sh600981,2007-11-22,11.3,12.1,10.5,11.39,0.017873,40755210.0,467840070.0,3048646880.0,5878453040.0,0.152264876902,47.8809344592,2007-09-30,2007-10-26,89.3158206248,1.29519067221,-46.5711529741,8.19199918956
sh600981,2007-11-23,11.1,11.46,10.7,11.0,-0.034241,12683697.0,139109145.0,2944259490.0,5677171500.0,0.0473873540949,46.2414433824,2007-09-30,2007-10-26,86.2575576108,1.25084204841,-44.9765101251,7.91149694531
sh600981,2007-11-26,11.02,11.24,10.51,10.77,-0.020909,12235395.0,131731726.0,2882697700.0,5558467010.0,0.0457124602937,45.2745810427,2007-09-30,2007-10-26,84.4539983387,1.22468819202,-44.0360962749,7.74607545568
sh600981,2007-11-27,10.53,10.58,9.88,9.96,-0.075209,13214452.0,133685585.0,2665893140.0,5140420740.0,0.0493702991861,41.869525077,2007-09-30,2007-10-26,78.1022975776,1.13258061778,-40.7241855102,7.16350086673
sh600981,2007-11-28,9.96,10.89,9.96,10.42,0.046185,15151538.0,159193904.0,2789016720.0,5377829730.0,0.056607414659,43.8032690927,2007-09-30,2007-10-26,81.7094521913,1.18488885362,-42.6050320179,7.49434715426
sh600981,2007-11-29,10.2,10.8,9.89,10.49,0.006718,13036299.0,134397794.0,2807752920.0,5413957190.0,0.0487047045828,44.0975394545,2007-09-30,2007-10-26,82.2583762911,1.19284893693,-42.891252623,7.54469417845
sh600981,2007-11-30,10.27,10.41,10.0,10.09,-0.038132,7300499.0,74011773.0,2700688940.0,5207514590.0,0.0272752755117,42.41601208,2007-09-30,2007-10-26,79.1216998864,1.14736322127,-41.255723378,7.25699990003
sh600981,2007-12-03,10.0,10.27,9.8,10.02,-0.006938,6693930.0,66689028.0,2681952740.0,5171387130.0,0.0250090829714,42.1217297882,2007-09-30,2007-10-26,78.5727535326,1.13940281524,-40.9694911692,7.20665083473
sh600981,2007-12-04,10.05,10.5,10.05,10.21,0.018962,6489575.0,66613141.0,2732808130.0,5269447370.0,0.0242455955918,42.9204420285,2007-09-30,2007-10-26,80.062650085,1.16100817142,-41.7463546608,7.34330334786
sh600981,2007-12-05,10.3,10.4,10.06,10.33,0.011753,7342863.0,74973008.0,2764927320.0,5331380150.0,0.0274335510526,43.4248859836,2007-09-30,2007-10-26,81.0036264115,1.17465350046,-42.2369995671,7.4296091921
sh600981,2007-12-06,10.48,11.36,10.2,11.36,0.09971,24717376.0,273824782.0,3040617080.0,5862969840.0,0.0923461863077,47.754781365,2007-09-30,2007-10-26,89.080498001,1.29177820099,-46.4484507939,8.17041552465
sh600981,2007-12-07,11.88,12.3,11.2,11.36,0.0,30937978.0,361099947.0,3040617080.0,5862969840.0,0.115586876227,47.754781365,2007-09-30,2007-10-26,89.080498001,1.29177820099,-46.4484507939,8.17041552465
sh600981,2007-12-10,11.08,11.99,10.9,11.7,0.02993,18474807.0,214057629.0,3131621460.0,6038446050.0,0.0690234259348,49.1840819713,2007-09-30,2007-10-26,91.7466773061,1.33044112255,-47.8386529262,8.4149560613
sh600981,2007-12-11,11.69,12.2,11.38,12.03,0.028205,20955586.0,249653605.0,3219949250.0,6208761200.0,0.0782918238789,50.5713190033,2007-09-30,2007-10-26,94.3343923396,1.36796621441,-49.187942132,8.65229989701
sh600981,2007-12-12,12.08,12.08,11.51,11.65,-0.031588,12172672.0,143256494.0,3118238460.0,6012640730.0,0.0454781219009,48.9738721786,2007-09-30,2007-10-26,91.3545575543,1.32475489763,-47.6341934159,8.37899104786
sh600981,2007-12-13,11.67,12.2,11.35,11.69,0.003433,17998945.0,213514027.0,3128944860.0,6033284990.0,0.0672455656665,49.1419994818,2007-09-30,2007-10-26,91.6681777504,1.32930278119,-47.7977216019,8.40775612413
sh600981,2007-12-14,11.21,11.75,11.21,11.55,-0.011976,9197569.0,105274038.0,3091472470.0,5961030080.0,0.0343628879056,48.553474896,2007-09-30,2007-10-26,90.5703596537,1.31338305109,-47.225296088,8.30706483679
sh600981,2007-12-17,11.56,11.89,11.41,11.5,-0.004329,9281758.0,108572711.0,3078089470.0,5935224750.0,0.0346774250847,48.3432869032,2007-09-30,2007-10-26,90.1782805667,1.30769741586,-47.0208577812,8.27110355311
sh600981,2007-12-18,11.45,12.6,11.37,12.32,0.071304,29193446.0,354750571.0,3297570630.0,6358432080.0,0.109069158807,51.7903566325,2007-09-30,2007-10-26,96.6083526843,1.4009414724,-50.3736330245,8.86086632086
sh600981,2007-12-19,12.37,12.65,11.95,12.42,0.008117,23066611.0,284092200.0,3324336630.0,6410042730.0,0.0861787900884,52.2107389573,2007-09-30,2007-10-26,97.392522683,1.41231291433,-50.7825158037,8.93278997279
sh600981,2007-12-20,12.36,12.6,12.15,12.33,-0.007246,12872978.0,158368854.0,3300247230.0,6363593150.0,0.0480945237366,51.8324199428,2007-09-30,2007-10-26,96.6868164637,1.40207929495,-50.4145456942,8.86806297664
sh600981,2007-12-21,12.16,12.52,12.12,12.4,0.005677,12891566.0,158466270.0,3318983430.0,6399720600.0,0.0481639700142,52.1266725908,2007-09-30,2007-10-26,97.2357075207,1.41003889911,-50.7007490701,8.91840697016
sh600981,2007-12-24,12.41,12.77,12.38,12.49,0.007258,15399695.0,192558939.0,3343072830.0,6446170190.0,0.0575345498979,52.5050079805,2007-09-30,2007-10-26,97.9414442859,1.42027296144,-51.0687351069,8.98313676795
sh600981,2007-12-25,12.58,12.97,12.5,12.68,0.015212,15470549.0,196973223.0,3393928220.0,6544230420.0,0.057799266397,53.3037141619,2007-09-30,2007-10-26,99.4313295364,1.44187815373,-51.8455927053,9.11978824446
sh600981,2007-12-26,12.8,12.8,12.38,12.59,-0.007098,13678123.0,171343826.0,3369838820.0,6497780840.0,0.0511026128454,52.9253643988,2007-09-30,2007-10-26,98.7255659593,1.43164370259,-51.4775926883,9.05505598751
sh600981,2007-12-27,12.58,12.95,12.57,12.61,0.001589,15027051.0,191273836.0,3375192020.0,6508102970.0,0.0561423207886,53.0094628028,2007-09-30,2007-10-26,98.8824408836,1.43391858444,-51.5593905831,9.06944447147
sh600981,2007-12-28,12.61,12.85,12.3,12.4,-0.016653,11934197.0,149336538.0,3318983430.0,6399720600.0,0.0445871592676,52.1266962188,2007-09-30,2007-10-26,97.2357515956,1.41003953825,-50.7007720517,8.91841101269
sh600981,2008-01-02,12.42,12.87,12.0,12.66,0.020968,16189894.0,202226662.0,3388575020.0,6533908290.0,0.0604867995633,53.2196887851,2007-09-30,2007-10-26,99.2745908351,1.43960524729,-51.7638658401,9.1054122548
sh600981,2008-01-03,12.65,13.93,12.3,13.93,0.100316,37241885.0,495077515.0,3728503160.0,7189363550.0,0.13913880069,58.5584750852,2007-09-30,2007-10-26,109.233420689,1.58402068728,-56.9566098057,10.0188307906
sh600981,2008-01-04,14.3,14.32,13.6,13.63,-0.021536,31798145.0,442619233.0,3648205170.0,7034531600.0,0.118800532359,57.2973597658,2007-09-30,2007-10-26,106.880969741,1.54990721776,-55.7299922569,9.80306525065
sh600981,2008-01-07,13.47,14.64,13.2,14.0,0.027146,23237885.0,324576181.0,3747239360.0,7225491000.0,0.0868186840352,58.852753894,2007-09-30,2007-10-26,109.782360546,1.59198099909,-57.2428386267,10.0691792599
sh600981,2008-01-08,13.9,14.15,13.05,13.31,-0.049286,15351806.0,209675396.0,3562553990.0,6869377520.0,0.0573556326258,55.9521370656,2007-09-30,2007-10-26,104.371627124,1.51351862357,-54.4215680822,9.57290969094
sh600981,2008-01-09,13.22,13.71,13.1,13.5,0.014275,8644585.0,116291744.0,3613409380.0,6967437750.0,0.0322968933844,56.7508538222,2007-09-30,2007-10-26,105.861532101,1.53512410192,-55.1984359665,9.70956297677
sh600981,2008-01-10,13.5,13.95,13.4,13.56,0.004444,10919928.0,149355223.0,3629468980.0,6998404140.0,0.0407977653194,57.0030546166,2007-09-30,2007-10-26,106.33198075,1.54194619343,-55.443737816,9.75271227464
sh600981,2008-01-11,13.5,13.52,13.07,13.17,-0.028761,10664848.0,141003092.0,3525081590.0,6797122610.0,0.0398447651704,55.3635897628,2007-09-30,2007-10-26,103.273766652,1.49759827896,-53.8491204727,9.47221451691
sh600981,2008-01-14,13.25,13.68,13.15,13.33,0.012149,9140437.0,122827209.0,3567907190.0,6879699650.0,0.0341494379538,56.0362020148,2007-09-30,2007-10-26,104.528439643,1.51579260045,-54.5033334373,9.58729245108
sh600981,2008-01-15,13.38,13.98,13.38,13.8,0.035259,14453096.0,198754535.0,3693707370.0,7122269700.0,0.0539979767807,58.0119824616,2007-09-30,2007-10-26,108.214007896,1.56923793175,-56.4250664709,9.92533079561
sh600981,2008-01-16,13.95,14.1,13.37,13.38,-0.030435,12376884.0,169701240.0,3581290180.0,6905504970.0,0.0462410750307,56.2463877754,2007-09-30,2007-10-26,104.920514566,1.5214781753,-54.7077695729,9.62325335285
sh600981,2008-01-17,13.5,13.68,12.08,12.55,-0.062033,12813881.0,164418439.0,3359132420.0,6477136580.0,0.0478737323937,52.7572556025,2007-09-30,2007-10-26,98.4119802856,1.42709631965,-51.314082503,9.02629407761
sh600981,2008-01-18,12.31,12.7,12.22,12.51,-0.003187,7567412.0,93808575.0,3348426020.0,6456492320.0,0.0282724849092,52.5891182289,2007-09-30,2007-10-26,98.0983413044,1.42254816368,-51.150544522,8.99752727838
sh600981,2008-01-21,12.63,12.66,11.26,11.26,-0.09992,9183142.0,109170194.0,3013851080.0,5811359190.0,0.0343089874633,47.3344135355,2007-09-30,2007-10-26,88.2963550413,1.28040715116,-46.0395821134,8.09849435273
sh600981,2008-01-22,10.9,10.9,10.13,10.13,-0.100355,9161652.0,94363546.0,2711395330.0,5228158850.0,0.0342286990514,42.5841684651,2007-09-30,2007-10-26,79.4353743311,1.15191189151,-41.4192798504,7.28576995196
sh600981,2008-01-23,9.95,10.7,9.9,10.66,0.05232,10210085.0,106046945.0,2853255110.0,5501695290.0,0.0381457324719,44.8121721592,2007-09-30,2007-10-26,83.5914331161,1.21217992167,-43.5863365722,7.66696143585
sh600981,2008-01-24,10.75,11.17,10.47,10.94,0.026266,10231818.0,111396787.0,2928199900.0,5646205110.0,0.0382269287421,45.9892086732,2007-09-30,2007-10-26,85.7870456983,1.24401903949,-44.7311752886,7.86834184492
sh600981,2008-01-25,10.8,11.09,10.64,10.81,-0.011883,6362357.0,69059925.0,2893404100.0,5579111270.0,0.023770298511,45.4427189065,2007-09-30,2007-10-26,84.7676382343,1.22923636125,-44.1996347326,7.77484233878
sh600981,2008-01-28,10.7,10.7,9.73,9.73,-0.099907,7076927.0,70604525.0,2604331350.0,5021716250.0,0.0264399918659,40.9026731887,2007-09-30,2007-10-26,76.2987578012,1.1064270441,-39.7837818254,6.99808116524
sh600981,2008-01-29,9.73,10.05,9.5,9.91,0.018499,4653572.0,45883806.0,2652510140.0,5114615420.0,0.0173861346747,41.65933174,2007-09-30,2007-10-26,77.7102085218,1.12689483799,-40.5197420054,7.12753866871
sh600981,2008-01-30,9.94,10.9,9.94,10.9,0.099899,18388251.0,199093347.0,2917493500.0,5625560850.0,0.0687000453986,45.8210573215,2007-09-30,2007-10-26,85.4733806429,1.23947050541,-44.567623712,7.83957265418
sh600981,2008-01-31,10.98,11.15,10.25,10.3,-0.055046,12377500.0,132671567.0,2756897530.0,5315896950.0,0.0462433763362,43.2987914002,2007-09-30,2007-10-26,80.7684129321,1.17124261197,-42.1143542971,7.40803553786
sh600981,2008-02-01,10.0,10.3,9.27,9.71,-0.057282,7579290.0,73295677.0,2598978150.0,5011394120.0,0.0283168621098,40.8185500312,2007-09-30,2007-10-26,76.1418367025,1.10415149267,-39.7019598543,6.98368844618
sh600981,2008-02-04,10.0,10.68,9.9,10.67,0.098867,5843073.0,60906039.0,2855931710.0,5506856360.0,0.0218302099773,44.8541576172,2007-09-30,2007-10-26,83.6697516717,1.2133156383,-43.6271735192,7.67414477178
sh600981,2008-02-05,10.58,10.8,10.05,10.61,-0.005623,4926719.0,52042338.0,2839872110.0,5475889970.0,0.0184066347234,44.6019426889,2007-09-30,2007-10-26,83.1992766581,1.20649316447,-43.3818579225,7.63099305573
sh600981,2008-02-13,10.5,11.1,10.16,10.67,0.005655,5179516.0,55753448.0,2855931710.0,5506856360.0,0.0193511054646,44.8541666748,2007-09-30,2007-10-26,83.6697685676,1.21331588331,-43.6271823291,7.67414632146
sh600981,2008-02-14,10.71,11.1,10.71,10.95,0.026242,6050849.0,66342347.0,2930876500.0,5651366180.0,0.0226064784886,46.0312297167,2007-09-30,2007-10-26,85.8654306343,1.24515571872,-44.7720468477,7.87553126923
sh600981,2008-02-15,10.85,10.85,10.42,10.68,-0.024658,4376522.0,46429293.0,2858608310.0,5512017420.0,0.0163510526421,44.8961916543,2007-09-30,2007-10-26,83.7481608458,1.21445266901,-43.6680577166,7.68133641919
sh600981,2008-02-18,10.79,11.5,10.7,11.14,0.043071,8361438.0,92901980.0,2981731890.0,5749426410.0,0.0312390324671,46.8299155251,2007-09-30,2007-10-26,87.3552778815,1.26676035992,-45.5488846305,8.01217926011
sh600981,2008-02-19,11.05,11.39,10.85,11.21,0.006284,6765546.0,75393796.0,3000468080.0,5785553870.0,0.0252766463891,47.1241947142,2007-09-30,2007-10-26,87.9042184478,1.27472068202,-45.8351138215,8.06252779458
sh600981,2008-02-20,11.28,11.66,10.91,11.17,-0.003568,9924272.0,112339856.0,2989761690.0,5764909610.0,0.0370779111294,46.9560555875,2007-09-30,2007-10-26,87.5905761963,1.27017247862,-45.6715741354,8.0337606954
sh600981,2008-02-21,11.05,11.44,10.86,11.26,0.008057,7174416.0,80228452.0,3013851080.0,5811359190.0,0.0268042189264,47.3343805273,2007-09-30,2007-10-26,88.2962934687,1.28040625828,-46.0395500082,8.09848870533
sh600981,2008-02-22,11.11,11.36,10.5,10.76,-0.044405,6520566.0,71128682.0,2880021110.0,5553305940.0,0.0243613805178,45.23249736,2007-09-30,2007-10-26,84.3754965573,1.22354981839,-43.9951637901,7.73887531437
sh600981,2008-02-25,10.75,11.07,10.3,10.4,-0.033457,5181081.0,55023001.0,2783663520.0,5367507600.0,0.0193569524524,43.7191536959,2007-09-30,2007-10-26,81.552545569,1.18261351211,-42.5232175951,7.47995576297
sh600981,2008-02-26,10.72,10.76,10.07,10.45,0.004808,3962055.0,41070043.0,2797046520.0,5393312930.0,0.0148025692293,43.9293553868,2007-09-30,2007-10-26,81.944650208,1.18829951788,-42.7276692253,7.51591939028
sh600981,2008-02-27,10.58,10.8,10.32,10.78,0.031579,3892651.0,41449115.0,2885374300.0,5563628070.0,0.0145432700984,45.3166005006,2007-09-30,2007-10-26,84.532380317,1.22582482835,-44.0769662918,7.75326460871
sh600981,2008-02-28,10.85,11.26,10.7,10.92,0.012987,6613163.0,72843862.0,2922846700.0,5635882980.0,0.0247073306855,45.9051271913,2007-09-30,2007-10-26,85.6302023401,1.2417446154,-44.649393853,7.85395625618
sh600981,2008-02-29,10.85,11.22,10.77,11.2,0.025641,7321731.0,81262473.0,2997791480.0,5780392800.0,0.0273546001272,47.0821805576,2007-09-30,2007-10-26,87.8258463583,1.27358418908,-45.7942489608,8.05533954855
sh600981,2008-03-03,11.22,11.8,11.0,11.68,0.042857,12072151.0,138788448.0,3126268260.0,6028123920.0,0.0451025670075,49.0999815698,2007-09-30,2007-10-26,91.5897986557,1.32816618667,-47.7568530885,8.40056723558
sh600981,2008-03-04,11.84,11.98,11.38,11.63,-0.004281,15239605.0,177994862.0,3112885270.0,6002318600.0,0.0569364402402,48.8897845487,2007-09-30,2007-10-26,91.1977027277,1.32248030723,-47.5524060005,8.36460440724
sh600981,2008-03-05,11.44,11.89,11.36,11.65,0.00172,8469275.0,98606693.0,3118238460.0,6012640730.0,0.0316419205958,48.9738749781,2007-09-30,2007-10-26,91.3545627764,1.32475497336,-47.6341961388,8.37899152682
sh600981,2008-03-06,11.83,12.2,11.56,11.89,0.020601,13909674.0,166307539.0,3182476850.0,6136506290.0,0.0519677068067,49.9827857765,2007-09-30,2007-10-26,93.2365581241,1.35204625056,-48.6155082134,8.55160713127
sh600981,2008-03-07,11.78,11.78,11.21,11.3,-0.049622,6268445.0,71876564.0,3024557480.0,5832003450.0,0.0234194353946,47.5025399807,2007-09-30,2007-10-26,88.6099736369,1.28495501152,-46.2031094649,8.1272592822
sh600981,2008-03-10,11.15,11.53,10.83,10.87,-0.038053,4343911.0,48330883.0,2909463700.0,5610077660.0,0.0162292152227,45.6949258268,2007-09-30,2007-10-26,85.2380983101,1.23605861846,-44.4449425404,7.81799268473
sh600981,2008-03-11,10.78,11.05,10.54,11.05,0.016559,3736843.0,40458461.0,2957642490.0,5702976830.0,0.0139611583515,46.4515881036,2007-09-30,2007-10-26,86.64955598,1.25652651313,-45.1809063439,7.9474508256
sh600981,2008-03-12,11.28,11.28,10.53,10.54,-0.046154,3324057.0,36122468.0,2821135920.0,5439762510.0,0.0124189552625,44.3076615062,2007-09-30,2007-10-26,82.6503323733,1.19853278844,-43.0956267925,7.5806441802
sh600981,2008-03-13,10.35,10.47,9.6,10.0,-0.051233,5082641.0,51150118.0,2676599540.0,5161065000.0,0.0189891723586,42.0376470843,2007-09-30,2007-10-26,78.4159078948,1.13712835809,-40.8877085451,7.19226503691
sh600981,2008-03-14,9.89,10.2,9.85,10.04,0.004,2426558.0,24329329.0,2687305940.0,5181709260.0,0.00906582386373,42.2057976726,2007-09-30,2007-10-26,78.7295715264,1.14167687152,-41.0512593793,7.22103409706
sh600981,2008-03-17,10.0,10.0,9.04,9.04,-0.099602,3543065.0,33344975.0,2419645980.0,4665602760.0,0.0132371875327,38.0020158128,2007-09-30,2007-10-26,70.8879487432,1.02796357177,-36.9624718426,6.50180465892
sh600981,2008-03-18,9.0,9.22,8.14,8.19,-0.094027,4960992.0,42124418.0,2192135020.0,4226912240.0,0.0185346815362,34.428800272,2007-09-30,2007-10-26,64.2225675868,0.931307241003,-33.4870015026,5.89045947226
sh600981,2008-03-19,8.2,8.84,8.2,8.74,0.067155,4911396.0,42145476.0,2339348000.0,4510770810.0,0.0183493866838,36.7408663543,2007-09-30,2007-10-26,68.535434113,0.993849178772,-35.7358210885,6.28603327812
sh600981,2008-03-20,8.7,9.36,8.19,9.16,0.048055,5043859.0,44416493.0,2451765180.0,4727535540.0,0.0188442795488,38.5064486869,2007-09-30,2007-10-26,71.8289043993,1.04160860106,-37.4531059709,6.5881086073
sh600981,2008-03-21,9.1,9.55,8.9,9.33,0.018559,5047500.0,46841431.0,2497267370.0,4815273650.0,0.0188578826463,39.2210898681,2007-09-30,2007-10-26,73.1619770361,1.06093981509,-38.1481981647,6.71037731494
sh600981,2008-03-24,9.49,9.52,9.0,9.01,-0.034298,3818933.0,35582327.0,2411616190.0,4650119570.0,0.0142678534307,37.8758849278,2007-09-30,2007-10-26,70.6526675477,1.02455170131,-36.839791264,6.48022479379
sh600981,2008-03-25,8.85,9.38,8.71,9.37,0.039956,3220791.0,29303974.0,2507973770.0,4835917910.0,0.0120331448562,39.389253786,2007-09-30,2007-10-26,73.4756655322,1.06548868908,-38.3117619638,6.73914865566
sh600981,2008-03-26,9.52,9.75,9.3,9.62,0.026681,7183122.0,68812580.0,2574888760.0,4964944530.0,0.026836745227,40.4401984663,2007-09-30,2007-10-26,75.4360697643,1.0939169928,-39.3339580847,6.91895588094
sh600981,2008-03-27,9.67,9.68,8.66,8.66,-0.099792,6161507.0,56155706.0,2317935200.0,4469482290.0,0.0230199060871,36.4045901809,2007-09-30,2007-10-26,67.9081534904,0.984752828253,-35.4087437395,6.22849943567
sh600981,2008-03-28,8.53,8.94,8.21,8.91,0.028868,3776218.0,32754584.0,2384850190.0,4598508920.0,0.0141082666413,37.4555178903,2007-09-30,2007-10-26,69.8685260653,1.0131806729,-36.4309233538,6.40830375738
sh600981,2008-03-31,8.7,8.85,8.4,8.45,-0.051627,2553585.0,21941382.0,2261726610.0,4361099930.0,0.00954040738372,35.5218018681,2007-09-30,2007-10-26,66.2614236702,0.960873194299,-34.5501040738,6.07746225929
sh600981,2008-04-01,8.22,8.49,7.65,7.69,-0.089941,3687460.0,29299124.0,2058305050.0,3968858990.0,0.0137766592955,32.3269354863,2007-09-30,2007-10-26,60.3018049639,0.874451298331,-31.4426331633,5.53084922623
sh600981,2008-04-02,7.8,7.99,7.25,7.37,-0.041612,3466999.0,26200692.0,1972653860.0,3803704910.0,0.0129529985712,30.9817470469,2007-09-30,2007-10-26,57.7925262557,0.838063630905,-30.1342423121,5.30069952823
sh600981,2008-04-03,7.32,7.82,7.2,7.64,0.036635,4004017.0,29971282.0,2044922050.0,3943053660.0,0.0149593427681,32.1167633499,2007-09-30,2007-10-26,59.9097554551,0.868766092023,-31.2382102792,5.49489065545
sh600981,2008-04-07,7.41,8.22,7.4,8.1,0.060209,3886386.0,30831661.0,2377068760.0,4180462650.0,0.0132430862454,34.0504815545,2007-09-30,2007-10-26,63.5168619213,0.921073629658,-33.1190316819,5.82573252692
sh600981,2008-04-08,8.07,8.39,7.92,8.2,0.012346,4299599.0,35202251.0,2406415290.0,4232073300.0,0.0146511335539,34.4708687997,2007-09-30,2007-10-26,64.3010410985,0.932445204689,-33.5279192471,5.8976570207
sh600981,2008-04-09,8.18,8.3,7.38,7.43,-0.093902,3871573.0,30494595.0,2180447020.0,3834671300.0,0.0131926101052,31.2339852777,2007-09-30,2007-10-26,58.2630447373,0.844886735079,-30.3795805739,5.34385523114
sh600981,2008-04-10,7.43,7.85,7.36,7.81,0.051144,3523936.0,27127809.0,2291963830.0,4030791770.0,0.0120080167932,32.8314162207,2007-09-30,2007-10-26,61.2428498974,0.888097622257,-31.9333138428,5.61716136308
sh600981,2008-04-11,7.88,8.49,7.83,7.96,0.019206,2658459.0,21314946.0,2335983620.0,4108207740.0,0.00905885360617,33.4619764007,2007-12-31,2008-04-11,65.1220629622,0.888033679235,-50.9674858175,4.31463675474
sh600981,2008-04-14,7.8,7.8,7.33,7.45,-0.06407,2951003.0,22246931.0,2186316330.0,3844993430.0,0.0100557142845,31.3180675727,2007-12-31,2008-04-11,60.9496923882,0.831137361407,-47.7019990011,4.03819797787
sh600981,2008-04-15,7.45,7.76,7.4,7.74,0.038926,2140662.0,16230005.0,2271421260.0,3994664310.0,0.00729443021943,32.537154671,2007-12-31,2008-04-11,63.3222201142,0.863490214337,-49.5588470143,4.19538887235
sh600981,2008-04-16,7.74,7.75,7.45,7.51,-0.029716,1683345.0,12783901.0,2203924250.0,3875959820.0,0.00573609594341,31.5702805828,2007-12-31,2008-04-11,61.4405370212,0.837830739127,-48.0861563164,4.07071869662
sh600981,2008-04-17,7.48,7.74,7.04,7.19,-0.04261,2060650.0,15122316.0,2110015360.0,3710805740.0,0.00702178466606,30.2250709272,2007-12-31,2008-04-11,58.8225557388,0.802130771333,-46.0372051957,3.89726537296
sh600981,2008-04-18,7.3,7.3,6.63,6.65,-0.075104,2478068.0,17054655.0,1951544110.0,3432108230.0,0.00844416076253,27.9550472003,2007-12-31,2008-04-11,54.4047465126,0.741887541883,-42.5796269367,3.60456515439
sh600981,2008-04-21,7.1,7.2,6.54,6.68,0.004511,2518904.0,17386137.0,1960348060.0,3447591420.0,0.0085833118431,28.0811524182,2007-12-31,2008-04-11,54.6501663241,0.745234196584,-42.7717036338,3.6208253478
sh600981,2008-04-22,6.65,6.82,6.1,6.59,-0.013473,2081691.0,13318817.0,1933936190.0,3401141840.0,0.00709348310504,27.7028150516,2007-12-31,2008-04-11,53.9138646332,0.735193656254,-42.1954404708,3.57204196789
sh600981,2008-04-23,6.59,6.93,6.35,6.88,0.044006,2441889.0,16512296.0,2019041120.0,3550812720.0,0.00832087873475,28.9219051308,2007-12-31,2008-04-11,56.2863981602,0.767546588291,-44.0522930241,3.72923324673
sh600981,2008-04-24,7.49,7.57,7.4,7.57,0.100291,7122469.0,53483411.0,2221532160.0,3906926210.0,0.0242702272336,31.8225119183,2007-12-31,2008-04-11,61.9314173181,0.844524603177,-48.4703415438,4.10324177828
sh600981,2008-04-25,7.6,7.98,7.5,7.61,0.005284,6059351.0,46877634.0,2233270770.0,3927570470.0,0.0206475908472,31.9906620713,2007-12-31,2008-04-11,62.2586629272,0.84898707118,-48.7264588285,4.12492330783
sh600981,2008-04-28,7.38,8.37,7.21,8.37,0.099869,7238215.0,56358445.0,2456304390.0,4319811410.0,0.0246646383879,35.1855375017,2008-03-31,2008-04-28,67.2375566338,0.859413945403,105.605813998,4.85759752628
sh600981,2008-04-29,8.73,8.73,8.25,8.26,-0.013142,11379389.0,97045231.0,2424023200.0,4263039690.0,0.0387759296776,34.7231291678,2008-03-31,2008-04-28,66.3539206645,0.848119527333,104.21794239,4.79375897959
sh600981,2008-04-30,8.1,8.51,8.1,8.35,0.010896,7351830.0,61363879.0,2450435080.0,4309489280.0,0.0250517881502,35.1014723832,2008-03-31,2008-04-28,67.0769129841,0.857360637702,105.35350109,4.84599177743
sh600981,2008-05-05,8.39,8.99,8.15,8.68,0.039521,9161674.0,78010094.0,2547278620.0,4479804420.0,0.0312189368276,36.4887176733,2008-03-31,2008-04-28,69.7278596621,0.891244387465,109.517176807,5.03751021847
sh600981,2008-05-06,8.4,8.64,8.32,8.35,-0.038018,6052483.0,51038207.0,2450435080.0,4309489280.0,0.0206241877055,35.1014896048,2008-03-31,2008-04-28,67.0769458935,0.857361058342,105.353552779,4.84599415498
sh600981,2008-05-07,8.3,8.45,7.69,7.71,-0.076647,5296229.0,42817371.0,2262617300.0,3979181120.0,0.0180472082442,32.411065731,2008-03-31,2008-04-28,61.9356992216,0.791646905304,97.2785190191,4.47456324099
sh600981,2008-05-08,7.51,8.39,7.48,8.16,0.058366,5633830.0,44745947.0,2394676680.0,4211429040.0,0.0191976032439,34.3027699935,2008-03-31,2008-04-28,65.5506382423,0.837852168579,102.95627706,4.73572559911
sh600981,2008-05-09,8.17,8.37,7.82,7.99,-0.020833,5249575.0,42602097.0,2344787580.0,4123690940.0,0.017888232012,33.5881403862,2008-03-31,2008-04-28,64.1850217958,0.820397194351,100.81138894,4.6370662277
sh600981,2008-05-12,7.89,8.26,7.64,8.08,0.011264,4425161.0,35402654.0,2371199450.0,4170140520.0,0.0150789934099,33.9664771995,2008-03-31,2008-04-28,64.9080018813,0.829638148348,101.946928425,4.68929814169
sh600981,2008-05-13,7.78,8.75,7.7,8.37,0.035891,11579985.0,95931833.0,2456304390.0,4319811410.0,0.0394594720608,35.1855680327,2008-03-31,2008-04-28,67.2376149769,0.85941469113,105.605905633,4.8576017413
sh600981,2008-05-14,8.2,8.44,8.13,8.25,-0.014337,7409740.0,61437120.0,2421088550.0,4257878630.0,0.0252491198639,34.6811125438,2008-03-31,2008-04-28,66.2736292909,0.847093262703,104.091833764,4.78795830513
sh600981,2008-05-16,8.12,8.34,7.85,8.07,-0.021818,4614569.0,37379329.0,2368264800.0,4164979460.0,0.0157244121646,33.9244400303,2008-03-31,2008-04-28,64.8276712471,0.828611381898,101.820758135,4.68349463083
sh600981,2008-05-19,8.0,8.21,7.91,8.06,-0.001239,2406474.0,19441613.0,2365330150.0,4159818390.0,0.00820020006087,33.8824076491,2008-03-31,2008-04-28,64.7473497624,0.827584732396,101.694602216,4.67769178098
sh600981,2008-05-20,8.06,8.15,7.25,7.31,-0.093052,3844631.0,29854198.0,2145231190.0,3772738520.0,0.0131008036528,30.7295818526,2008-03-31,2008-04-28,58.7224793723,0.750576317877,92.2317160905,4.24242320538
sh600981,2008-05-21,7.1,7.53,6.9,7.45,0.019152,4748143.0,34100689.0,2186316330.0,3844993430.0,0.0161795733145,31.3181148042,2008-03-31,2008-04-28,59.8471322973,0.764951355517,93.998137917,4.32367409461
sh600981,2008-05-22,7.4,7.95,7.28,7.56,0.014765,5440858.0,41582741.0,2218597510.0,3901765140.0,0.0185400399552,31.7805267693,2008-03-31,2008-04-28,60.7307752056,0.776245862281,95.3860204234,4.38751314261
sh600981,2008-05-23,7.54,7.74,7.2,7.4,-0.021164,3385798.0,25259897.0,2171643060.0,3819188100.0,0.0115373035567,31.1079237008,2008-03-31,2008-04-28,59.4454690792,0.759817394852,93.3672706871,4.29465581446
sh600981,2008-05-26,7.22,7.37,7.08,7.09,-0.041892,2602444.0,18728082.0,2080668830.0,3659195090.0,0.0088679792257,29.8047505611,2008-03-31,2008-04-28,56.9551794885,0.727987124546,89.4559289835,4.11474409308
sh600981,2008-05-27,7.2,7.2,7.02,7.12,0.004231,1478650.0,10507881.0,2089472790.0,3674678280.0,0.00503858583389,29.9308544607,2008-03-31,2008-04-28,57.1961568529,0.73106723807,89.834417019,4.13215357534
sh600981,2008-05-28,7.12,7.42,7.1,7.33,0.029494,2197981.0,15994633.0,2151100500.0,3783060650.0,0.00748974802897,30.8136350822,2008-03-31,2008-04-28,58.8831003031,0.75262933519,92.4839933146,4.25402731289
sh600981,2008-05-29,7.38,7.4,7.1,7.11,-0.030014,2000035.0,14540395.0,2086538130.0,3669517220.0,0.00681523555479,29.8887946388,2008-03-31,2008-04-28,57.1157829306,0.730039918324,89.7081787393,4.12634693712
sh600981,2008-05-30,7.05,7.23,6.91,7.17,0.008439,2311687.0,16417421.0,2104146050.0,3700483610.0,0.00787720785351,30.1410261768,2008-03-31,2008-04-28,57.5977830228,0.736200725194,90.4652260596,4.16116917893
sh600981,2008-06-02,7.13,7.31,7.13,7.29,0.016736,2417321.0,17461089.0,2139361880.0,3762416390.0,0.00823716186342,30.6454663909,2008-03-31,2008-04-28,58.5617395195,0.748521780531,91.979252083,4.2308105063
sh600981,2008-06-03,7.35,8.02,7.2,7.93,0.087791,17428297.0,136915107.0,2327179660.0,4092724550.0,0.0593879353561,33.3358625308,2008-03-31,2008-04-28,63.7029331936,0.814235256166,100.054202603,4.60223759146
sh600981,2008-06-04,7.8,7.98,7.48,7.59,-0.042875,13303886.0,102491116.0,2227401470.0,3917248340.0,0.0453337649723,31.9065874248,2008-03-31,2008-04-28,60.9716699329,0.779324919558,95.764378666,4.40491665473
sh600981,2008-06-05,7.45,7.63,7.3,7.43,-0.02108,4897337.0,36359218.0,2180447020.0,3834671300.0,0.016687960577,31.2339965619,2008-03-31,2008-04-28,59.6863871308,0.762896750253,93.7456655637,4.31206101165
sh600981,2008-06-06,7.68,7.87,7.35,7.44,0.001346,4110036.0,31074450.0,2183381680.0,3839832360.0,0.0140051865966,31.2760375212,2008-03-31,2008-04-28,59.7667250078,0.763923609279,93.8718472296,4.31786504577
sh600981,2008-06-10,7.15,7.15,6.67,6.67,-0.099463,3694301.0,25073136.0,1957413410.0,3442430360.0,0.0125885454468,28.1652290013,2008-03-31,2008-04-28,53.8221472384,0.68794147533,84.5350716886,3.88839723472
sh600981,2008-06-11,6.55,6.88,6.11,6.46,-0.031484,3775461.0,24127921.0,1895785700.0,3334047990.0,0.0128651028753,27.2784749314,2008-03-31,2008-04-28,52.1276107547,0.66628232592,81.8735694915,3.76597493618
sh600981,2008-06-12,6.31,6.51,6.11,6.25,-0.032508,3067069.0,19365723.0,1834157990.0,3225665630.0,0.0104512159555,26.3917062683,2008-03-31,2008-04-28,50.4330463843,0.644622820069,79.2120234945,3.64355062296
sh600981,2008-06-13,6.4,6.4,5.71,5.74,-0.0816,2994529.0,18133338.0,1684490700.0,2962451310.0,0.0102040316756,24.2381430368,2008-03-31,2008-04-28,46.3177097993,0.592021597952,72.7483223774,3.34623689213
sh600981,2008-06-16,5.78,5.92,5.38,5.64,-0.017422,2402039.0,13515500.0,1655144170.0,2910840660.0,0.00818508756249,23.8158661088,2008-03-31,2008-04-28,45.5107626592,0.581707397672,71.4809011049,3.28793875299
sh600981,2008-06-17,5.53,5.72,5.09,5.15,-0.086879,2631066.0,14101901.0,1511346190.0,2657948480.0,0.00896551034413,21.7467674772,2008-03-31,2008-04-28,41.5568331102,0.53116924067,65.2707118978,3.00228592207
sh600981,2008-06-18,5.15,5.59,4.8,5.58,0.083495,4232672.0,22257389.0,1637536260.0,2879874270.0,0.0144230758957,23.5625138277,2008-03-31,2008-04-28,45.0266208907,0.575519216419,70.7204899877,3.25296178513
sh600981,2008-06-19,5.49,5.59,5.02,5.02,-0.100358,3521992.0,18535858.0,1473195700.0,2590854630.0,0.0120013925102,21.197827065,2008-03-31,2008-04-28,40.5078392713,0.517761258898,63.6231230535,2.9265010463
sh600981,2008-06-20,5.02,5.3,4.81,5.28,0.051793,4482557.0,23229937.0,1549496670.0,2725042320.0,0.0152745736201,22.2957261221,2008-03-31,2008-04-28,42.6058617907,0.54457766778,66.9183554658,3.07807331499
sh600981,2008-06-23,5.22,5.55,5.11,5.47,0.035985,6692918.0,35939594.0,1605255080.0,2823102560.0,0.0228065071503,23.0980378266,2008-03-31,2008-04-28,44.1390337273,0.564174295155,69.3264124873,3.18883778323
sh600981,2008-06-24,5.4,5.57,5.28,5.48,0.001828,4374508.0,23807882.0,1608189730.0,2828263620.0,0.01490639033,23.1402610398,2008-03-31,2008-04-28,44.2197198809,0.565205605767,69.4531411693,3.1946669787
sh600981,2008-06-25,5.4,5.8,5.4,5.73,0.04562,4621996.0,26131019.0,1681556050.0,2957290250.0,0.0157497200762,24.1959197484,2008-03-31,2008-04-28,46.2370235019,0.590990285502,72.6215934694,3.34040768627
sh600981,2008-06-26,5.65,5.84,5.51,5.62,-0.019197,4447904.0,25251219.0,1649274870.0,2900518530.0,0.0151564914586,23.731430677,2008-03-31,2008-04-28,45.3494113617,0.579645044991,71.2274767396,3.27628187991
sh600981,2008-06-27,5.5,5.5,5.06,5.06,-0.099644,3731446.0,19492859.0,1484934310.0,2611498890.0,0.0127151192028,21.3667359986,2008-03-31,2008-04-28,40.830614616,0.521886894128,64.1300860474,2.94982004827
sh600981,2008-06-30,4.99,5.2,4.9,5.17,0.021739,1843513.0,9366855.0,1517215490.0,2668270610.0,0.00628187773775,21.8312274725,2008-03-31,2008-04-28,41.7182313471,0.533232193319,65.524209988,3.0139461863
sh600981,2008-07-01,5.17,5.22,5.06,5.08,-0.017408,1533640.0,7876467.0,1490803620.0,2621821020.0,0.00522596745506,21.4511894647,2008-03-31,2008-04-28,40.9920003758,0.523949687298,64.3835645405,2.96147941109
sh600981,2008-07-02,5.15,5.29,5.08,5.28,0.03937,2615044.0,13620844.0,1549496670.0,2725042320.0,0.00891091448425,22.2957227939,2008-03-31,2008-04-28,42.6058554306,0.544577586487,66.9183454764,3.07807285551
sh600981,2008-07-03,5.28,5.81,5.16,5.81,0.100379,9548522.0,54038195.0,1705033270.0,2998578770.0,0.0325371438764,24.5337451522,2008-03-31,2008-04-28,46.8825885929,0.599241740041,73.635542077,3.38704673067
sh600981,2008-07-04,6.05,6.18,5.79,5.97,0.027539,14359685.0,85427850.0,1751987720.0,3081155810.0,0.0489314613746,25.20937996,2008-03-31,2008-04-28,48.1736882002,0.61574425832,75.6633912703,3.48032261058
sh600981,2008-07-07,5.83,6.36,5.81,6.13,0.026801,10701231.0,65320757.0,1798942160.0,3163732850.0,0.0364650667979,25.8850165523,2008-03-31,2008-04-28,49.4647912176,0.632246820187,77.6912458197,3.57359873687
sh600981,2008-07-08,6.05,6.24,5.88,6.17,0.006525,7991739.0,48366993.0,1810680770.0,3184377110.0,0.0272323152965,26.0539162853,2008-03-31,2008-04-28,49.7875489803,0.636372230689,78.1981811987,3.59691646863
sh600981,2008-07-09,6.15,6.69,6.1,6.54,0.059968,10905118.0,70234102.0,1919262920.0,3375336510.0,0.037159823689,27.6163175371,2008-03-31,2008-04-28,52.7732087176,0.674534200619,82.8875697288,3.81261635542
sh600981,2008-07-10,6.35,7.09,6.26,6.49,-0.007645,15339713.0,103589944.0,1904589660.0,3349531190.0,0.0522709639041,27.4051907895,2008-03-31,2008-04-28,52.3697575369,0.669377386655,82.2538942582,3.78346890338
sh600981,2008-07-11,6.5,6.55,6.0,6.17,-0.049307,8106539.0,50353461.0,1810680770.0,3184377110.0,0.0276235029712,26.0539230472,2008-03-31,2008-04-28,49.787561902,0.636372395851,78.198201494,3.59691740216
sh600981,2008-07-14,6.13,6.36,6.07,6.29,0.019449,3783234.0,23660680.0,1845896600.0,3246309890.0,0.0128915898431,26.5606457966,2008-03-31,2008-04-28,50.7558801935,0.648749202578,79.7190783149,3.66687384872
sh600981,2008-07-15,6.2,6.34,5.98,6.06,-0.036566,4361153.0,26802789.0,1778399590.0,3127605390.0,0.0148608824072,25.5894292224,2008-03-31,2008-04-28,48.8999406783,0.625027039237,76.8040704972,3.53279093956
sh600981,2008-07-16,6.01,6.01,5.5,5.62,-0.072607,3637136.0,20929649.0,1649274870.0,2900518530.0,0.0123937523646,23.7314575348,2008-03-31,2008-04-28,45.3494626855,0.579645700999,71.2275573506,3.27628558782
sh600981,2008-07-17,5.73,5.86,5.55,5.58,-0.007117,2595932.0,14828839.0,1637536260.0,2879874270.0,0.00884578919797,23.5625607516,2008-03-31,2008-04-28,45.0267105596,0.575520362545,70.720630825,3.25296826329
sh600981,2008-07-18,5.7,5.81,5.51,5.8,0.039427,2903346.0,16551859.0,1702098620.0,2993417700.0,0.00989332028246,24.4915618343,2008-03-31,2008-04-28,46.8019786768,0.598211403879,73.5089331365,3.381223043
sh600981,2008-07-21,5.9,6.07,5.78,6.02,0.037931,3033491.0,18071430.0,1766660980.0,3106961130.0,0.0103367969445,25.4205512662,2008-03-31,2008-04-28,48.57722453,0.62090216064,76.2972004793,3.50947621425
sh600981,2008-07-22,6.02,6.23,6.0,6.08,0.009967,3382867.0,20661581.0,1784268900.0,3137927520.0,0.0115273159556,25.6739179007,2008-03-31,2008-04-28,49.0613937269,0.627090692475,77.0576546765,3.54445516368
sh600981,2008-07-23,6.11,6.19,6.01,6.03,-0.008224,2884930.0,17500161.0,1769595630.0,3112122200.0,0.0098305667154,25.4627755999,2008-03-31,2008-04-28,48.6579128249,0.62193349862,76.4239325244,3.51530556441
sh600981,2008-07-24,6.03,6.19,6.03,6.15,0.0199,3347090.0,20537431.0,1804811470.0,3174054980.0,0.0114054037456,25.9694848343,2008-03-31,2008-04-28,49.6262052901,0.634309975242,77.9447687817,3.58526014514
sh600981,2008-07-25,6.08,6.3,6.03,6.15,0.0,3844128.0,23822593.0,1804811470.0,3174054980.0,0.013099089624,25.9694848343,2008-03-31,2008-04-28,49.6262052901,0.634309975242,77.9447687817,3.58526014514
sh600981,2008-07-28,6.26,6.29,6.08,6.16,0.001626,2836771.0,17532065.0,1807746120.0,3179216040.0,0.00966646210254,26.0117112167,2008-03-31,2008-04-28,49.7068974999,0.635341363262,78.0715069757,3.59108977814
sh600981,2008-07-29,6.01,6.1,5.81,5.97,-0.030844,3111673.0,18535194.0,1751987720.0,3081155810.0,0.0106032066309,25.2094059959,2008-03-31,2008-04-28,48.1737379534,0.615744894254,75.6634694146,3.48032620502
sh600981,2008-07-30,6.02,6.12,5.93,6.02,0.008375,1908129.0,11524676.0,1766660980.0,3106961130.0,0.00650206050286,25.4205347711,2008-03-31,2008-04-28,48.5771930087,0.620901757743,76.2971509709,3.50947393699
sh600981,2008-07-31,6.06,6.1,5.72,5.73,-0.048173,2066627.0,12076835.0,1681556050.0,2957290250.0,0.00704215164877,24.1959513496,2008-03-31,2008-04-28,46.2370838899,0.590991057367,72.6216883172,3.34041204902
sh600981,2008-08-01,5.82,6.0,5.8,5.89,0.027923,2705720.0,15982149.0,1728510490.0,3039867290.0,0.00921989822578,24.8715748991,2008-03-31,2008-04-28,47.5281619834,0.607493300662,74.6495037201,3.43368637467
sh600981,2008-08-04,5.95,5.95,5.65,5.67,-0.037351,2020999.0,11722734.0,1663948130.0,2926323860.0,0.00688667159955,23.9425967051,2008-03-31,2008-04-28,45.7529376052,0.584802818389,71.8612701066,3.30543475489
sh600981,2008-08-05,5.73,5.85,5.64,5.67,0.0,2529750.0,14528150.0,1663948130.0,2926323860.0,0.00862027021239,23.9425967051,2008-06-30,2008-08-05,46.1948330224,0.561339564103,174.177495162,3.48647162922
sh600981,2008-08-06,5.66,5.83,5.47,5.6,-0.012346,1626275.0,9121265.0,1643405560.0,2890196400.0,0.00554162662076,23.6470014062,2008-06-30,2008-08-05,45.6245116139,0.554409265845,172.027099806,3.44342765049
sh600981,2008-08-07,5.62,5.68,5.47,5.59,-0.001786,1409529.0,7836743.0,1640470910.0,2885035340.0,0.00480305201511,23.6047678616,2008-06-30,2008-08-05,45.5430262361,0.553419090896,171.719859406,3.4372776887
sh600981,2008-08-08,5.59,5.68,5.04,5.09,-0.089445,2465613.0,13443138.0,1493738270.0,2626982090.0,0.00840171964664,21.4934394003,2008-06-30,2008-08-05,41.4694302545,0.503918520311,156.360376582,3.12983038584
sh600981,2008-08-11,5.05,5.12,4.58,4.58,-0.100196,2521658.0,12003163.0,1344070980.0,2363767770.0,0.00859269622799,19.3398827461,2008-06-30,2008-08-05,37.3143592207,0.45342790025,140.69369229,2.8162339005
sh600981,2008-08-12,4.48,4.69,4.47,4.6,0.004367,1663145.0,7602984.0,1349940280.0,2374089900.0,0.00566726329553,19.4243400141,2008-06-30,2008-08-05,37.4773110274,0.45540801989,141.308101644,2.82853239394
sh600981,2008-08-13,4.6,4.6,4.21,4.51,-0.019565,1985539.0,8748952.0,1323528410.0,2327640320.0,0.00676583957121,19.0443028017,2008-06-30,2008-08-05,36.7440674371,0.446497961981,138.543408635,2.77319215765
sh600981,2008-08-14,4.5,4.55,4.4,4.52,0.002217,1253952.0,5637585.0,1326463060.0,2332801380.0,0.00427291434712,19.086524021,2008-06-30,2008-08-05,36.8255290347,0.447487847963,138.850559372,2.77934032467
sh600981,2008-08-15,4.53,4.61,4.45,4.5,-0.004425,1208288.0,5487674.0,1320593760.0,2322479250.0,0.00411731159475,19.0020661522,2008-06-30,2008-08-05,36.6625760687,0.445507714236,138.236145647,2.76704174373
sh600981,2008-08-18,4.48,4.48,4.05,4.05,-0.1,1634664.0,6879816.0,1188534380.0,2090231330.0,0.00557021261766,17.101859537,2008-06-30,2008-08-05,32.9963184618,0.400956942812,124.412531082,2.49033756936
sh600981,2008-08-19,4.0,4.14,3.86,4.09,0.009877,1194992.0,4843779.0,1200272990.0,2110875590.0,0.00407200471953,17.2707746036,2008-06-30,2008-08-05,33.3222230993,0.404917194536,125.641353652,2.51493463353
sh600981,2008-08-20,4.1,4.5,3.9,4.5,0.100244,3608872.0,15675413.0,1320593760.0,2322479250.0,0.0122974411147,19.002066133,2008-06-30,2008-08-05,36.6625760316,0.445507713785,138.236145507,2.76704174093
sh600981,2008-08-21,4.5,4.55,4.25,4.29,-0.046667,2471141.0,10857264.0,1258966050.0,2214096890.0,0.00842055660675,18.1152967128,2008-06-30,2008-08-05,34.9516435959,0.424717205306,131.785079305,2.63791220401
sh600981,2008-08-22,4.48,4.48,4.11,4.27,-0.004662,1441616.0,6177961.0,1253096740.0,2203774760.0,0.00491239033947,18.0308431995,2008-06-30,2008-08-05,34.7886990335,0.422737173695,131.170697265,2.62561425731
sh600981,2008-08-25,4.19,4.32,4.16,4.24,-0.007026,894522.0,3812025.0,1244292780.0,2188291560.0,0.00304813572896,17.9041584952,2008-06-30,2008-08-05,34.5442736341,0.419767022313,130.249091946,2.60716669154
sh600981,2008-08-26,4.2,4.2,3.9,4.02,-0.051887,1560253.0,6287011.0,1179730420.0,2074748130.0,0.00531665281633,16.9751654233,2008-06-30,2008-08-05,32.751874908,0.397986570826,123.490857312,2.47188863342
sh600981,2008-08-27,4.04,4.11,3.91,4.05,0.007463,1066979.0,4290349.0,1188534380.0,2090231330.0,0.00363579297555,17.1018510829,2008-06-30,2008-08-05,32.9963021505,0.400956744604,124.41246958,2.49033633829
sh600981,2008-08-28,4.04,4.11,4.0,4.04,-0.002469,854065.0,3463451.0,1185599730.0,2085070260.0,0.0029102761351,17.0596266126,2008-06-30,2008-08-05,32.9148342805,0.399966782402,124.105295193,2.48418769787
sh600981,2008-08-29,4.05,4.21,4.05,4.16,0.029703,1577659.0,6548561.0,1220815560.0,2147003040.0,0.00537596476899,17.5663487018,2008-06-30,2008-08-05,33.8925036031,0.411846995739,127.791594776,2.55797552506
sh600981,2008-09-01,4.15,4.15,3.98,4.04,-0.028846,993075.0,4020876.0,1185599730.0,2085070260.0,0.00338396079088,17.0596298072,2008-06-30,2008-08-05,32.9148404442,0.3999668573,124.105318433,2.48418816306
sh600981,2008-09-02,4.03,4.44,3.96,4.44,0.09901,4460878.0,19564960.0,1302985840.0,2291512860.0,0.015200701122,18.7487037544,2008-06-30,2008-08-05,36.1737387965,0.439567575841,136.392986011,2.73014763309
sh600981,2008-09-03,4.69,4.88,4.63,4.72,0.063063,18471533.0,88528744.0,1385156120.0,2436022680.0,0.062942822474,19.9310532593,2008-06-30,2008-08-05,38.4549632863,0.467288025877,144.994336888,2.90231893328
sh600981,2008-09-04,4.51,4.65,4.4,4.56,-0.033898,9398154.0,42720962.0,1338201670.0,2353445640.0,0.0320247562088,19.2554304159,2008-06-30,2008-08-05,37.1514169408,0.451447896376,140.079318856,2.80393612607
sh600981,2008-09-05,4.39,4.46,4.1,4.13,-0.094298,8538227.0,36316025.0,1212011600.0,2131519850.0,0.0290945049618,17.4396818385,2008-06-30,2008-08-05,33.6481126261,0.408877262643,126.870119247,2.53953055726
sh600981,2008-09-08,4.1,4.15,3.92,3.96,-0.041162,4713313.0,18874702.0,1162122500.0,2043781740.0,0.0160608881422,16.7218296547,2008-06-30,2008-08-05,32.2630890142,0.392047056758,121.647891398,2.43499840046
sh600981,2008-09-09,3.97,4.09,3.95,4.0,0.010101,2895246.0,11620976.0,1173861120.0,2064426000.0,0.00986571903838,16.890736856,2008-06-30,2008-08-05,32.5889784763,0.396007124078,122.876656749,2.4595943193
sh600981,2008-09-10,3.99,4.33,3.95,4.18,0.045,5923151.0,24361786.0,1226684870.0,2157325170.0,0.020183481337,17.6508200145,2008-06-30,2008-08-05,34.0554825078,0.413827444662,128.406106303,2.57027606367
sh600981,2008-09-11,4.07,4.15,4.0,4.03,-0.035885,3124609.0,12678234.0,1182665070.0,2079909200.0,0.0106472868688,17.0174203383,2008-06-30,2008-08-05,32.833401518,0.39897724681,123.798253178,2.47804170713
sh600981,2008-09-12,4.03,4.11,4.0,4.04,0.002481,1850898.0,7528058.0,1185599730.0,2085070260.0,0.00630704252944,17.0596405582,2008-06-30,2008-08-05,32.9148611871,0.39996710936,124.105396645,2.4841897286
sh600981,2008-09-16,4.04,4.16,3.96,4.04,0.0,3129749.0,12679016.0,1185599730.0,2085070260.0,0.0106648016527,17.0596405582,2008-06-30,2008-08-05,32.9148611871,0.39996710936,124.105396645,2.4841897286
sh600981,2008-09-17,4.03,4.13,3.99,4.02,-0.00495,2635110.0,10661865.0,1179730420.0,2074748130.0,0.00897929053995,16.9751953374,2008-06-30,2008-08-05,32.7519326243,0.397987272168,123.491074931,2.47189298945
sh600981,2008-09-18,3.96,3.96,3.62,3.83,-0.047264,4641846.0,17235137.0,1123972020.0,1976687900.0,0.0158173600976,16.172879705,2008-06-30,2008-08-05,31.2039452807,0.379176801737,117.654392766,2.35506143919
sh600981,2008-09-19,4.19,4.21,4.07,4.21,0.099217,4431679.0,18554159.0,1235488820.0,2172808370.0,0.0151012039024,17.7775043107,2008-06-30,2008-08-05,34.2999071196,0.416797586474,129.327708653,2.58872357001
sh600981,2008-09-22,4.48,4.63,4.18,4.35,0.033254,7733771.0,34022912.0,1276573960.0,2245063280.0,0.0263532743923,18.368677439,2008-06-30,2008-08-05,35.440516231,0.430657773415,133.628372276,2.6748089836
sh600981,2008-09-23,4.2,4.25,4.01,4.07,-0.064368,3171775.0,13018603.0,1194403690.0,2100553460.0,0.0108080076762,17.1863224096,2008-06-30,2008-08-05,33.1592810822,0.402937193856,125.02698121,2.50263687895
sh600981,2008-09-24,4.02,4.26,3.95,4.2,0.031941,2656963.0,10933787.0,1232554170.0,2167647300.0,0.00905375590916,17.7352707337,2008-06-30,2008-08-05,34.2184216793,0.415807410765,129.020468016,2.5825736035
sh600981,2008-09-25,4.16,4.35,4.13,4.27,0.016667,4617392.0,19730183.0,1253096740.0,2203774760.0,0.0157340317077,18.030864491,2008-06-30,2008-08-05,34.7887401134,0.42273767288,131.170852157,2.62561735775
sh600981,2008-09-26,4.3,4.55,4.22,4.31,0.009368,6136559.0,27006484.0,1264835350.0,2224419020.0,0.0209106816077,18.1997776296,2008-06-30,2008-08-05,35.1146410308,0.4266978794,132.3996607,2.65021414115
sh600981,2008-10-06,4.1,4.29,4.01,4.15,-0.037123,3175124.0,13274454.0,1217880910.0,2141841980.0,0.0108194196098,17.5241472846,2008-06-30,2008-08-05,33.8110802118,0.410857574023,127.484588096,2.55183024159
sh600981,2008-10-07,4.0,4.21,3.98,4.13,-0.004819,1779946.0,7333309.0,1212011600.0,2131519850.0,0.00606526949082,17.4396984189,2008-06-30,2008-08-05,33.6481446163,0.408877651373,126.870239866,2.53953297166
sh600981,2008-10-08,4.13,4.52,4.1,4.24,0.026634,6874178.0,29791139.0,1244292780.0,2188291560.0,0.0234241612493,17.9041873466,2008-06-30,2008-08-05,34.5443293,0.41976769874,130.249301834,2.60717089282
sh600981,2008-10-09,4.2,4.3,4.06,4.08,-0.037736,3491364.0,14539316.0,1197338340.0,2105714520.0,0.0118970257981,17.2285549329,2008-06-30,2008-08-05,33.2407644895,0.40392734486,125.33421418,2.50878669201
sh600981,2008-10-10,3.98,3.98,3.8,3.84,-0.058824,3018121.0,11718632.0,1126906670.0,1981848960.0,0.0102844227908,16.2151024175,2008-06-30,2008-08-05,31.2854097592,0.380166722726,117.961554365,2.36120982364
sh600981,2008-10-13,3.86,3.98,3.6,3.96,0.03125,2113820.0,8098987.0,1162122500.0,2043781740.0,0.00720296457559,16.721824368,2008-06-30,2008-08-05,32.2630788141,0.392046932812,121.647852939,2.43499763063
sh600981,2008-10-14,4.08,4.09,3.77,3.79,-0.042929,2534109.0,10044708.0,1112233410.0,1956043640.0,0.00863512372821,16.0039731697,2008-06-30,2008-08-05,30.8780571037,0.375216750033,116.42563226,2.33046561734
sh600981,2008-10-15,3.78,3.84,3.71,3.78,-0.002639,941726.0,3560742.0,1109298750.0,1950882570.0,0.00320898610947,15.9617386845,2008-06-30,2008-08-05,30.796569911,0.37422655303,116.118385017,2.32431551858
sh600981,2008-10-16,3.66,3.76,3.53,3.53,-0.066138,1869165.0,6754144.0,1035932430.0,1821855950.0,0.00636928843902,14.9060612114,2008-06-30,2008-08-05,28.7597463703,0.349475957265,108.438547269,2.17058993881
sh600981,2008-10-17,3.52,3.68,3.52,3.56,0.008499,1203092.0,4297613.0,1044736390.0,1837339140.0,0.0040996059494,15.0327478257,2008-06-30,2008-08-05,29.0041754547,0.352446153426,109.360166482,2.1890377827
sh600981,2008-10-20,3.6,3.78,3.52,3.71,0.042135,1590503.0,5813889.0,1088756190.0,1914755120.0,0.00541973141847,15.6661526553,2008-06-30,2008-08-05,30.2262663874,0.367296472101,113.968057096,2.28127288968
sh600981,2008-10-21,3.73,3.95,3.7,3.77,0.016173,3418213.0,13115175.0,1106364100.0,1945721510.0,0.0116477595486,15.9195213422,2008-06-30,2008-08-05,30.7151157937,0.373236757944,115.811262484,2.31816791612
sh600981,2008-10-22,3.7,3.93,3.7,3.75,-0.005305,2972555.0,11363631.0,1100494800.0,1935399380.0,0.0101291539497,15.8350682815,2008-06-30,2008-08-05,30.5521721044,0.371256736943,115.196883736,2.30587003533
sh600981,2008-10-23,3.65,3.73,3.55,3.67,-0.021333,1827312.0,6632894.0,1077017570.0,1894110860.0,0.006226671901,15.4972587698,2008-06-30,2008-08-05,29.9004026169,0.363336716974,112.739388616,2.25667890986
sh600981,2008-10-24,3.65,3.7,3.58,3.61,-0.016349,1169568.0,4255942.0,1059409660.0,1863144470.0,0.00398537094706,15.2438940862,2008-09-30,2008-10-24,32.1300153085,0.354248032501,9.4595727732,2.25669428669
sh600981,2008-10-27,3.6,3.6,3.25,3.25,-0.099723,2161695.0,7348864.0,953762160.0,1677346130.0,0.0073661013664,13.7237272362,2008-09-30,2008-10-24,28.9259137919,0.318921355955,8.51623579754,2.03164996234
sh600981,2008-10-28,3.13,3.35,3.09,3.31,0.018462,1555026.0,5058563.0,971370070.0,1708312520.0,0.00529884152185,13.9770946885,2008-09-30,2008-10-24,29.4599440123,0.324809282029,8.67346254283,2.06915828394
sh600981,2008-10-29,3.37,3.38,3.07,3.11,-0.060423,1417030.0,4601630.0,912677020.0,1605091220.0,0.00482861209763,13.1325566961,2008-09-30,2008-10-24,27.6798858152,0.305183330781,8.14938591561,1.94413353295
sh600981,2008-10-30,3.2,3.27,3.08,3.22,0.03537,1948613.0,6227739.0,944958200.0,1661862930.0,0.00664001207672,13.5970552265,2008-09-30,2008-10-24,28.6589233765,0.315977665191,8.43762969544,2.01289753601
sh600981,2008-10-31,3.21,3.54,3.19,3.54,0.099379,10175210.0,35250084.0,1038867090.0,1827017010.0,0.0346726195745,14.9483169778,2008-09-30,2008-10-24,31.5070185228,0.34737920958,9.27615289695,2.21293728024
sh600981,2008-11-03,3.55,3.67,3.42,3.51,-0.008475,10260040.0,36344793.0,1030063130.0,1811533820.0,0.0349616827854,14.8216299914,2008-09-30,2008-10-24,31.2399965408,0.344435170779,9.19753750114,2.19418263679
sh600981,2008-11-04,3.45,3.54,3.35,3.51,0.0,5486432.0,18892602.0,1030063130.0,1811533820.0,0.0186953360033,14.8216299914,2008-09-30,2008-10-24,31.2399965408,0.344435170779,9.19753750114,2.19418263679
sh600981,2008-11-05,3.5,3.64,3.44,3.52,0.002849,9519796.0,33467497.0,1032997780.0,1816694880.0,0.0324392584077,14.8638568153,2008-09-30,2008-10-24,31.3289992909,0.34541646658,9.22374128549,2.20043386312
sh600981,2008-11-06,3.4,3.4,3.17,3.21,-0.088068,5893995.0,19087582.0,942023550.0,1656701870.0,0.02008413054,13.5548266733,2008-09-30,2008-10-24,28.5699169814,0.314996329201,8.41142483795,2.00664605367
sh600981,2008-11-07,3.08,3.27,3.08,3.24,0.009346,2857345.0,9120428.0,950827500.0,1672185060.0,0.00973656925152,13.6815100833,2008-09-30,2008-10-24,28.8369314255,0.317940284894,8.49003801449,2.02540016768
sh600981,2008-11-10,3.28,3.49,3.27,3.44,0.061728,5168427.0,17530562.0,1009520560.0,1775406360.0,0.017611715486,14.5260423378,2008-09-30,2008-10-24,30.6169775285,0.3375661028,9.01411108105,2.15042406924
sh600981,2008-11-11,3.43,3.5,3.35,3.43,-0.002907,5120258.0,17533167.0,1006585910.0,1770245300.0,0.0174475767697,14.4838151327,2008-09-30,2008-10-24,30.5279739748,0.336584798139,8.98790706014,2.14417278647
sh600981,2008-11-12,3.4,3.58,3.39,3.52,0.026239,4063694.0,14166767.0,1032997780.0,1816694880.0,0.0138472735924,14.863855958,2008-09-30,2008-10-24,31.328997484,0.345416446658,9.22374075349,2.20043373621
sh600981,2008-11-13,3.47,3.7,3.42,3.63,0.03125,7591645.0,27455499.0,1065278960.0,1873466600.0,0.0258689717762,15.3283514566,2008-09-30,2008-10-24,32.3080286553,0.356210710616,9.51198265203,2.26919729047
sh600981,2008-11-14,3.71,3.88,3.59,3.77,0.038567,9090133.0,34154819.0,1106364100.0,1945721510.0,0.0309751567409,15.9195199873,2008-09-30,2008-10-24,33.5540523965,0.369948689092,9.87883128697,2.35671342237
sh600981,2008-11-17,3.72,4.0,3.68,3.98,0.055703,9680572.0,37730900.0,1167991810.0,2054103870.0,0.0329871119216,16.8062850091,2008-09-30,2008-10-24,35.4231137771,0.39055594092,10.4291118262,2.48798943013
sh600981,2008-11-18,3.96,3.99,3.58,3.58,-0.100503,7501377.0,28147084.0,1050605700.0,1847661270.0,0.0255613782221,15.1172029469,2008-09-30,2008-10-24,31.8629845732,0.35130389719,9.38095480029,2.23793902844
sh600981,2008-11-19,3.45,3.84,3.45,3.79,0.058659,5176291.0,19149829.0,1112233410.0,1956043640.0,0.0176385124863,16.0039629545,2008-09-30,2008-10-24,33.7320353853,0.371911032495,9.93123222792,2.36921429391
sh600981,2008-11-20,3.91,4.1,3.81,3.85,0.015831,8358303.0,32984216.0,1129841320.0,1987010030.0,0.0284814035213,16.257321692,2008-09-30,2008-10-24,34.2660472375,0.377798756051,10.0884535653,2.40672132539
sh600981,2008-11-21,3.8,3.85,3.55,3.72,-0.033766,5189749.0,19221769.0,1091690840.0,1919916180.0,0.0176843714105,15.7083769678,2008-09-30,2008-10-24,33.1090198864,0.365042003254,9.74780684223,2.32545597312
sh600981,2008-11-24,3.77,3.9,3.65,3.86,0.037634,4674621.0,17436290.0,1132775980.0,1992171090.0,0.0159290427927,16.2995460266,2008-09-30,2008-10-24,34.3550447408,0.378779994004,10.1146558049,2.41297218321
sh600981,2008-11-25,3.94,3.94,3.69,3.83,-0.007772,4210424.0,16041345.0,1123972020.0,1976687900.0,0.014347264552,16.1728659549,2008-09-30,2008-10-24,34.0880373331,0.375836115891,10.0360447,2.3942185634
sh600981,2008-11-26,3.79,4.07,3.71,3.94,0.028721,10024760.0,39443954.0,1156253200.0,2033459610.0,0.0341599525087,16.637366838,2008-09-30,2008-10-24,35.0670798534,0.386630504976,10.3242899398,2.46298291476
sh600981,2008-11-27,4.15,4.22,3.8,3.83,-0.027919,10581793.0,42685902.0,1123972020.0,1976687900.0,0.0360580748176,16.1728681932,2008-09-30,2008-10-24,34.0880420509,0.375836167907,10.036046089,2.39421889477
sh600981,2008-11-28,3.82,3.84,3.61,3.66,-0.044386,4193467.0,15558775.0,1074082920.0,1888949790.0,0.0142894826221,15.4550192656,2008-09-30,2008-10-24,32.5750102165,0.359154303758,9.59058614731,2.2879490949
sh600981,2008-12-01,3.66,3.88,3.56,3.87,0.057377,5134503.0,19402194.0,1135710630.0,1997332160.0,0.0174961174837,16.341781906,2008-09-30,2008-10-24,34.4440665777,0.379761500245,10.1408652087,2.41922475012
sh600981,2008-12-02,3.78,4.06,3.76,3.99,0.031008,10845679.0,42985036.0,1170926460.0,2059264940.0,0.0369572818518,16.8485078793,2008-09-30,2008-10-24,35.5121081941,0.391537144845,10.4553131571,2.49424007117
sh600981,2008-12-03,4.11,4.12,3.95,4.09,0.025063,15021584.0,60839976.0,1200272990.0,2110875590.0,0.0511869208687,17.2707820323,2008-09-30,2008-10-24,36.4021481618,0.401350240306,10.7173546707,2.55675321008
sh600981,2008-12-04,4.1,4.23,4.05,4.15,0.01467,15054323.0,62579811.0,1217880910.0,2141841980.0,0.0512984807767,17.5241444047,2008-09-30,2008-10-24,36.9361676753,0.407238048331,10.8745782637,2.59426077967
sh600981,2008-12-05,4.18,4.27,4.15,4.25,0.024096,11582865.0,48784807.0,1247227440.0,2193452630.0,0.0394692857704,17.9464061883,2008-09-30,2008-10-24,37.8261815716,0.417050856344,11.1366121016,2.65677208742
sh600981,2008-12-08,4.38,4.44,4.25,4.35,0.023529,12351306.0,53645426.0,1276573960.0,2245063280.0,0.0420877934092,18.3686671795,2008-09-30,2008-10-24,38.7161937978,0.426863645943,11.3986454477,2.71928327786
sh600981,2008-12-09,4.36,4.36,4.12,4.13,-0.050575,9117773.0,38260277.0,1212011600.0,2131519850.0,0.0310693416548,17.4396718369,2008-09-30,2008-10-24,36.7581222965,0.405275017049,10.8221589542,2.58175552608
sh600981,2008-12-10,4.12,4.26,4.11,4.25,0.029056,5730339.0,24031337.0,1247227440.0,2193452630.0,0.0195264632327,17.9463989418,2008-09-30,2008-10-24,37.8261662979,0.417050687945,11.1366076048,2.65677101465
sh600981,2008-12-11,4.27,4.4,4.1,4.11,-0.032941,8505961.0,36295354.0,1206142300.0,2121197720.0,0.0289845565569,17.3552266143,2008-09-30,2008-10-24,36.5801345539,0.403312621233,10.7697566137,2.56925432066
sh600981,2008-12-12,4.14,4.16,3.9,4.0,-0.026764,7073115.0,28489409.0,1173861120.0,2064426000.0,0.0241020505049,16.8907313292,2008-09-30,2008-10-24,35.6011038327,0.392518362238,10.4815148477,2.50049079802
sh600981,2008-12-15,4.01,4.07,3.88,3.94,-0.015,4258223.0,16901702.0,1156253200.0,2033459610.0,0.0145101424325,16.6373703592,2008-09-30,2008-10-24,35.0670872752,0.386630586805,10.324292125,2.46298343605
sh600981,2008-12-17,4.0,4.13,4.0,4.04,0.025381,4540026.0,18424429.0,1185599730.0,2085070260.0,0.015470402511,17.0596434563,2008-09-30,2008-10-24,35.9571250173,0.396443657729,10.5863329834,2.52549641864
sh600981,2008-12-18,4.0,4.1,3.91,4.08,0.009901,3811304.0,15321711.0,1197338340.0,2105714520.0,0.0129872399476,17.2285509862,2008-09-30,2008-10-24,36.3131365121,0.400368846384,10.6911482662,2.55050135868
sh600981,2008-12-19,4.11,4.25,4.08,4.13,0.012255,5983310.0,24981998.0,1212011600.0,2131519850.0,0.0203884767275,17.4396868785,2008-09-30,2008-10-24,36.7581540001,0.405275366596,10.8221682882,2.58175775283
sh600981,2008-12-22,4.18,4.2,4.03,4.14,0.002421,3970352.0,16309640.0,1214946260.0,2136680910.0,0.0135292052177,17.4819083604,2008-09-30,2008-10-24,36.8471454909,0.406256538259,10.8483687577,2.58800818835
sh600981,2008-12-23,4.16,4.16,3.84,3.96,-0.043478,6345818.0,25133634.0,1162122500.0,2043781740.0,0.0216237438652,16.7218299487,2008-09-30,2008-10-24,35.2451052993,0.388593316488,10.3767033808,2.47548676834
sh600981,2008-12-24,4.02,4.03,3.66,3.81,-0.037879,4845535.0,18572280.0,1118102710.0,1966365770.0,0.0165114422717,16.0884237521,2008-09-30,2008-10-24,33.9100559556,0.373873790253,9.98364423347,2.38171780504
sh600981,2008-12-25,3.85,3.88,3.66,3.78,-0.007874,3102290.0,11620320.0,1109298750.0,1950882570.0,0.0105712335834,15.9617435035,2008-09-30,2008-10-24,33.643048175,0.370929908029,9.90503301877,2.36296415904
sh600981,2008-12-26,3.82,3.85,3.7,3.77,-0.002646,2250040.0,8482269.0,1106364100.0,1945721510.0,0.00766714212798,15.9195087302,2008-09-30,2008-10-24,33.5540286696,0.369948427492,9.8788243014,2.35671175588
sh600981,2008-12-29,3.83,3.83,3.57,3.73,-0.01061,2742656.0,10003649.0,1094625490.0,1925077250.0,0.00934575978127,15.7506027426,2008-09-30,2008-10-24,33.1980204254,0.366023274676,9.77400997557,2.33170704415
sh600981,2008-12-30,3.79,3.79,3.62,3.71,-0.005362,2660672.0,9820757.0,1088756190.0,1914755120.0,0.00906639448819,15.6661480106,2008-09-30,2008-10-24,33.0200126399,0.364060657877,9.72160173408,2.31920443098
sh600981,2008-12-31,3.7,3.7,3.53,3.55,-0.043127,2170457.0,7797619.0,1041801740.0,1832178080.0,0.00739595841911,14.9905140454,2008-09-30,2008-10-24,31.5959585547,0.348359813885,9.30233821609,2.21918410148
sh600981,2009-01-05,3.59,3.65,3.55,3.65,0.028169,2064569.0,7458070.0,1071148270.0,1883788730.0,0.00703513888885,15.4127818355,2008-09-30,2008-10-24,32.4859851113,0.358172761482,9.5643757813,2.28169629844
sh600981,2009-01-06,3.65,3.78,3.61,3.76,0.030137,3379693.0,12522146.0,1103429450.0,1940560440.0,0.0115165003798,15.8772768417,2008-09-30,2008-10-24,33.4650152446,0.368967013995,9.85261737422,2.35045977978
sh600981,2009-01-07,3.77,3.8,3.71,3.77,0.00266,3359364.0,12625687.0,1106364100.0,1945721510.0,0.0114472281593,15.9195103981,2008-09-30,2008-10-24,33.5540321851,0.369948466252,9.87882533644,2.3567120028
sh600981,2009-01-08,3.69,3.75,3.6,3.62,-0.039788,2422947.0,8862347.0,1062344310.0,1868305530.0,0.0082563327703,15.2861049184,2008-09-30,2008-10-24,32.2189843525,0.355228956677,9.48576663395,2.26294314563
sh600981,2009-01-09,3.64,3.73,3.62,3.7,0.022099,2152584.0,7920304.0,1085821530.0,1909594050.0,0.00733505514484,15.623912551,2008-09-30,2008-10-24,32.9309916878,0.363079161391,9.69539259079,2.3129519262
sh600981,2009-01-12,3.7,3.96,3.63,3.95,0.067568,7124933.0,27268282.0,1159187850.0,2038620680.0,0.0242786234776,16.6795890742,2008-09-30,2008-10-24,35.1560729341,0.387611694168,10.3504908774,2.46923346195
sh600981,2009-01-13,3.89,4.08,3.81,3.83,-0.03038,4897320.0,19103954.0,1123972020.0,1976687900.0,0.0166879026046,16.1728631582,2008-09-30,2008-10-24,34.0880314384,0.375836050899,10.0360429645,2.39421814938
sh600981,2009-01-14,3.84,4.0,3.8,3.98,0.039164,4949471.0,19511172.0,1167991810.0,2054103870.0,0.0168656101964,16.8062571709,2008-09-30,2008-10-24,35.4230551016,0.390555293996,10.4290945512,2.48798530898
sh600981,2009-01-15,4.0,4.05,3.87,3.98,0.0,5394545.0,21448144.0,1167991810.0,2054103870.0,0.0183822257281,16.8062571709,2008-09-30,2008-10-24,35.4230551016,0.390555293996,10.4290945512,2.48798530898
sh600981,2009-01-16,4.01,4.15,3.99,4.06,0.020101,6864947.0,28027887.0,1191469030.0,2095392390.0,0.0233927060781,17.1440797463,2008-09-30,2008-10-24,36.1350939322,0.398405845961,10.6387297807,2.53799630168
sh600981,2009-01-19,4.1,4.12,3.92,4.03,-0.007389,3874194.0,15541967.0,1182665070.0,2079909200.0,0.0132015413459,17.017402141,2008-09-30,2008-10-24,35.8680917232,0.395462025165,10.5601202064,2.519243047
sh600981,2009-01-20,4.05,4.17,3.95,4.08,0.012407,5691042.0,23383796.0,1197338340.0,2105714520.0,0.0193925564599,17.2285370494,2008-09-30,2008-10-24,36.3131071372,0.400368522511,10.6911396178,2.55049929549
sh600981,2009-01-21,4.01,4.2,3.97,4.17,0.022059,7822443.0,32494187.0,1223750210.0,2152164110.0,0.026655429387,17.6085813482,2008-09-30,2008-10-24,37.1141379675,0.409200251749,10.9269754666,2.60676075945
sh600981,2009-01-22,4.19,4.32,3.97,4.05,-0.028777,6532822.0,27219905.0,1188534380.0,2090231330.0,0.0222609707765,17.1018592027,2008-09-30,2008-10-24,36.0461044192,0.397424696105,10.6125298936,2.53174600507
sh600981,2009-01-23,4.32,4.46,4.1,4.11,0.014815,17041461.0,73750725.0,1206142300.0,2121197720.0,0.0580697689734,17.3552232468,2008-09-30,2008-10-24,36.5801274562,0.403312542978,10.769754524,2.56925382214
sh600981,2009-02-02,3.99,4.17,3.89,4.12,0.002433,9691874.0,39037560.0,1209076950.0,2126358780.0,0.0330256241176,17.397448505,2008-09-30,2008-10-24,36.6691269063,0.404293802395,10.7959573368,2.57550481669
sh600981,2009-02-03,4.08,4.28,4.06,4.23,0.026699,11736424.0,49288152.0,1241358130.0,2183130500.0,0.0399925471306,17.8619429826,2008-09-30,2008-10-24,37.6481559256,0.415088042625,11.0841986017,2.64426821979
sh600981,2009-02-04,4.31,4.48,4.22,4.39,0.037825,15087370.0,65352282.0,1288312570.0,2265707540.0,0.0514110906331,18.5375709759,2008-09-30,2008-10-24,39.0721974234,0.430788747837,11.5034584138,2.7442876652
sh600981,2009-02-05,4.38,4.76,4.32,4.4,0.002278,17918690.0,80608223.0,1291247230.0,2270868600.0,0.061058977838,18.5797995626,2008-09-30,2008-10-24,39.1612038892,0.431770084605,11.5296632921,2.7505391525
sh600981,2009-02-06,4.42,4.58,4.41,4.53,0.029545,12093272.0,54528691.0,1329397710.0,2337962450.0,0.0412085275519,19.1287397407,2008-09-30,2008-10-24,40.3182216581,0.444526731754,11.870307194,2.83180383176
sh600981,2009-02-09,4.57,4.68,4.49,4.61,0.01766,13632544.0,62444937.0,1352874940.0,2379250970.0,0.046453686133,19.4665532845,2008-09-30,2008-10-24,41.0302414526,0.452377073837,12.0799368191,2.88181348743
sh600981,2009-02-10,4.55,4.85,4.52,4.83,0.047722,15455861.0,72956550.0,1417437300.0,2492794400.0,0.0526667448571,20.3955361403,2008-09-30,2008-10-24,42.9882866352,0.473965412555,12.656415564,3.01933939068
sh600981,2009-02-11,4.73,4.89,4.6,4.7,-0.026915,15771918.0,75036675.0,1379286810.0,2425700550.0,0.0537437276008,19.8465902851,2008-09-30,2008-10-24,41.8312569004,0.461208633476,12.3157681391,2.93807387098
sh600981,2009-02-12,4.69,4.75,4.45,4.69,-0.002128,9753495.0,44919869.0,1376352160.0,2420539490.0,0.033235601236,19.804356741,2008-09-30,2008-10-24,41.7422399857,0.460227181504,12.2895601845,2.93182164978
sh600981,2009-02-13,4.66,5.09,4.63,5.07,0.081023,16597214.0,81136748.0,1487868960.0,2616659960.0,0.0565559718243,21.4089651372,2008-09-30,2008-10-24,45.124321496,0.497516168431,13.2852972193,3.16936663531
sh600981,2009-02-16,5.15,5.18,4.97,5.14,0.013807,14935727.0,75654188.0,1508411530.0,2652787410.0,0.0508943582392,21.7045587189,2008-09-30,2008-10-24,45.7473530029,0.504385374168,13.468727318,3.21312608045
sh600981,2009-02-17,5.12,5.27,4.81,5.1,-0.007782,14440543.0,73083127.0,1496672920.0,2632143150.0,0.049206989928,21.5356538429,2008-09-30,2008-10-24,45.3913471019,0.500460247186,13.363913682,3.18812153329
sh600981,2009-02-18,4.92,5.13,4.73,4.77,-0.064706,10218652.0,50724161.0,1399829380.0,2461828010.0,0.0348206508139,20.1421678253,2008-09-30,2008-10-24,42.4542545963,0.468077466432,12.4991882833,2.98183094136
sh600981,2009-02-19,4.8,4.88,4.6,4.77,0.0,9076244.0,42982734.0,1399829380.0,2461828010.0,0.030927829133,20.1421678253,2008-09-30,2008-10-24,42.4542545963,0.468077466432,12.4991882833,2.98183094136
sh600981,2009-02-20,4.8,5.02,4.75,5.0,0.048218,10457349.0,51547753.0,1467326400.0,2580532500.0,0.0356340245769,21.1133828735,2008-09-30,2008-10-24,44.5013138444,0.490647225708,13.1018741439,3.12560886569
sh600981,2009-02-23,5.0,5.18,4.95,5.09,0.018,10321401.0,52266633.0,1493738270.0,2626982090.0,0.0351707739871,21.4934237653,2008-09-30,2008-10-24,45.3023374936,0.499478875771,13.3377078785,3.18186982527
sh600981,2009-02-24,5.04,5.15,4.7,4.71,-0.074656,11575267.0,57072072.0,1382221460.0,2430861620.0,0.0394433953948,19.8888107207,2008-09-30,2008-10-24,41.9202461857,0.462189780822,12.3419679591,2.94432415159
sh600981,2009-02-25,4.77,4.88,4.65,4.86,0.031847,7058168.0,33649181.0,1426241260.0,2508277590.0,0.0240511177471,20.5222096757,2008-09-30,2008-10-24,43.255280266,0.476909138771,12.7350226127,3.03809204285
sh600981,2009-02-26,4.85,5.05,4.52,4.59,-0.055556,10361438.0,50389531.0,1347005630.0,2368928840.0,0.0353072024057,19.3820777949,2008-09-30,2008-10-24,40.8521899155,0.450413974658,12.0275156965,2.86930780132
sh600981,2009-02-27,4.55,4.55,4.18,4.33,-0.056645,8207835.0,35556654.0,1270704660.0,2234741150.0,0.0279686749162,18.2841799982,2008-09-30,2008-10-24,38.5381176178,0.424900275063,11.3462170698,2.70677586091
sh600981,2009-03-02,4.32,4.62,4.27,4.61,0.064665,6521137.0,29288045.0,1352874940.0,2379250970.0,0.022221153398,19.4665264978,2008-12-31,2009-02-28,41.7080054326,0.424888829751,9.43114718035,2.76116614313
sh600981,2009-03-03,4.55,4.77,4.5,4.69,0.017354,13397387.0,62386727.0,1376352160.0,2420539490.0,0.0456523750651,19.8043485987,2008-12-31,2009-02-28,42.4318061589,0.432262350503,9.59481530852,2.80908342038
sh600981,2009-03-04,4.65,4.92,4.6,4.87,0.03838,12978818.0,62125498.0,1429175910.0,2513438660.0,0.0442260768725,20.5644394979,2008-12-31,2009-02-28,44.0603388793,0.448852579515,9.96306432006,2.91689604205
sh600981,2009-03-05,4.89,4.98,4.68,4.79,-0.016427,10511664.0,50785905.0,1405698690.0,2472150140.0,0.0358191061272,20.2266274503,2008-12-31,2009-02-28,43.3365596925,0.441479278191,9.79940106247,2.86898019077
sh600981,2009-03-06,4.7,4.91,4.66,4.86,0.014614,7326955.0,35302274.0,1426241260.0,2508277590.0,0.024967025074,20.5222193838,2008-12-31,2009-02-28,43.9698801759,0.447931056363,9.9426095096,2.91090746728
sh600981,2009-03-09,4.91,4.95,4.43,4.47,-0.080247,6689907.0,31305368.0,1311789800.0,2306996060.0,0.0227962469978,18.8753728449,2008-12-31,2009-02-28,40.4414292014,0.411985932883,9.14474492428,2.67731587575
sh600981,2009-03-10,4.46,4.57,4.4,4.55,0.017897,3514674.0,15780046.0,1335267020.0,2348284580.0,0.0119764559901,19.2131853927,2008-12-31,2009-02-28,41.1652094598,0.419359245124,9.30840842419,2.72523179798
sh600981,2009-03-11,4.64,4.65,4.45,4.46,-0.01978,3955977.0,18076296.0,1308855140.0,2301834990.0,0.0134802216691,18.8331485857,2008-12-31,2009-02-28,40.3509616167,0.411064319255,9.12428810556,2.67132671301
sh600981,2009-03-12,4.45,4.49,4.28,4.47,0.002242,3858490.0,16935938.0,1311789800.0,2306996060.0,0.0131480289754,18.8753725048,2008-12-31,2009-02-28,40.4414284726,0.411985925459,9.14474475949,2.6773158275
sh600981,2009-03-13,4.49,4.52,4.36,4.39,-0.017897,2761872.0,12258025.0,1288312570.0,2265707540.0,0.00941123944789,18.5375599631,2008-12-31,2009-02-28,39.7176482273,0.404612613351,8.98108126253,2.62939990614
sh600981,2009-03-16,4.38,4.48,4.34,4.47,0.018223,2497765.0,11026109.0,1311789800.0,2306996060.0,0.00851127943669,18.8753699183,2008-12-31,2009-02-28,40.4414229309,0.411985869004,9.14474350638,2.67731546063
sh600981,2009-03-17,4.48,4.6,4.41,4.58,0.024609,4505752.0,20430570.0,1344070980.0,2363767770.0,0.0153536118755,19.3398738966,2008-12-31,2009-02-28,41.4366459078,0.422124429254,9.36978649933,2.7432015168
sh600981,2009-03-18,4.6,4.74,4.57,4.65,0.015284,6567077.0,30473063.0,1364613550.0,2399895230.0,0.022377696638,19.6354645292,2008-12-31,2009-02-28,42.0699636039,0.428576179031,9.51299431618,2.78512860878
sh600981,2009-03-19,4.61,4.75,4.61,4.73,0.017204,5626044.0,26476490.0,1388090770.0,2441183750.0,0.0191710720186,19.973273061,2008-12-31,2009-02-28,42.7937352577,0.435949403615,9.6766558704,2.83304396137
sh600981,2009-03-20,4.74,4.84,4.56,4.76,0.006342,8660177.0,40687631.0,1396894730.0,2456666940.0,0.029510056581,20.0999435587,2008-12-31,2009-02-28,43.0651331267,0.438714194733,9.73802522193,2.85101112617
sh600981,2009-03-23,4.71,4.89,4.71,4.85,0.018908,8546692.0,41324841.0,1423306600.0,2503116530.0,0.0291233499514,20.4799932915,2008-12-31,2009-02-28,43.8794086639,0.447009402727,9.92215180283,2.90491804454
sh600981,2009-03-24,4.94,4.95,4.86,4.92,0.014433,11251153.0,55225169.0,1443849170.0,2539243980.0,0.0383389580506,20.7755810347,2008-12-31,2009-02-28,44.5127201691,0.453461089436,10.0653582198,2.94684472668
sh600981,2009-03-25,4.93,5.15,4.9,4.97,0.010163,25224858.0,126392754.0,1458522440.0,2565049310.0,0.085955169987,20.9867232648,2008-12-31,2009-02-28,44.9651029442,0.458069614488,10.1676524554,2.97679350964
sh600981,2009-03-26,4.95,5.06,4.81,5.04,0.014085,10411169.0,51519094.0,1479065010.0,2601176760.0,0.0354766635714,21.282321262,2008-12-31,2009-02-28,45.5984364192,0.464521525008,10.3108638402,3.01872164622
sh600981,2009-03-27,5.06,5.08,4.95,4.98,-0.011905,7899322.0,39371590.0,1461457090.0,2570210370.0,0.0269173989638,21.0289552273,2008-12-31,2009-02-28,45.0555870336,0.458991396253,10.1881130062,2.98278376502
sh600981,2009-03-30,5.01,5.03,4.91,4.97,-0.002008,5472700.0,27132294.0,1458522440.0,2565049310.0,0.0186485433848,20.9867290852,2008-12-31,2009-02-28,44.9651154148,0.458069741529,10.1676552753,2.97679433522
sh600981,2009-03-31,4.87,5.1,4.76,5.1,0.026157,9432466.0,46897482.0,1496672920.0,2632143150.0,0.0321416763524,21.5356789579,2008-12-31,2009-02-28,46.1412679387,0.470051471759,10.4336106343,3.05465834465
sh600981,2009-04-01,5.08,5.15,5.02,5.05,-0.009804,11850444.0,60259653.0,1481999660.0,2606337830.0,0.0403810768756,21.3245431614,2008-12-31,2009-02-28,45.6888989479,0.46544308713,10.3313195157,3.02471047424
sh600981,2009-04-03,5.12,5.16,4.87,4.91,-0.027723,8280495.0,41435209.0,1440914520.0,2534082920.0,0.0282162681309,20.7333628514,2008-12-31,2009-02-28,44.4222656023,0.452539608425,10.0449043447,2.94085642576
sh600981,2009-04-07,4.9,4.98,4.85,4.94,0.00611,4118873.0,20177090.0,1529739670.0,2549566110.0,0.0133011080376,20.8600436984,2008-12-31,2009-02-28,44.6936856452,0.455304625433,10.1062787103,2.95882505852
sh600981,2009-04-08,4.9,4.97,4.81,4.81,-0.026316,4253243.0,20763296.0,1489483360.0,2482472270.0,0.0137350301315,20.3110907884,2008-12-31,2009-02-28,43.5175266137,0.44332282891,9.84032187973,2.88096061828
sh600981,2009-04-09,4.78,4.98,4.77,4.97,0.033264,6107665.0,29711848.0,1539029580.0,2565049310.0,0.0197235293229,20.9867189124,2008-12-31,2009-02-28,44.965093619,0.458069519491,10.1676503467,2.97679289229
sh600981,2009-04-10,5.02,5.19,4.99,5.14,0.034205,13474194.0,68722461.0,1591672450.0,2652787410.0,0.0435123176003,21.7045696328,2008-12-31,2009-02-28,46.5031246463,0.473737787405,10.5154348269,3.07861409317
sh600981,2009-04-13,5.18,5.2,5.07,5.14,0.0,10159032.0,52007275.0,1591672450.0,2652787410.0,0.0328066396324,21.7045696328,2008-12-31,2009-02-28,46.5031246463,0.473737787405,10.5154348269,3.07861409317
sh600981,2009-04-14,5.29,5.65,5.28,5.65,0.099222,8552938.0,47794357.0,1749601040.0,2916001730.0,0.0276200680013,23.8581404409,2008-12-31,2009-02-28,51.1172576799,0.520742998147,11.5587973012,3.38408034072
sh600981,2009-04-15,6.18,6.22,5.74,6.07,0.074336,43624264.0,262120423.0,1879659870.0,3132766460.0,0.140876169517,25.6316591687,2008-12-31,2009-02-28,54.9171101468,0.559452949657,12.4180320574,3.63563933693
sh600981,2009-04-16,5.9,5.94,5.65,5.76,-0.051071,24060829.0,139497679.0,1783664060.0,2972773440.0,0.0776998192361,24.3226247033,2008-12-31,2009-02-28,52.1124384145,0.530881128065,11.7838307422,3.44996360035
sh600981,2009-04-17,5.68,5.81,5.47,5.7,-0.010417,16255953.0,91068240.0,1765084230.0,2941807050.0,0.052495473318,24.0692559218,2008-12-31,2009-02-28,51.5695831435,0.525350939354,11.6610785774,3.41402532953
sh600981,2009-04-20,5.6,5.78,5.6,5.75,0.008772,11012599.0,62878897.0,1780567430.0,2967612380.0,0.0355630700546,24.2803914347,2008-12-31,2009-02-28,52.0219515269,0.529959317794,11.7633695587,3.44397315972
sh600981,2009-04-21,5.66,5.75,5.51,5.69,-0.010435,9732253.0,54941781.0,1761987590.0,2936645990.0,0.0314284390448,24.0270255501,2008-12-31,2009-02-28,51.4791024627,0.524429192313,11.6406187973,3.4080352998
sh600981,2009-04-22,5.74,5.74,5.28,5.3,-0.068541,10348349.0,57263213.0,1641218670.0,2735364450.0,0.0334180025505,22.3801891919,2008-12-31,2009-02-28,47.9506733008,0.488484291042,10.8427591443,3.17444515232
sh600981,2009-04-23,5.27,5.61,5.27,5.47,0.032075,8722676.0,47227550.0,1693861530.0,2823102560.0,0.0281682043514,23.0980337602,2008-12-31,2009-02-28,49.4886911469,0.504152424678,11.1905406439,3.27626548058
sh600981,2009-04-24,5.45,5.49,5.2,5.31,-0.02925,6137915.0,33035315.0,1644315310.0,2740525520.0,0.0198212158287,22.4224162727,2008-12-31,2009-02-28,48.0411469309,0.489405966256,10.8632173301,3.18043471527
sh600981,2009-04-27,5.31,5.35,5.06,5.09,-0.041431,6514221.0,33564674.0,1576189250.0,2626982090.0,0.0210364236972,21.4934331441,2009-03-31,2009-04-25,54.215760348,0.548277088296,9.28540826943,3.29571296637
sh600981,2009-04-28,5.02,5.18,5.02,5.17,0.015717,4274936.0,21864456.0,1600962360.0,2668270610.0,0.0138050835374,21.8312454329,2009-03-31,2009-04-25,55.0678694533,0.556894359292,9.4313470312,3.34751168706
sh600981,2009-04-29,5.17,5.28,5.11,5.28,0.021277,4814869.0,25137053.0,1635025390.0,2725042320.0,0.0155486932958,22.2957488419,2009-03-31,2009-04-25,56.2395485117,0.568743400575,9.63201780199,3.41873669322
sh600981,2009-04-30,5.28,5.39,5.21,5.37,0.017045,6032374.0,31958806.0,1662895140.0,2771491910.0,0.0194803915177,22.6757798809,2009-03-31,2009-04-25,57.1981516161,0.578437631838,9.79619554542,3.47700906016
sh600981,2009-05-04,5.43,5.56,5.42,5.53,0.029795,8419783.0,46341778.0,1712441370.0,2854068950.0,0.027190069573,23.3514047425,2009-03-31,2009-04-25,58.9023705435,0.595672181078,10.0880731917,3.58060654511
sh600981,2009-05-05,5.5,5.55,5.42,5.48,-0.009042,6931851.0,38023530.0,1696958170.0,2828263620.0,0.0223850794625,23.1402613408,2009-03-31,2009-04-25,58.369775309,0.590286113217,9.9968568339,3.54823070073
sh600981,2009-05-06,5.5,5.6,5.5,5.58,0.018248,7373570.0,40973802.0,1727924560.0,2879874270.0,0.0238115260078,23.5625248298,2009-03-31,2009-04-25,59.4349069689,0.601057654211,10.1792794774,3.61297881455
sh600981,2009-05-07,5.58,5.64,5.33,5.43,-0.026882,7710346.0,42077026.0,1681474980.0,2802458300.0,0.0248990792477,22.9291170373,2009-03-31,2009-04-25,57.8371777997,0.584900022351,9.90564008649,3.51585471806
sh600981,2009-05-08,5.42,5.54,5.31,5.46,0.005525,7214990.0,39198501.0,1690764890.0,2817941490.0,0.0232994224289,23.0558004089,2009-03-31,2009-04-25,58.1567282071,0.588131594974,9.96036874797,3.53527981538
sh600981,2009-05-11,5.51,5.62,5.31,5.33,-0.02381,6938886.0,38070802.0,1650508590.0,2750847650.0,0.0224077975747,22.5068418012,2009-03-31,2009-04-25,56.7720165085,0.574128181698,9.72321236808,3.45110480297
sh600981,2009-05-12,5.25,5.44,5.25,5.43,0.018762,4181052.0,22341037.0,1681474980.0,2802458300.0,0.0135019031684,22.929115167,2009-03-31,2009-04-25,57.8371730822,0.584899974643,9.90563927853,3.51585443129
sh600981,2009-05-13,5.42,5.68,5.4,5.66,0.042357,13507765.0,75673940.0,1752697670.0,2921162790.0,0.0436207288962,23.9003236982,2009-03-31,2009-04-25,60.2869822224,0.609674582869,10.3252124415,3.66477547743
sh600981,2009-05-14,5.66,5.9,5.58,5.85,0.033569,18980549.0,108760954.0,1811533820.0,3019223030.0,0.0612940318442,24.7026336644,2009-03-31,2009-04-25,62.3107559287,0.630140748941,10.6718194979,3.78779832543
sh600981,2009-05-15,5.85,5.86,5.66,5.73,-0.020513,9047136.0,51833775.0,1774374150.0,2957290250.0,0.029215985411,24.19590854,2009-03-31,2009-04-25,61.0325753923,0.617214671758,10.4529084645,3.71009921838
sh600981,2009-05-18,5.68,5.68,5.48,5.59,-0.015707,4827589.0,26821810.0,1731021200.0,2885035340.0,0.0155897700791,23.8158634046,2009-03-31,2009-04-25,60.0739367306,0.607520080909,10.2887246313,3.65182468996
sh600981,2009-05-19,5.61,5.67,5.56,5.64,0.008945,5452224.0,30588907.0,1746504400.0,2910840660.0,0.0176069086113,24.0288963028,2009-03-31,2009-04-25,60.6112980947,0.612954348032,10.3807572731,3.68449026181
sh600981,2009-05-20,5.6,5.84,5.58,5.68,0.007092,10065413.0,57535908.0,1758890950.0,2931484920.0,0.0325043151993,24.1993092353,2009-03-31,2009-04-25,61.0411534208,0.617301420269,10.4543776037,3.71062066675
sh600981,2009-05-21,5.6,5.65,5.4,5.42,-0.045775,7497292.0,41175078.0,1678378340.0,2797297230.0,0.024211062352,23.0915858551,2009-03-31,2009-04-25,58.2469946229,0.589044447756,9.97582846888,3.54076700573
sh600981,2009-05-22,5.38,5.48,5.36,5.4,-0.00369,3231191.0,17527389.0,1672185060.0,2786975100.0,0.0104345098024,23.0063779033,2009-03-31,2009-04-25,58.0320632128,0.586870873744,9.93901766183,3.52770157548
sh600981,2009-05-25,5.2,5.4,5.18,5.4,0.0,3902606.0,20663289.0,1672185060.0,2786975100.0,0.0126027153956,23.0063779033,2009-03-31,2009-04-25,58.0320632128,0.586870873744,9.93901766183,3.52770157548
sh600981,2009-05-26,5.39,5.65,5.35,5.64,0.044444,7778507.0,43068025.0,1746504400.0,2910840660.0,0.025119192073,24.0288733628,2009-03-31,2009-04-25,60.6112402302,0.612953762856,10.3807473628,3.6844867443
sh600981,2009-05-27,5.7,5.75,5.53,5.56,-0.014184,7114552.0,39895350.0,1721731280.0,2869552140.0,0.0229750772258,23.688047823,2009-03-31,2009-04-25,59.7515303988,0.604259626684,10.2335068422,3.63222598432
sh600981,2009-06-01,5.59,5.63,5.53,5.59,0.005396,4929903.0,27498212.0,1731021200.0,2885035340.0,0.0159201734618,23.8158685291,2009-03-31,2009-04-25,60.0739496568,0.607520211629,10.2887268451,3.65182547573
sh600981,2009-06-02,5.61,5.65,5.56,5.6,0.001789,6551837.0,36724108.0,1734117840.0,2890196400.0,0.0211578973203,23.8584751179,2009-03-31,2009-04-25,60.1814219527,0.608607065288,10.3071333774,3.6583585915
sh600981,2009-06-03,5.6,5.75,5.56,5.67,0.0125,9871992.0,55814038.0,1755794310.0,2926323860.0,0.0318796993026,24.1567060569,2009-03-31,2009-04-25,60.9336897272,0.616214653604,10.4359725447,3.7040880739
sh600981,2009-06-04,5.63,5.66,5.42,5.53,-0.024691,6429258.0,35544844.0,1712441370.0,2854068950.0,0.020762051982,23.5602528276,2009-03-31,2009-04-25,59.4291759941,0.600999697592,10.1782979466,3.61263043527
sh600981,2009-06-05,5.55,5.55,5.44,5.45,-0.014467,4656010.0,25463860.0,1687668260.0,2812780430.0,0.0150356886489,23.21940665,2009-03-31,2009-04-25,58.569414105,0.592305034967,10.0310485102,3.56036651076
sh600981,2009-06-08,5.45,5.6,5.38,5.59,0.025688,5554340.0,30566835.0,1731021200.0,2885035340.0,0.0179366726416,23.815866768,2009-03-31,2009-04-25,60.0739452145,0.607520166705,10.2887260843,3.65182520569
sh600981,2009-06-09,5.62,5.79,5.58,5.75,0.028623,18263854.0,103872232.0,1780567430.0,2967612380.0,0.0589796032044,24.4975483225,2009-03-31,2009-04-25,61.7934417484,0.624909216437,10.583220291,3.75635139855
sh600981,2009-06-10,5.73,5.82,5.65,5.76,0.001739,11844136.0,68083487.0,1783664060.0,2972773440.0,0.0382483590324,24.540149559,2009-03-31,2009-04-25,61.9009005436,0.625995933564,10.6016245111,3.76288369363
sh600981,2009-06-11,5.8,6.09,5.75,5.79,0.005208,17338553.0,102427661.0,1792953980.0,2988256640.0,0.0559915218069,24.6679546579,2009-03-31,2009-04-25,62.2232804336,0.629256120386,10.6568377716,3.78248079191
sh600981,2009-06-12,5.74,5.74,5.46,5.51,-0.048359,8529674.0,47724086.0,1706248090.0,2843746820.0,0.027544941451,23.4750370386,2009-03-31,2009-04-25,59.2142248151,0.59882592366,10.1414837538,3.59956380329
sh600981,2009-06-15,5.52,5.6,5.45,5.6,0.016334,4578805.0,25308004.0,1734117840.0,2890196400.0,0.0147863699966,23.8584782936,2009-03-31,2009-04-25,60.1814299633,0.608607146297,10.3071347494,3.65835907846
sh600981,2009-06-16,5.52,5.57,5.47,5.53,-0.0125,3951505.0,21812993.0,1712441370.0,2854068950.0,0.0127606252879,23.5602473149,2009-03-31,2009-04-25,59.4291620887,0.600999556969,10.178295565,3.61262958997
sh600981,2009-06-17,5.53,5.65,5.51,5.64,0.019892,5328149.0,29764362.0,1746504400.0,2910840660.0,0.017206232266,24.0289077545,2009-03-31,2009-04-25,60.611326981,0.612954640156,10.3807622204,3.68449201778
sh600981,2009-06-18,5.62,5.69,5.59,5.67,0.005319,5689833.0,32044067.0,1755794310.0,2926323860.0,0.0183742212435,24.1567175149,2009-03-31,2009-04-25,60.9337186292,0.616214945887,10.4359774947,3.70408983082
sh600981,2009-06-19,5.66,5.76,5.61,5.72,0.008818,7665832.0,43710833.0,1771277510.0,2952129180.0,0.0247553298636,24.3697314499,2009-03-31,2009-04-25,61.4710321601,0.62164872928,10.5280019442,3.73675249495
sh600981,2009-06-22,5.7,5.94,5.7,5.89,0.02972,15624982.0,91464992.0,1823920370.0,3039867290.0,0.0504578738709,25.0939998686,2009-03-31,2009-04-25,63.2979512359,0.640124129514,10.840894162,3.8478087791
sh600981,2009-06-23,5.8,6.09,5.76,6.02,0.022071,20997245.0,125535268.0,1864176680.0,3106961130.0,0.0678065637534,25.6478495397,2009-03-31,2009-04-25,64.6950003176,0.654252309177,11.080163537,3.93273376666
sh600981,2009-06-24,6.01,6.1,5.86,6.0,-0.003322,17743729.0,106335229.0,1857983400.0,3096639000.0,0.0572999597305,25.5626473835,2009-03-31,2009-04-25,64.4800835265,0.652078883005,11.0433552338,3.91966922509
sh600981,2009-06-25,6.0,6.09,5.86,5.95,-0.008333,14889822.0,89085608.0,1842500210.0,3070833680.0,0.0480838159036,25.3496338429,2009-03-31,2009-04-25,63.9427709905,0.646645109673,10.9513309546,3.88700662144
sh600981,2009-06-26,5.99,6.06,5.81,5.84,-0.018487,10321561.0,60901681.0,1808437180.0,3014061960.0,0.0333314957836,24.880995162,2009-03-31,2009-04-25,62.7606609832,0.634690581531,10.7488736992,3.81514753003
sh600981,2009-06-29,5.81,5.95,5.81,5.84,0.0,9166781.0,53955112.0,1808437180.0,3014061960.0,0.0296023559082,24.880995162,2009-03-31,2009-04-25,62.7606609832,0.634690581531,10.7488736992,3.81514753003
sh600981,2009-06-30,5.85,5.92,5.7,5.82,-0.003425,9545024.0,55448136.0,1802243900.0,3003739830.0,0.0308238189515,24.7957777536,2009-03-31,2009-04-25,62.5457057194,0.632516766289,10.7120588068,3.80208064974
sh600981,2009-07-01,5.81,5.98,5.8,5.95,0.022337,12358171.0,73271846.0,1842500210.0,3070833680.0,0.0399083359942,25.3496410413,2009-03-31,2009-04-25,63.942789148,0.646645293298,10.9513340644,3.88700772521
sh600981,2009-07-02,5.98,6.01,5.81,5.83,-0.020168,10205945.0,60219998.0,1805340540.0,3008900900.0,0.0329581361697,24.8383894808,2009-03-31,2009-04-25,62.6531909765,0.633603751022,10.730467559,3.80861455341
sh600981,2009-07-03,5.8,5.87,5.74,5.81,-0.003431,7669545.0,44453672.0,1799147260.0,2998578770.0,0.0247673202971,24.7531689665,2009-03-31,2009-04-25,62.4382278782,0.631429856553,10.6936513248,3.79554719687
sh600981,2009-07-06,5.8,5.95,5.71,5.94,0.022375,10219377.0,59605043.0,1839403570.0,3065672610.0,0.033001512213,25.3070211221,2009-03-31,2009-04-25,63.835283227,0.645558099593,10.9329217732,3.8804725654
sh600981,2009-07-07,5.88,5.92,5.77,5.79,-0.025253,7214511.0,42256894.0,1792953980.0,2988256640.0,0.0232978755484,24.6679429177,2009-03-31,2009-04-25,62.2232508197,0.629255820904,10.6568326996,3.78247899171
sh600981,2009-07-08,5.77,5.88,5.75,5.86,0.01209,5982752.0,34745344.0,1814630450.0,3024384090.0,0.0193201468211,24.9661783476,2009-03-31,2009-04-25,62.9755299221,0.636863523779,10.785673807,3.82820916272
sh600981,2009-07-09,5.89,5.98,5.84,5.96,0.017065,10903732.0,64692424.0,1845596840.0,3075994740.0,0.0352115051953,25.3922261811,2009-03-31,2009-04-25,64.0502073402,0.647731599812,10.9697313305,3.89353755208
sh600981,2009-07-10,5.97,6.14,5.91,6.08,0.020134,16185856.0,97614647.0,1882756510.0,3137927520.0,0.0522691085955,25.903473263,2009-03-31,2009-04-25,65.3397942148,0.660773027843,11.1905959011,3.97193003716
sh600981,2009-07-13,6.06,6.13,6.0,6.03,-0.008224,10314138.0,62498376.0,1867273320.0,3112122200.0,0.0333075246531,25.6904430989,2009-03-31,2009-04-25,64.8024397472,0.655338830462,11.0985644404,3.93926488453
sh600981,2009-07-14,6.05,6.16,6.03,6.11,0.013267,9530361.0,57986959.0,1892046430.0,3153410720.0,0.0307764676314,26.0312782075,2009-03-31,2009-04-25,65.6621737153,0.664033210725,11.2458090948,3.99152711175
sh600981,2009-07-15,6.13,6.17,6.07,6.15,0.006547,10166032.0,62152806.0,1904432990.0,3174054980.0,0.0328292447822,26.2017049859,2009-03-31,2009-04-25,66.0920639666,0.668380636156,11.319435407,4.01765963975
sh600981,2009-07-16,6.2,6.77,6.15,6.77,0.100813,28805071.0,188096989.0,2096424600.0,3494041010.0,0.0930204361607,28.8431774706,2009-03-31,2009-04-25,72.7550032113,0.735762093229,12.4605816487,4.42269196102
sh600981,2009-07-17,6.8,7.42,6.68,7.08,0.04579,53437461.0,382930656.0,2192420410.0,3654034020.0,0.172566001554,30.163906567,2009-03-31,2009-04-25,76.0864548083,0.769452639478,13.0311516824,4.62520702591
sh600981,2009-07-20,7.0,7.01,6.76,6.91,-0.024011,21964282.0,150965453.0,2139777550.0,3566295920.0,0.0709294237712,29.4396410064,2009-03-31,2009-04-25,74.2595429419,0.750977312151,12.7182606993,4.51415118001
sh600981,2009-07-21,6.81,6.98,6.48,6.56,-0.050651,20795717.0,139146834.0,2031395180.0,3385658640.0,0.0671557680471,27.9484937498,2009-03-31,2009-04-25,70.4982228324,0.712939560314,12.0740680766,4.28550490859
sh600981,2009-07-22,6.55,6.74,6.51,6.63,0.010671,11902685.0,78873414.0,2053071660.0,3421786100.0,0.0384374316238,28.2467321266,2009-03-31,2009-04-25,71.2505093682,0.720547338362,12.2029104571,4.33123553147
sh600981,2009-07-23,6.65,6.67,6.49,6.61,-0.003017,9218969.0,60454804.0,2046878380.0,3411463970.0,0.0297708870666,28.1615117358,2009-03-31,2009-04-25,71.0355465814,0.718373447042,12.1660942762,4.31816819387
sh600981,2009-07-24,6.61,6.71,6.4,6.52,-0.013616,11426747.0,74963090.0,2019008630.0,3365014380.0,0.0369004814209,27.778064592,2009-03-31,2009-04-25,70.0683265792,0.708592074187,12.0004407366,4.25937201575
sh600981,2009-07-27,6.52,6.65,6.5,6.6,0.01227,11410981.0,74925637.0,2043781740.0,3406302900.0,0.0368495681931,28.1189014446,2009-03-31,2009-04-25,70.9280649463,0.717286498937,12.1476861444,4.31163451038
sh600981,2009-07-28,6.61,6.83,6.52,6.76,0.024242,12914603.0,86278744.0,2093327960.0,3488879940.0,0.0417052262943,28.8005598534,2009-03-31,2009-04-25,72.6475030967,0.734674958244,12.4421703519,4.41615715418
sh600981,2009-07-29,6.76,6.76,6.08,6.21,-0.081361,13037991.0,83656067.0,1923012820.0,3205021370.0,0.0421036840046,26.4573175031,2009-03-31,2009-04-25,66.7368295973,0.674901068967,11.4298629299,4.05685419196
sh600981,2009-07-30,6.19,6.3,6.06,6.25,0.006441,8332687.0,51484777.0,1935399380.0,3225665630.0,0.0269088097724,26.6277290852,2009-03-31,2009-04-25,67.1666815167,0.679248106752,11.5034826771,4.08298438981
sh600981,2009-07-31,6.28,6.44,6.24,6.43,0.0288,7847021.0,49904782.0,1991138880.0,3318564800.0,0.0253404448765,27.3946076828,2009-03-31,2009-04-25,69.1010819444,0.698810452226,11.8347829781,4.20057434024
sh600981,2009-08-03,6.49,6.73,6.42,6.62,0.029549,11479039.0,75929774.0,2049975020.0,3416625030.0,0.0370693483767,28.2040909453,2009-03-31,2009-04-25,71.1429498148,0.719459602279,12.1844889804,4.32469711142
sh600981,2009-08-04,6.63,6.64,6.4,6.6,-0.003021,9992981.0,65213062.0,2043781740.0,3406302900.0,0.0322704099509,28.1188863865,2009-03-31,2009-04-25,70.9280269634,0.717286114821,12.1476796392,4.31163220144
sh600981,2009-08-05,6.6,6.79,6.55,6.71,0.016667,13822660.0,92573666.0,2077844770.0,3463074620.0,0.0446376216064,28.5875438659,2009-03-31,2009-04-25,72.1101843888,0.729241122496,12.3501450157,4.38349417534
sh600981,2009-08-06,6.65,6.87,6.53,6.72,0.00149,12470860.0,83705436.0,2080941410.0,3468235680.0,0.0402722435131,28.6301393063,2009-03-31,2009-04-25,72.2176285635,0.730327691769,12.3685467318,4.39002558167
sh600981,2009-08-07,6.72,6.77,6.33,6.44,-0.041667,8684141.0,56870444.0,1994235520.0,3323725860.0,0.0280437628751,27.4372072918,2009-03-31,2009-04-25,69.2085366342,0.699897127836,11.8531864951,4.20710638575
sh600981,2009-08-10,6.42,6.57,6.25,6.42,-0.003106,5246068.0,33602603.0,1988042240.0,3313403730.0,0.0169411674875,27.3519873259,2009-03-31,2009-04-25,68.9935749194,0.697723247357,11.8163704979,4.19403911332
sh600981,2009-08-11,6.43,6.48,6.31,6.44,0.003115,3437876.0,21988536.0,1994235520.0,3323725860.0,0.011101959231,27.4371887665,2009-03-31,2009-04-25,69.2084899053,0.699896655272,11.853178492,4.20710354516
sh600981,2009-08-12,6.43,6.43,6.09,6.11,-0.051242,4928386.0,30692841.0,1892046430.0,3153410720.0,0.0159152745845,26.0312523397,2009-03-31,2009-04-25,65.6621084655,0.664032550863,11.2457979197,3.9915231453
sh600981,2009-08-13,6.11,6.2,5.98,6.12,0.001637,4422367.0,26853398.0,1895143070.0,3158571780.0,0.014281183552,26.0738654998,2009-03-31,2009-04-25,65.7695973371,0.665119572149,11.2642072909,3.99805726869
sh600981,2009-08-14,6.1,6.12,5.72,5.74,-0.062092,5597626.0,33039664.0,1777470790.0,2962451310.0,0.0180764564013,24.4548870432,2009-03-31,2009-04-25,61.6858314992,0.623820967675,10.5647901318,3.74980989676
sh600981,2009-08-17,5.7,5.7,5.2,5.21,-0.092334,5286218.0,28935633.0,1613348920.0,2688914870.0,0.0170708241959,22.1968695029,2009-03-31,2009-04-25,55.9901319336,0.566221082446,9.58930079973,3.40357494975
sh600981,2009-08-18,5.13,5.4,5.13,5.38,0.03263,3624990.0,19239594.0,1665991780.0,2776652970.0,0.0117062079382,22.9211533548,2009-03-31,2009-04-25,57.8170899386,0.584696876366,9.90219968483,3.51463360036
sh600981,2009-08-19,5.39,5.42,5.02,5.23,-0.027881,4709499.0,24747383.0,1619542200.0,2699237000.0,0.015208421102,22.2820886781,2009-06-30,2009-08-19,54.9560246724,0.557661804026,8.02621179684,3.24834027203
sh600981,2009-08-20,5.06,5.4,5.06,5.38,0.028681,4154685.0,22010905.0,1665991780.0,2776652970.0,0.0134167560539,22.9211612635,2009-06-30,2009-08-19,56.532218416,0.573656102228,8.25641157739,3.34150591937
sh600981,2009-08-21,5.39,5.47,5.3,5.45,0.013011,4593299.0,24779570.0,1687668260.0,2812780430.0,0.0148331755377,23.2193884927,2009-06-30,2009-08-19,57.2677591099,0.581119941774,8.36383574842,3.38498225289
sh600981,2009-08-24,5.47,5.75,5.42,5.7,0.045872,7365614.0,41417308.0,1765084230.0,2941807050.0,0.0237858336086,24.2845082816,2009-06-30,2009-08-19,59.8947457557,0.607777075743,8.74750162187,3.54025815879
sh600981,2009-08-25,5.65,5.98,5.44,5.81,0.019298,9474241.0,53549958.0,1799147260.0,2998578770.0,0.0305952388856,24.7531507224,2009-06-30,2009-08-19,61.0505945593,0.61950595775,8.91631090817,3.60857806074
sh600981,2009-08-26,5.75,6.35,5.73,6.24,0.07401,14507996.0,87537994.0,1932302740.0,3220504560.0,0.0468507823158,26.5851314074,2009-06-30,2009-08-19,65.5689490627,0.665355593684,9.57620707849,3.87564892302
sh600981,2009-08-27,6.2,6.45,6.06,6.34,0.016026,17731140.0,111639032.0,1963269130.0,3272115210.0,0.0572593058599,27.0111847234,2009-06-30,2009-08-19,66.6197570404,0.676018582428,9.72967537313,3.93776007266
sh600981,2009-08-28,6.55,6.7,6.21,6.41,0.011041,18605000.0,119059530.0,1984945600.0,3308242670.0,0.060081268726,27.3094152139,2009-06-30,2009-08-19,67.3553057778,0.683482503596,9.83710071892,3.98123688162
sh600981,2009-08-31,6.39,6.7,6.1,6.59,0.028081,29604674.0,191978589.0,2040685100.0,3401141840.0,0.0956026001562,28.0762909025,2009-06-30,2009-08-19,69.2467101194,0.70267537578,10.1133363442,4.09303399449
sh600981,2009-09-01,6.57,6.85,6.18,6.69,0.015175,30349501.0,202159010.0,2071651490.0,3452752490.0,0.0980078756828,28.5023486169,2009-06-30,2009-08-19,70.2975289454,0.713338474607,10.2668062232,4.15514578536
sh600981,2009-09-02,6.68,6.89,6.31,6.45,-0.035874,20099649.0,131554126.0,1997332160.0,3328886930.0,0.0649079500377,27.4798553627,2009-06-30,2009-08-19,67.7756753921,0.687748170169,9.89849481678,4.00608408545
sh600981,2009-09-03,6.45,7.0,6.29,6.99,0.083721,37112540.0,250295391.0,2164550660.0,3607584440.0,0.119847809245,29.7804963335,2009-06-30,2009-08-19,73.4499227116,0.745327134724,10.7272067013,4.34147745117
sh600981,2009-09-04,6.99,7.23,6.75,6.93,-0.008584,34877190.0,242660623.0,2145970830.0,3576618050.0,0.112629176185,29.524860553,2009-06-30,2009-08-19,72.819428575,0.7389292466,10.635124359,4.30421020873
sh600981,2009-09-07,6.92,7.22,6.63,6.68,-0.036075,30813039.0,212377102.0,2068554850.0,3447591420.0,0.0995047825394,28.4597512085,2009-06-30,2009-08-19,70.1924676892,0.712272374029,10.2514622478,4.14893582545
sh600981,2009-09-08,6.7,6.85,6.52,6.71,0.004491,18475857.0,122694070.0,2077844770.0,3463074620.0,0.0596642262502,28.5875639512,2009-06-30,2009-08-19,70.5077020616,0.71547118926,10.2975015647,4.16756869624
sh600981,2009-09-09,6.72,6.72,6.42,6.6,-0.016393,15680065.0,102712024.0,2043781740.0,3406302900.0,0.0506357537963,28.1189280153,2009-06-30,2009-08-19,69.3518693017,0.703742470055,10.1286946216,4.09924974261
sh600981,2009-09-10,6.5,6.58,6.37,6.43,-0.025758,9335831.0,60346148.0,1991138880.0,3318564800.0,0.0301482703858,27.3946406675,2009-06-30,2009-08-19,67.5655038522,0.685615471511,9.8677997055,3.99366126774
sh600981,2009-09-11,6.45,6.6,6.42,6.48,0.007776,12528387.0,81575621.0,2006622070.0,3344370120.0,0.0404580159731,27.6076613933,2009-06-30,2009-08-19,68.0908932101,0.690946817418,9.94453171601,4.02471597775
sh600981,2009-09-14,6.49,6.72,6.46,6.66,0.027778,15428023.0,101824390.0,2062361570.0,3437269290.0,0.0498218327352,28.3745470115,2009-06-30,2009-08-19,69.9823220417,0.710139938112,10.220770918,4.13651453818
sh600981,2009-09-15,6.68,6.76,6.52,6.65,-0.001502,13826107.0,91603496.0,2059264940.0,3432108230.0,0.0446487529429,28.3319284419,2009-06-30,2009-08-19,69.877208594,0.709073307925,10.2054193201,4.13030149335
sh600981,2009-09-16,6.6,6.65,6.45,6.58,-0.010526,12423604.0,81153347.0,2037588460.0,3395980770.0,0.0401196394291,28.0337065631,2009-06-30,2009-08-19,69.1416810964,0.701609602286,10.0979970763,4.08682593983
sh600981,2009-09-17,6.58,6.98,6.51,6.92,0.051672,22766990.0,155505343.0,2142874190.0,3571456980.0,0.0735216148177,29.4822642487,2009-06-30,2009-08-19,72.714370042,0.737863173655,10.6197807813,4.29800040979
sh600981,2009-09-18,7.0,7.02,6.46,6.49,-0.062139,17906167.0,120331256.0,2009718710.0,3349531190.0,0.0578245220347,27.6502658305,2009-06-30,2009-08-19,68.1959718019,0.692013093907,9.9598782233,4.03092696233
sh600981,2009-09-21,6.41,6.44,6.11,6.39,-0.015408,10690742.0,67173419.0,1978752320.0,3297920540.0,0.0345236949008,27.2242305346,2009-06-30,2009-08-19,67.1452082684,0.681350556156,9.80641641963,3.96881843969
sh600981,2009-09-22,6.25,6.43,6.11,6.12,-0.042254,8553038.0,53603732.0,1895143070.0,3158571780.0,0.0276203909819,26.0738978976,2009-06-30,2009-08-19,64.3080546382,0.652560769756,9.39205610024,3.80111998534
sh600981,2009-09-23,6.15,6.24,6.01,6.06,-0.009804,6618491.0,40557423.0,1876563230.0,3127605390.0,0.0213731436377,25.8182694026,2009-06-30,2009-08-19,63.6775784706,0.64616306397,9.29997638223,3.763853805
sh600981,2009-09-24,6.05,6.13,5.88,6.09,0.00495,5069897.0,30472459.0,1885853150.0,3143088590.0,0.0163722571559,25.9460698361,2009-06-30,2009-08-19,63.992782484,0.649361571136,9.34601126532,3.78248488134
sh600981,2009-09-25,6.02,6.07,5.88,5.9,-0.031199,4267998.0,25409175.0,1827017010.0,3045028350.0,0.0137826785751,25.1365784033,2009-06-30,2009-08-19,61.9962716633,0.629102139478,9.05442505986,3.66447513553
sh600981,2009-09-28,5.95,6.02,5.62,5.64,-0.044068,3909640.0,22931928.0,1746504400.0,2910840660.0,0.0126254303167,24.0288596663,2009-06-30,2009-08-19,59.2642199636,0.601378866396,8.65541465632,3.50298904525
sh600981,2009-09-29,5.64,5.72,5.31,5.46,-0.031915,4394629.0,24145381.0,1690764890.0,2817941490.0,0.0141916090652,23.26197861,2009-06-30,2009-08-19,57.3728023835,0.582185859875,8.37917709756,3.39119114987
sh600981,2009-09-30,5.5,5.6,5.5,5.52,0.010989,3168543.0,17576286.0,1709344730.0,2848907880.0,0.010232200125,23.517604493,2009-06-30,2009-08-19,58.0032721089,0.588583500289,8.47125587469,3.42845694942
sh600981,2009-10-09,5.65,5.87,5.61,5.86,0.061594,4398035.0,25413618.0,1814630450.0,3024384090.0,0.0142026080847,24.9661478241,2009-06-30,2009-08-19,61.5759256511,0.624836712406,8.99303440903,3.63962932676
sh600981,2009-10-12,5.9,5.9,5.8,5.81,-0.008532,3114158.0,18185360.0,1799147260.0,2998578770.0,0.0100565742351,24.7531366509,2009-06-30,2009-08-19,61.0505598535,0.619505605576,8.91630583946,3.60857600935
sh600981,2009-10-13,5.88,5.95,5.8,5.93,0.020654,2554676.0,15010513.0,1836306930.0,3060511550.0,0.0082498347267,25.2643879352,2009-06-30,2009-08-19,62.3114981167,0.632300874353,9.10046322026,3.68310753824
sh600981,2009-10-14,5.93,6.02,5.9,5.95,0.003373,4363680.0,26009122.0,1842500210.0,3070833680.0,0.014091665151,25.3496047157,2009-06-30,2009-08-19,62.5216747999,0.634433625202,9.13115908271,3.69553065997
sh600981,2009-10-15,5.96,6.03,5.88,5.95,0.0,4011288.0,23915173.0,1842500210.0,3070833680.0,0.0129536829741,25.3496047157,2009-06-30,2009-08-19,62.5216747999,0.634433625202,9.13115908271,3.69553065997
sh600981,2009-10-16,5.98,6.0,5.81,5.92,-0.005042,3690739.0,21634832.0,1833210290.0,3055350480.0,0.0119185316596,25.2217920088,2009-06-30,2009-08-19,62.2064405155,0.631234810864,9.08511977861,3.67689779438
sh600981,2009-10-19,5.92,6.06,5.85,6.06,0.023649,5425803.0,32500159.0,1876563230.0,3127605390.0,0.0175215871516,25.818262168,2009-06-30,2009-08-19,63.6775606273,0.646162882906,9.29997377626,3.76385275032
sh600981,2009-10-20,6.1,6.15,6.03,6.12,0.009901,5729619.0,34917062.0,1895143070.0,3158571780.0,0.0185027024266,26.0738887817,2009-06-30,2009-08-19,64.308032155,0.65256054161,9.39205281661,3.8011186564
sh600981,2009-10-21,6.12,6.2,6.06,6.07,-0.00817,6593451.0,40490193.0,1879659870.0,3132766460.0,0.0212922817627,25.8608651104,2009-06-30,2009-08-19,63.7826355323,0.647229121985,9.3153197451,3.77006351698
sh600981,2009-10-22,6.04,6.09,5.95,5.99,-0.01318,5781369.0,34745618.0,1854886760.0,3091477940.0,0.0186698191269,25.5200189082,2009-06-30,2009-08-19,62.941980396,0.638698642157,9.19254383086,3.72037407983
sh600981,2009-10-23,5.99,6.13,5.99,6.05,0.010017,7004128.0,42428149.0,1873466600.0,3122444330.0,0.0226184840445,25.7756529376,2009-06-30,2009-08-19,63.5724702136,0.645096486456,9.28462554242,3.75764106698
sh600981,2009-10-26,6.04,6.2,6.01,6.2,0.024793,7323251.0,44854677.0,1919916180.0,3199860300.0,0.0236490304488,26.4147087009,2009-06-30,2009-08-19,65.1486224676,0.661090363644,9.51481926349,3.85080426196
sh600981,2009-10-27,6.14,6.14,5.88,5.89,-0.05,6947909.0,41606604.0,1823920370.0,3039867290.0,0.0224369356706,25.0939732659,2009-09-30,2009-10-27,61.0584149692,0.647274939536,8.69662795265,3.64562540425
sh600981,2009-10-28,5.88,5.94,5.73,5.93,0.006791,4620053.0,26936566.0,1836306930.0,3060511550.0,0.014919572454,25.2643864383,2009-09-30,2009-10-27,61.4730626652,0.651670583651,8.75568675307,3.67038284637
sh600981,2009-10-29,5.8,5.86,5.71,5.71,-0.037099,3062737.0,17745194.0,1768180870.0,2946968120.0,0.00989052000659,24.3271029658,2009-09-30,2009-10-27,59.1924735134,0.627494256668,8.43085953022,3.53421531316
sh600981,2009-10-30,5.79,5.89,5.75,5.79,0.014011,3423741.0,19923936.0,1792953980.0,2988256640.0,0.0110563129958,24.6679500055,2009-09-30,2009-10-27,60.0218192598,0.636286078698,8.5489843031,3.58373320391
sh600981,2009-11-02,5.61,5.93,5.61,5.92,0.022453,3828540.0,22286996.0,1833210290.0,3055350480.0,0.012363533482,25.221819487,2009-09-30,2009-10-27,61.3694891676,0.650572610023,8.74093464766,3.66419876554
sh600981,2009-11-03,5.93,6.1,5.88,6.08,0.027027,6614861.0,39996626.0,1882756510.0,3137927520.0,0.0213614212281,25.9034896022,2009-09-30,2009-10-27,63.0281223514,0.668155635954,8.97717588838,3.76323106557
sh600981,2009-11-04,6.1,6.25,6.03,6.24,0.026316,11296954.0,69485319.0,1932302740.0,3220504560.0,0.0364813398546,26.5851658346,2009-09-30,2009-10-27,64.6867704192,0.68573881967,9.21341924906,3.86226425429
sh600981,2009-11-05,6.25,6.28,6.13,6.21,-0.004808,6977947.0,43185434.0,1923012820.0,3205021370.0,0.0225339375897,26.4573443573,2009-09-30,2009-10-27,64.375756427,0.682441787425,9.16912112931,3.84369448776
sh600981,2009-11-06,6.22,6.28,6.19,6.23,0.003221,7921488.0,49419749.0,1929206100.0,3215343500.0,0.0255809217273,26.5425634634,2009-09-30,2009-10-27,64.5831107384,0.684639932422,9.19865486846,3.8560750277
sh600981,2009-11-09,6.25,6.38,6.2,6.3,0.011236,7835405.0,49186943.0,1950882570.0,3251470950.0,0.025302933277,26.8407957065,2009-09-30,2009-10-27,65.3087665707,0.692332546703,9.30201095457,3.89940188671
sh600981,2009-11-10,6.28,6.36,6.2,6.21,-0.014286,7476138.0,46805256.0,1923012820.0,3205021370.0,0.0241427495944,26.4573480991,2009-09-30,2009-10-27,64.3757655315,0.682441883941,9.16912242607,3.84369503136
sh600981,2009-11-11,6.2,6.35,6.18,6.33,0.019324,9077731.0,56984004.0,1960172490.0,3266954150.0,0.0293147860829,26.9686098937,2009-09-30,2009-10-27,65.6197628246,0.695629390906,9.34630654783,3.91797059415
sh600981,2009-11-12,6.39,6.44,6.29,6.35,0.00316,10476467.0,66629568.0,1966365770.0,3277276280.0,0.0338317349015,27.053830701,2009-09-30,2009-10-27,65.8271212751,0.697827579781,9.37584087652,3.93035138122
sh600981,2009-11-13,6.28,6.35,6.15,6.33,-0.00315,7280027.0,45658150.0,1960172490.0,3266954150.0,0.0235094468191,26.9686111343,2009-09-30,2009-10-27,65.6197658431,0.695629422905,9.34630697776,3.91797077437
sh600981,2009-11-16,6.35,6.52,6.33,6.48,0.023697,11576855.0,74694581.0,2006622070.0,3344370120.0,0.0373852264069,27.6076863123,2009-09-30,2009-10-27,67.1747574343,0.71211375334,9.56778641421,4.01081492781
sh600981,2009-11-17,6.52,6.58,6.39,6.57,0.013889,11610258.0,75451339.0,2034491820.0,3390819710.0,0.0374930949882,27.9911294675,2009-09-30,2009-10-27,68.1077476403,0.72200430126,9.70067339972,4.06652113635
sh600981,2009-11-18,6.59,6.74,6.45,6.63,0.009132,15979908.0,105250450.0,2053071660.0,3421786100.0,0.0516040390134,28.2467444618,2009-09-30,2009-10-27,68.7297075918,0.728597644539,9.78925994921,4.10365660736
sh600981,2009-11-19,6.63,6.83,6.57,6.81,0.027149,17107643.0,114957040.0,2108811160.0,3514685270.0,0.0552458423209,29.0136153272,2009-09-30,2009-10-27,70.5956504232,0.74837834199,10.0550285676,4.2150667806
sh600981,2009-11-20,6.75,6.94,6.71,6.79,-0.002937,15415879.0,105463057.0,2102617880.0,3504363140.0,0.0497826159502,28.928402339,2009-09-30,2009-10-27,70.3883109979,0.7461803548,10.0254969487,4.20268712946
sh600981,2009-11-23,6.78,7.05,6.72,6.99,0.029455,16168643.0,111885441.0,2164550660.0,3607584440.0,0.0522135224915,29.7804884299,2009-09-30,2009-10-27,72.4615986983,0.768159097151,10.3207979613,4.32647727886
sh600981,2009-11-24,7.0,7.04,6.4,6.44,-0.078684,19348168.0,130980607.0,1994235520.0,3323725860.0,0.0624811867357,27.4372404783,2009-09-30,2009-10-27,66.7600302663,0.70771726675,9.5087162945,3.98605274065
sh600981,2009-11-25,6.45,6.83,6.43,6.75,0.048137,14895646.0,99038176.0,2090231330.0,3483718880.0,0.0481026234068,28.7579869232,2009-09-30,2009-10-27,69.9736578433,0.74178465282,9.96643737077,4.17792936143
sh600981,2009-11-27,6.37,6.58,6.17,6.19,-0.082963,12569353.0,79686345.0,1916819540.0,3194699240.0,0.040590307771,26.3721380541,2009-09-30,2009-10-27,64.1684332676,0.680243972668,9.13959182718,3.83131580782
sh600981,2009-11-30,6.22,6.45,6.2,6.41,0.035541,7127718.0,45179974.0,1984945600.0,3308242670.0,0.0230175942253,27.3094302126,2009-09-30,2009-10-27,66.4490435544,0.704420523701,9.46442206031,3.96748460294
sh600981,2009-12-01,6.39,6.72,6.35,6.68,0.042122,10031365.0,65833395.0,2068554850.0,3447591420.0,0.0323943637269,28.4597580321,2009-09-30,2009-10-27,69.248010167,0.734092125,9.86308244633,4.13460298939
sh600981,2009-12-02,6.81,6.94,6.72,6.8,0.017964,15931129.0,108748064.0,2105714520.0,3509524200.0,0.0514465166912,28.9710091253,2009-09-30,2009-10-27,70.4919814216,0.747279355933,10.0402628594,4.20887699749
sh600981,2009-12-03,6.8,7.18,6.72,7.09,0.042647,19835416.0,137767971.0,2195517050.0,3659195090.0,0.0640546605821,30.2065357515,2009-09-30,2009-10-27,73.4982529533,0.779148578626,10.4684499496,4.3883729748
sh600981,2009-12-04,7.0,7.1,6.53,6.74,-0.049365,17982933.0,123193618.0,2087134690.0,3478557810.0,0.0580724229254,28.7153901141,2009-09-30,2009-10-27,69.8700116963,0.740685909042,9.9516749178,4.1717409429
sh600981,2009-12-07,6.7,7.0,6.7,6.91,0.025223,10144654.0,69940936.0,2139777550.0,3566295920.0,0.0327602087142,29.439678399,2009-09-30,2009-10-27,71.6323430013,0.759368229726,10.2026860143,4.2769647647
sh600981,2009-12-08,6.89,7.04,6.76,6.97,0.008683,15233445.0,105713916.0,2158357380.0,3597262310.0,0.0491934804838,29.6953031265,2009-09-30,2009-10-27,72.2543266356,0.765961824065,10.2912759369,4.31410164975
sh600981,2009-12-09,6.91,6.98,6.67,6.76,-0.030129,10125955.0,69091305.0,2093327960.0,3488879940.0,0.0326998239683,28.8006133386,2009-09-30,2009-10-27,70.0773760284,0.742884160267,9.98121008421,4.18412208115
sh600981,2009-12-10,6.82,6.82,6.67,6.78,0.002959,5836267.0,39408512.0,2099521240.0,3499202070.0,0.0188471016659,28.8858343535,2009-09-30,2009-10-27,70.284734984,0.745082354498,10.0107444849,4.19650289839
sh600981,2009-12-11,6.78,6.9,6.71,6.78,0.0,5748436.0,39142849.0,2099521240.0,3499202070.0,0.0185634683458,28.8858343535,2009-09-30,2009-10-27,70.284734984,0.745082354498,10.0107444849,4.19650289839
sh600981,2009-12-14,6.78,6.79,6.47,6.65,-0.019174,7794292.0,51287791.0,2059264940.0,3432108230.0,0.0251701666906,28.3319773656,2009-09-30,2009-10-27,68.9370954754,0.730796145432,9.8187984701,4.11603915181
sh600981,2009-12-15,6.65,6.73,6.59,6.63,-0.003008,4865038.0,32390017.0,2053071660.0,3421786100.0,0.0157107043891,28.2467547777,2009-09-30,2009-10-27,68.7297326922,0.728597910627,9.7892635243,4.10365810604
sh600981,2009-12-16,6.63,6.8,6.57,6.78,0.022624,7200958.0,48135798.0,2099521240.0,3499202070.0,0.023254108751,28.8858093578,2009-09-30,2009-10-27,70.2846741647,0.745081709757,10.0107358223,4.19649926703
sh600981,2009-12-17,6.73,6.77,6.5,6.51,-0.039823,5532838.0,36601537.0,2015911990.0,3359853320.0,0.0178672360493,27.7354897717,2009-09-30,2009-10-27,67.4857275854,0.715410320829,9.61207828962,4.02938207672
sh600981,2009-12-18,6.41,6.49,6.25,6.29,-0.033794,4833934.0,30622810.0,1947785930.0,3246309890.0,0.0156102600351,26.7981966304,2009-09-30,2009-10-27,65.2051149074,0.691233744447,9.2872477159,3.89321313882
sh600981,2009-12-21,6.3,6.57,6.27,6.55,0.041335,5551061.0,35632938.0,2028298550.0,3380497580.0,0.0179260836872,27.9059000881,2009-09-30,2009-10-27,67.9003683321,0.719805891274,9.67113610024,4.05413910392
sh600981,2009-12-22,6.55,6.6,6.25,6.3,-0.038168,3637636.0,23236511.0,1950882570.0,3251470950.0,0.0117470457486,26.8407876935,2009-09-30,2009-10-27,65.3087470736,0.692332340016,9.30200817757,3.8994007226
sh600981,2009-12-23,6.3,6.42,6.25,6.4,0.015873,2563673.0,16315443.0,1981848960.0,3303081600.0,0.00827888882107,27.2668315166,2009-09-30,2009-10-27,66.3453928159,0.703321731249,9.44965895337,3.96129591027
sh600981,2009-12-24,6.43,6.58,6.4,6.54,0.021875,4082764.0,26579365.0,2025201910.0,3375336510.0,0.0131845009765,27.863293456,2009-09-30,2009-10-27,67.7966982837,0.71870689412,9.65637024298,4.0479492583
sh600981,2009-12-25,6.52,6.59,6.47,6.55,0.001529,4031786.0,26353645.0,2028298550.0,3380497580.0,0.0130198773253,27.9058964317,2009-09-30,2009-10-27,67.9003594354,0.719805796961,9.67113483308,4.05413857272
sh600981,2009-12-28,6.55,6.71,6.55,6.63,0.012214,5708215.0,37935800.0,2053071660.0,3421786100.0,0.0184335823183,28.2467390507,2009-09-30,2009-10-27,68.7296944256,0.728597504965,9.78925807393,4.10365582125
sh600981,2009-12-29,6.63,7.29,6.59,7.29,0.099548,37097590.0,268367590.0,2257449830.0,3762416390.0,0.119799531093,31.0586454298,2009-09-30,2009-10-27,75.5715980462,0.801127929389,10.7637591367,4.51216655094
sh600981,2009-12-30,7.32,7.59,7.1,7.17,-0.016461,54997950.0,404477832.0,2220290160.0,3700483610.0,0.177605300696,30.5473890673,2009-09-30,2009-10-27,74.3276139708,0.787940562544,10.5865768975,4.43789177735
sh600981,2009-12-31,7.0,7.23,6.92,7.14,-0.004184,18364087.0,129874878.0,2211000250.0,3685000410.0,0.059303286456,30.4195787915,2009-09-30,2009-10-27,74.0166272339,0.78464381923,10.5422826598,4.41932363815
sh600981,2010-01-04,7.16,7.53,7.05,7.25,0.015406,19821603.0,145665852.0,2245063280.0,3741772130.0,0.0640100539839,30.8882228223,2009-09-30,2009-10-27,75.1569273931,0.796732041909,10.7046970664,4.48740773812
sh600981,2010-01-05,7.24,7.44,7.11,7.41,0.022069,15236281.0,110783745.0,2294609500.0,3824349170.0,0.0492026387104,31.5698950118,2009-09-30,2009-10-27,76.8155656237,0.814315121342,10.940939026,4.58644033949
sh600981,2010-01-06,7.35,7.51,7.17,7.18,-0.031039,12421786.0,90630020.0,2223386800.0,3705644670.0,0.0401137685445,30.5899970405,2009-09-30,2009-10-27,74.4312872824,0.789039594291,10.6013432196,4.44408181779
sh600981,2010-01-07,7.12,7.16,6.88,6.93,-0.034819,12036982.0,84572106.0,2145970830.0,3576618050.0,0.0388711179546,29.5248839336,2009-09-30,2009-10-27,71.8396642905,0.761566024657,10.23221505,4.28934333298
sh600981,2010-01-08,6.84,7.08,6.82,7.06,0.018759,7900275.0,55006603.0,2186227130.0,3643711890.0,0.0255124185107,30.0787412313,2009-09-30,2009-10-27,73.1873045529,0.775852241714,10.4241611721,4.36980712456
sh600981,2010-01-11,7.03,7.23,7.02,7.1,0.005666,9452397.0,67394773.0,2198613690.0,3664356150.0,0.0305246979063,30.2491673791,2009-09-30,2009-10-27,73.6019838205,0.780248220515,10.4832244693,4.39456645173
sh600981,2010-01-12,7.05,7.22,6.98,7.16,0.008451,8892395.0,63359349.0,2217193520.0,3695322540.0,0.0287162792177,30.5048030926,2009-09-30,2009-10-27,74.2239941858,0.786842098227,10.5718181993,4.43170493282
sh600981,2010-01-13,7.09,7.35,6.98,7.24,0.011173,15132328.0,109007551.0,2241966640.0,3736611060.0,0.0488669424269,30.8456332576,2009-09-30,2009-10-27,75.0532988728,0.79563348499,10.6899371241,4.48122037203
sh600981,2010-01-14,7.2,7.4,7.18,7.36,0.016575,12051983.0,88408324.0,2279126300.0,3798543840.0,0.0389195609212,31.3568996288,2009-09-30,2009-10-27,76.2973073016,0.808821110004,10.8671228319,4.5554965997
sh600981,2010-01-15,7.34,7.45,7.27,7.38,0.002717,10078201.0,74260270.0,2285319580.0,3808865970.0,0.032545611577,31.4420963251,2009-09-30,2009-10-27,76.5046070855,0.81101867696,10.8966488046,4.56787388396
sh600981,2010-01-18,7.38,7.4,7.22,7.36,-0.00271,9174024.0,67153123.0,2279126300.0,3798543840.0,0.029625745901,31.3568882441,2009-09-30,2009-10-27,76.2972796003,0.808820816345,10.8671188864,4.55549494573
sh600981,2010-01-19,7.39,7.46,7.27,7.42,0.008152,10197448.0,75247224.0,2297706140.0,3829510230.0,0.0329306967687,31.612509597,2009-09-30,2009-10-27,76.9192550236,0.81541432364,10.9557076395,4.59263134053
sh600981,2010-01-20,7.44,7.44,7.01,7.07,-0.04717,11083147.0,79722778.0,2189323770.0,3648872960.0,0.0357908913993,30.1213475193,2009-09-30,2009-10-27,73.2909737642,0.776951229994,10.4389269102,4.3759969202
sh600981,2010-01-21,7.1,7.18,7.0,7.12,0.007072,5636695.0,40084522.0,2204806970.0,3674678280.0,0.0182026222459,30.334365689,2009-09-30,2009-10-27,73.8092875306,0.782445829093,10.5127510013,4.40694397042
sh600981,2010-01-22,7.0,7.0,6.73,6.85,-0.037921,8880991.0,61067389.0,2121197720.0,3535329530.0,0.0286794520739,29.1840562077,2009-09-30,2009-10-27,71.0103655382,0.752774700808,10.1140969706,4.23982824811
sh600981,2010-01-25,6.85,7.01,6.78,6.88,0.00438,4760409.0,32840806.0,2130487630.0,3550812720.0,0.0153728251968,29.3118823739,2009-09-30,2009-10-27,71.3213909393,0.756071853997,10.1583967153,4.25839869584
sh600981,2010-01-26,6.88,6.92,6.45,6.6,-0.040698,5893747.0,39183461.0,2043781740.0,3406302900.0,0.0190327222514,28.118947385,2009-09-30,2009-10-27,68.4187529708,0.725301241683,9.74497028578,4.08509038572
sh600981,2010-01-27,6.6,6.66,6.42,6.52,-0.012121,3616695.0,23632084.0,2019008630.0,3365014380.0,0.0116794208056,27.7781176238,2009-09-30,2009-10-27,67.589449266,0.716509865333,9.62685150094,4.03557500515
sh600981,2010-01-28,6.53,7.1,6.46,6.85,0.050613,10996523.0,75406845.0,2121197720.0,3535329530.0,0.035511155721,29.1840514911,2009-09-30,2009-10-27,71.0103540617,0.752774579147,10.114095336,4.23982756289
sh600981,2010-01-29,6.75,6.97,6.65,6.81,-0.005839,7521624.0,51178333.0,2108811160.0,3514685270.0,0.024289637883,29.0136458144,2009-09-30,2009-10-27,70.5957246044,0.748379128379,10.0550391333,4.21507120975
sh600981,2010-02-01,6.76,6.78,6.48,6.6,-0.030837,4750583.0,31396807.0,2043781740.0,3406302900.0,0.0153410940055,28.1189520184,2009-09-30,2009-10-27,68.4187642448,0.725301361197,9.74497189154,4.08509105885
sh600981,2010-02-02,6.66,6.89,6.62,6.68,0.012121,5273479.0,35625359.0,2068554850.0,3447591420.0,0.0170296860729,28.4597818359,2009-09-30,2009-10-27,69.2480680862,0.734092738996,9.86309069584,4.13460644758
sh600981,2010-02-03,6.62,6.93,6.53,6.91,0.034431,6221143.0,42167883.0,2139777550.0,3566295920.0,0.0200899846482,29.4396805843,2009-09-30,2009-10-27,71.6323483184,0.759368286093,10.2026867716,4.27696508217
sh600981,2010-02-04,6.92,7.11,6.84,6.95,0.005789,8548723.0,59660166.0,2152164110.0,3586940180.0,0.0276064564844,29.6101068952,2009-09-30,2009-10-27,72.0470279829,0.763764269101,10.2617501253,4.30172443303
sh600981,2010-02-05,6.79,6.93,6.68,6.81,-0.020144,5258289.0,35708774.0,2108811160.0,3514685270.0,0.0169806328652,29.0136409019,2009-09-30,2009-10-27,70.5957126512,0.748379001664,10.0550374308,4.21507049606
sh600981,2010-02-08,6.85,6.97,6.76,6.93,0.017621,4958982.0,34247401.0,2145970830.0,3576618050.0,0.0160140784672,29.5248902682,2009-09-30,2009-10-27,71.8396797038,0.761566188052,10.2322172453,4.28934425327
sh600981,2010-02-09,6.89,6.95,6.76,6.85,-0.011544,3629064.0,24824075.0,2121197720.0,3535329530.0,0.0117193640959,29.1840549349,2009-09-30,2009-10-27,71.0103624413,0.752774667978,10.1140965295,4.23982806321
sh600981,2010-02-10,6.87,6.96,6.84,6.94,0.013139,2845006.0,19618981.0,2149067470.0,3581779110.0,0.00918739961198,29.5675042327,2009-09-30,2009-10-27,71.9433675934,0.76266537434,10.2469856438,4.29553516413
sh600981,2010-02-11,6.94,7.0,6.85,6.85,-0.012968,3700991.0,25641354.0,2121197720.0,3535329530.0,0.0119516385064,29.1840728378,2009-09-30,2009-10-27,71.0104060025,0.752775129766,10.1141027339,4.23983066412
sh600981,2010-02-12,6.9,6.93,6.84,6.88,0.00438,2372161.0,16355788.0,2130487630.0,3550812720.0,0.00766043766234,29.3118990769,2009-09-30,2009-10-27,71.3214315808,0.756072284834,10.1584025039,4.25840112243
sh600981,2010-02-22,6.88,7.02,6.84,6.96,0.011628,4586223.0,31842671.0,2155260740.0,3592101240.0,0.0148103250282,29.6527378393,2009-09-30,2009-10-27,72.1507571872,0.764863893362,10.2765244082,4.30791781068
sh600981,2010-02-23,6.96,7.1,6.81,7.09,0.018678,6103580.0,42486396.0,2195517050.0,3659195090.0,0.0197103375717,30.2065916767,2009-09-30,2009-10-27,73.4983890299,0.779150021162,10.4684693311,4.38838109955
sh600981,2010-02-24,7.05,7.15,7.01,7.14,0.007052,6027183.0,42863233.0,2211000250.0,3685000410.0,0.0194636281113,30.4196085612,2009-09-30,2009-10-27,74.0166996694,0.784644587112,10.5422929769,4.41932796306
sh600981,2010-02-25,7.16,7.24,7.09,7.2,0.008403,8058894.0,57823502.0,2229580080.0,3715966800.0,0.0260246480135,30.6752245319,2009-09-30,2009-10-27,74.6386619967,0.791237955577,10.6308798647,4.45646357594
sh600981,2010-02-26,7.19,7.33,7.13,7.2,0.0,8220960.0,59367474.0,2229580080.0,3715966800.0,0.0265480089865,30.6752245319,2009-09-30,2009-10-27,74.6386619967,0.791237955577,10.6308798647,4.45646357594
sh600981,2010-03-01,7.24,7.36,7.15,7.31,0.015278,9378942.0,68303314.0,2263643110.0,3772738520.0,0.0302874890998,31.1438806123,2009-09-30,2009-10-27,75.7789914747,0.803326489062,10.7932984473,4.52454942645
sh600981,2010-03-02,7.32,7.37,7.19,7.29,-0.002736,8111082.0,58901399.0,2257449830.0,3762416390.0,0.0261931791326,31.058670955,2009-09-30,2009-10-27,75.571660154,0.801128587788,10.7637679828,4.51217025922
sh600981,2010-03-03,7.26,7.52,7.2,7.5,0.028807,13605541.0,100708652.0,2322479250.0,3870798750.0,0.043936477581,31.9533780892,2009-09-30,2009-10-27,77.748652968,0.824206699017,11.073839847,4.64215234788
sh600981,2010-03-04,7.5,7.5,7.02,7.1,-0.053333,11715823.0,85069566.0,2198613690.0,3664356150.0,0.0378339967946,30.2492085756,2009-09-30,2009-10-27,73.6020840593,0.780249283138,10.4832387465,4.39457243671
sh600981,2010-03-05,7.14,7.18,7.02,7.11,0.001408,6381110.0,45307108.0,2201710330.0,3669517220.0,0.0206065673044,30.2917994612,2009-09-30,2009-10-27,73.7057157937,0.781347874129,10.4979991466,4.4007599947
sh600981,2010-03-08,7.13,7.22,7.08,7.17,0.008439,4964066.0,35555879.0,2220290160.0,3700483610.0,0.0160304963113,30.5474319569,2009-09-30,2009-10-27,74.3277183292,0.787941668838,10.5865917614,4.43789800829
sh600981,2010-03-09,7.17,7.21,7.06,7.15,-0.002789,4384288.0,31291666.0,2214096890.0,3690161480.0,0.0141582147293,30.4622351692,2009-09-30,2009-10-27,74.1204183228,0.785744099524,10.557065757,4.42552071075
sh600981,2010-03-10,7.14,7.17,6.93,7.01,-0.01958,5997991.0,42246720.0,2170743940.0,3617906570.0,0.0193693581888,29.8657846045,2009-09-30,2009-10-27,72.6691405321,0.770359230055,10.3503584095,4.33886901523
sh600981,2010-03-11,7.0,7.07,6.9,7.06,0.007133,5153339.0,36031965.0,2186227130.0,3643711890.0,0.0166417170662,30.0788172461,2009-09-30,2009-10-27,73.1874895115,0.775854202443,10.424187516,4.36981816792
sh600981,2010-03-12,7.06,7.08,6.85,6.86,-0.028329,4455795.0,30979828.0,2124294350.0,3540490590.0,0.0143891328902,29.2267144324,2009-09-30,2009-10-27,71.1141611211,0.753875028742,10.1288807079,4.24602558904
sh600981,2010-03-15,6.87,6.9,6.78,6.82,-0.005831,2912127.0,19852164.0,2111907800.0,3519846330.0,0.00940415397869,29.0562934605,2009-09-30,2009-10-27,70.6994944476,0.74947918345,10.0698192045,4.22126701383
sh600981,2010-03-16,6.83,7.08,6.79,7.03,0.030792,5377449.0,37363989.0,2176937220.0,3628228700.0,0.0173654371484,29.9509948487,2009-09-30,2009-10-27,72.8764732806,0.772557146467,10.3798890774,4.35124826772
sh600981,2010-03-17,6.99,7.1,6.94,7.09,0.008535,5382474.0,37881277.0,2195517050.0,3659195090.0,0.0173816644512,30.2066265898,2009-09-30,2009-10-27,73.4984739801,0.779150921712,10.4684814307,4.38838617168
sh600981,2010-03-18,7.08,7.28,7.06,7.16,0.009873,6645901.0,47721569.0,2217193520.0,3695322540.0,0.0214616589534,30.5048566141,2009-09-30,2009-10-27,74.2241244137,0.786843478762,10.5718367479,4.43171270836
sh600981,2010-03-19,7.18,7.23,7.08,7.19,0.00419,5125813.0,36746486.0,2226483440.0,3710805740.0,0.016552827121,30.6326719633,2009-09-30,2009-10-27,74.535123495,0.790140352938,10.6161327438,4.45028158461
sh600981,2010-03-22,7.22,7.29,7.16,7.23,0.005563,6045880.0,43699842.0,2238870000.0,3731450000.0,0.0195240064854,30.8030815174,2009-09-30,2009-10-27,74.949762387,0.794535903721,10.6751902903,4.47503850106
sh600981,2010-03-23,7.23,7.28,7.1,7.11,-0.016598,5764711.0,41392522.0,2201710330.0,3669517220.0,0.0186160253016,30.2918119704,2009-12-31,2010-03-23,45.3672449767,0.752333264802,6.81646266812,4.10799580072
sh600981,2010-03-24,7.15,7.31,7.11,7.28,0.02391,10906346.0,78906178.0,2254353190.0,3757255320.0,0.0352199465604,31.0160891946,2009-12-31,2010-03-23,46.4519758041,0.770321553163,6.97944429052,4.20621798031
sh600981,2010-03-25,7.26,7.3,7.05,7.08,-0.027473,7127875.0,50968015.0,2192420410.0,3654034020.0,0.0230181012591,30.1639841762,2009-12-31,2010-03-23,45.1758006729,0.749158509133,6.78769801752,4.09066055374
sh600981,2010-03-26,7.07,7.19,7.0,7.17,0.012712,4603773.0,32744194.0,2220290160.0,3700483610.0,0.01486699937,30.547428743,2009-12-31,2010-03-23,45.750075451,0.758681812101,6.87398323472,4.1426610307
sh600981,2010-03-29,7.19,7.28,7.15,7.25,0.011158,6194490.0,44740305.0,2245063280.0,3741772130.0,0.0200039138763,30.8882769529,2009-12-31,2010-03-23,46.2605547929,0.76714718376,6.95068313966,4.18888484248
sh600981,2010-03-30,7.25,7.34,7.2,7.31,0.008276,7261316.0,52885614.0,2263643110.0,3772738520.0,0.0234490232694,31.143908333,2009-12-31,2010-03-23,46.6434071444,0.773496093853,7.00820699332,4.22355205343
sh600981,2010-03-31,7.34,7.34,7.22,7.25,-0.008208,5607653.0,40673943.0,2245063280.0,3741772130.0,0.0181088366694,30.8882791334,2009-12-31,2010-03-23,46.2605580585,0.767147237915,6.95068363032,4.18888513818
sh600981,2010-04-01,7.26,7.4,7.25,7.38,0.017931,10618081.0,77824617.0,2285319580.0,3808865970.0,0.0342890501905,31.4421368666,2009-12-31,2010-03-23,47.0900561251,0.780902955038,7.07531633849,4.26399603759
sh600981,2010-04-02,7.38,7.39,7.29,7.37,-0.001355,8718222.0,63999934.0,2282222940.0,3803704910.0,0.0281538210023,31.3995327711,2009-12-31,2010-03-23,47.026249099,0.779844831534,7.06572928486,4.25821832296
sh600981,2010-04-06,7.39,7.5,7.32,7.42,0.006784,8774343.0,64937775.0,2297706140.0,3829510230.0,0.028335052915,31.6125472014,2009-12-31,2010-03-23,47.3452751729,0.785135298871,7.11366319232,4.28710607606
sh600981,2010-04-07,7.41,7.41,7.26,7.39,-0.004043,7203219.0,52731490.0,2288416220.0,3814027040.0,0.0232614102036,31.4847376731,2009-12-31,2010-03-23,47.1538582254,0.781960996858,7.08490265204,4.2697733062
sh600981,2010-04-08,7.36,7.49,7.31,7.47,0.010825,11270988.0,83678530.0,2313189330.0,3855315560.0,0.036397487775,31.8255599584,2009-12-31,2010-03-23,47.6642987407,0.790425724649,7.16159672325,4.31599360224
sh600981,2010-04-09,7.45,7.77,7.4,7.61,0.018742,21011597.0,159964686.0,2356542280.0,3927570470.0,0.0678529108207,32.4220346031,2009-12-31,2010-03-23,48.5576230277,0.80523988358,7.29581936903,4.39688395433
sh600981,2010-04-12,7.6,7.7,7.52,7.68,0.009198,12401123.0,94374111.0,2378218750.0,3963697920.0,0.0400470413582,32.7202524774,2009-12-31,2010-03-23,49.0042560443,0.812646480029,7.36292631559,4.43732649294
sh600981,2010-04-13,7.7,7.74,7.21,7.4,-0.036458,12338616.0,92288706.0,2291512860.0,3819188100.0,0.0398451869914,31.5273375126,2009-12-31,2010-03-23,47.2176588774,0.78301901466,7.09448874797,4.27555044366
sh600981,2010-04-14,7.4,7.51,7.29,7.48,0.010811,7602622.0,56419832.0,2316285970.0,3860476620.0,0.0245512053764,31.8681795584,2009-12-31,2010-03-23,47.7281289875,0.791484233228,7.17118726583,4.32177341951
sh600981,2010-04-15,7.47,7.61,7.31,7.4,-0.010695,8105952.0,60730118.0,2291512860.0,3819188100.0,0.0261766127728,31.5273493781,2009-12-31,2010-03-23,47.217676648,0.783019309353,7.09449141802,4.27555205279
sh600981,2010-04-20,7.01,7.33,6.9,7.24,-0.021622,10406040.0,74079359.0,2241966640.0,3736611060.0,0.033604304478,30.8456650298,2009-12-31,2010-03-23,46.1967360435,0.766088865847,6.94109432458,4.1831060663
sh600981,2010-04-21,7.2,7.33,7.15,7.32,0.01105,8808212.0,64002232.0,2266739750.0,3777899580.0,0.0284444263352,31.1865096284,2009-12-31,2010-03-23,46.7072099768,0.774554147814,7.01779341687,4.22932938834
sh600981,2010-04-22,7.35,7.6,7.28,7.55,0.031421,15067869.0,113126333.0,2337962450.0,3896604080.0,0.0486587844685,32.1664209474,2009-12-31,2010-03-23,48.1747972215,0.798891413693,7.23829950382,4.36221914705
sh600981,2010-04-23,7.5,7.57,7.38,7.49,-0.007947,7720469.0,57851509.0,2319382610.0,3865637690.0,0.0249317695841,31.9107944002,2009-12-31,2010-03-23,47.791952108,0.792542623628,7.18077673766,4.32755259148
sh600981,2010-04-26,7.54,7.59,7.4,7.5,0.001335,6546586.0,49032785.0,2322479250.0,3870798750.0,0.0211409402258,31.9533953107,2010-03-31,2010-04-24,46.82684072,0.735662801245,10.5906889604,4.2938728899
sh600981,2010-04-27,7.5,7.52,6.97,7.17,-0.044,8510334.0,61098130.0,2220290160.0,3700483610.0,0.0274824866944,30.547445917,2010-03-31,2010-04-24,44.7664597283,0.70329363799,10.1246986461,4.10494248274
sh600981,2010-04-28,7.03,7.89,7.02,7.76,0.082287,33909413.0,261537777.0,2402991860.0,4004986440.0,0.109503926859,33.0611035992,2010-03-31,2010-04-24,48.4501574,0.761165561579,10.9578297236,4.44272588482
sh600981,2010-04-29,7.65,8.18,7.62,7.73,-0.003866,35690289.0,282047548.0,2393701950.0,3989503250.0,0.115254923016,32.9332893727,2010-03-31,2010-04-24,48.2628490914,0.758222895518,10.9154667539,4.42555030655
sh600981,2010-04-30,7.65,7.77,7.1,7.28,-0.058215,15364320.0,112368914.0,2254353190.0,3757255320.0,0.0496161160976,31.0160779318,2010-03-31,2010-04-24,45.4532273316,0.714082949656,10.2800228568,4.16791689545
sh600981,2010-05-04,7.25,8.01,7.18,8.01,0.100275,8003347.0,63236526.0,2480407840.0,4134013070.0,0.0258452696513,34.1262151465,2010-03-31,2010-04-24,50.0110497023,0.785687617432,11.3108521488,4.58585476214
sh600981,2010-05-05,8.5,8.73,8.23,8.55,0.067416,54606976.0,461594556.0,2647626350.0,4412710580.0,0.176342724796,36.4268680668,2010-03-31,2010-04-24,53.382594629,0.838655533849,12.0733845573,4.89501474679
sh600981,2010-05-06,8.42,9.0,8.27,8.69,0.016374,46443571.0,404225996.0,2690979290.0,4484965490.0,0.149980579,37.0233216045,2010-03-31,2010-04-24,54.2566812334,0.85238767956,12.271074156,4.97516571825
sh600981,2010-05-07,8.7,8.95,8.25,8.43,-0.029919,32557622.0,278247154.0,2610466680.0,4350777800.0,0.105138577544,35.9156208454,2010-03-31,2010-04-24,52.6333755876,0.826885092576,11.9039358883,4.82631373513
sh600981,2010-05-10,8.31,8.48,7.6,7.83,-0.071174,25303496.0,202434161.0,2424668340.0,4041113900.0,0.0817127730055,33.3593624474,2010-03-31,2010-04-24,48.8872477135,0.768032372997,11.0566851554,4.48280568134
sh600981,2010-05-12,7.39,7.46,7.05,7.05,-0.099617,21464478.0,154086317.0,2183130500.0,3638550830.0,0.0693154027668,30.0362028384,2010-03-31,2010-04-24,44.0172467581,0.691523292096,9.95525135028,4.03624202779
sh600981,2010-05-13,6.89,7.29,6.65,7.2,0.021277,20442181.0,142015989.0,2229580080.0,3715966800.0,0.0660140914068,30.6752831262,2010-03-31,2010-04-24,44.9538017173,0.706236833182,10.1670692333,4.12212114941
sh600981,2010-05-14,7.12,7.51,7.0,7.38,0.025,23070804.0,168521918.0,2285319580.0,3808865970.0,0.0745027238247,31.4421652044,2010-03-31,2010-04-24,46.0776467603,0.723892754011,10.4212459641,4.22517417815
sh600981,2010-05-17,7.15,7.26,6.64,6.66,-0.097561,17621556.0,122279842.0,2062361570.0,3437269290.0,0.0569054256379,28.3746361249,2010-03-31,2010-04-24,41.5822654647,0.653269053037,9.40453878659,3.81296196015
sh600981,2010-05-18,6.52,6.86,6.36,6.74,0.012012,12848013.0,84749080.0,2087134690.0,3478557810.0,0.0414901865389,28.715472254,2010-03-31,2010-04-24,42.0817516375,0.661116120902,9.51750610649,3.85876325922
sh600981,2010-05-19,6.66,6.85,6.48,6.59,-0.022255,10857377.0,71869672.0,2040685100.0,3401141840.0,0.0350618105802,28.076409419,2010-03-31,2010-04-24,41.1452222548,0.646402981632,9.30569400809,3.77288648288
sh600981,2010-05-20,6.41,6.64,6.09,6.17,-0.063733,12500948.0,79613492.0,1910626260.0,3184377110.0,0.0403694070236,26.2870156175,2010-03-31,2010-04-24,38.5229138048,0.605205780403,8.71261421187,3.53242910867
sh600981,2010-05-21,5.95,6.28,5.9,6.23,0.009724,12596090.0,76365513.0,1929206100.0,3215343500.0,0.0406766496851,26.5426305574,2010-03-31,2010-04-24,38.8975106186,0.611090801412,8.79733567247,3.56677844932
sh600981,2010-05-24,6.25,6.6,6.25,6.49,0.041734,14815036.0,95501297.0,2009718710.0,3349531190.0,0.0478423090563,27.650360701,2010-03-31,2010-04-24,40.5208593268,0.636594064918,9.16448367942,3.71563438113
sh600981,2010-05-25,6.5,6.79,6.38,6.54,0.007704,15595405.0,102609455.0,2025201910.0,3375336510.0,0.0503623605115,27.8633790799,2010-03-31,2010-04-24,40.8330320271,0.641498385594,9.23508686169,3.7442596284
sh600981,2010-05-26,6.46,6.75,6.38,6.69,0.022936,12915901.0,85072538.0,2071651490.0,3452752490.0,0.0417094178761,28.5024535425,2010-03-31,2010-04-24,41.7695784496,0.656211792566,9.44690281395,3.83013796724
sh600981,2010-05-27,6.6,6.8,6.52,6.73,0.005979,12773476.0,85677145.0,2084038050.0,3473396750.0,0.0412494836551,28.6728697122,2010-03-31,2010-04-24,42.0193187592,0.660135282874,9.50338584587,3.85303836214
sh600981,2010-05-28,6.78,6.84,6.57,6.63,-0.014859,10684118.0,71389361.0,2053071660.0,3421786100.0,0.0345023038991,28.2468195411,2010-03-31,2010-04-24,41.3949537017,0.650326332706,9.36217503559,3.79578606512
sh600981,2010-05-31,6.6,6.67,6.25,6.28,-0.05279,9041785.0,58408628.0,1944689290.0,3241148820.0,0.0291987054652,26.7556699376,2010-03-31,2010-04-24,39.2097140958,0.615995605602,8.86794581546,3.59540651874
sh600981,2010-06-01,6.2,6.35,6.0,6.12,-0.025478,6949584.0,42825481.0,1895143070.0,3158571780.0,0.0224423447249,26.0739889789,2010-03-31,2010-04-24,38.2107290001,0.600301269563,8.64200829198,3.50380275146
sh600981,2010-06-02,6.13,6.27,6.05,6.26,0.022876,6001506.0,36998024.0,1938496010.0,3230826690.0,0.0193807092541,26.6704575508,2010-03-31,2010-04-24,39.0848376367,0.614033761405,8.83970287366,3.5839557432
sh600981,2010-06-03,6.34,6.4,6.14,6.17,-0.014377,6295599.0,39692703.0,1910626260.0,3184377110.0,0.0203304260196,26.2870163826,2010-03-31,2010-04-24,38.522914926,0.605205798017,8.71261446545,3.53242921148
sh600981,2010-06-04,6.11,6.2,6.01,6.17,0.0,5217827.0,31980749.0,1910626260.0,3184377110.0,0.0168499686537,26.2870163826,2010-03-31,2010-04-24,38.522914926,0.605205798017,8.71261446545,3.53242921148
sh600981,2010-06-07,6.0,6.08,5.94,6.04,-0.02107,5581943.0,33582791.0,1870369960.0,3117283260.0,0.0180258111716,25.7331489474,2010-03-31,2010-04-24,37.7112371085,0.592454111853,8.52903967866,3.45800092799
sh600981,2010-06-08,6.02,6.21,6.0,6.14,0.016556,7223892.0,43951678.0,1901336350.0,3168893910.0,0.0233281696213,26.1591869614,2010-03-31,2010-04-24,38.3355843501,0.602262782129,8.67024645958,3.51525159136
sh600981,2010-06-09,6.14,6.37,6.1,6.36,0.035831,10081318.0,62768724.0,1969462400.0,3282437340.0,0.0325556773666,27.0964967894,2010-03-31,2010-04-24,39.7091866729,0.623842459876,8.98091006047,3.64120657113
sh600981,2010-06-10,6.32,6.35,6.2,6.25,-0.017296,6571921.0,41277875.0,1935399380.0,3225665630.0,0.0212227546802,26.6278357809,2010-03-31,2010-04-24,39.0223765802,0.61305248069,8.82557624007,3.57822826227
sh600981,2010-06-11,6.28,6.32,6.2,6.22,-0.0048,4834565.0,30232535.0,1926109460.0,3210182430.0,0.015612297704,26.5000221692,2010-03-31,2010-04-24,38.8350691726,0.610109828782,8.78321347412,3.56105276661
sh600981,2010-06-17,6.27,6.34,6.2,6.22,0.0,4140120.0,25994143.0,1926109460.0,3210182430.0,0.013369721158,26.5000221692,2010-03-31,2010-04-24,38.8350691726,0.610109828782,8.78321347412,3.56105276661
sh600981,2010-06-18,6.25,6.27,5.7,5.82,-0.064309,7302548.0,43976278.0,1802243900.0,3003739830.0,0.0235821740665,24.7958322435,2010-03-31,2010-04-24,36.3376247092,0.570874275803,8.21837379881,3.33204502425
sh600981,2010-06-21,5.8,6.0,5.77,5.99,0.02921,4735137.0,27963139.0,1854886760.0,3091477940.0,0.0152912141278,25.5201185033,2010-03-31,2010-04-24,37.399046727,0.587549513399,8.45843249747,3.4293740594
sh600981,2010-06-22,5.99,6.03,5.93,6.01,0.003339,4129183.0,24750241.0,1861080040.0,3101800070.0,0.013334402227,25.605330179,2010-03-31,2010-04-24,37.523922144,0.589511341225,8.48667520358,3.44082473939
sh600981,2010-06-23,5.97,6.01,5.81,5.93,-0.013311,4241043.0,25075370.0,1836306930.0,3060511550.0,0.0136956325651,25.264497629,2010-03-31,2010-04-24,37.0244412163,0.581664355762,8.37370906995,3.39502392128
sh600981,2010-06-24,5.92,6.38,5.86,6.24,0.052277,14261874.0,88447907.0,1932302740.0,3220504560.0,0.046055978661,26.5852497715,2010-03-31,2010-04-24,38.9599679298,0.612072023288,8.811461459,3.57250558681
sh600981,2010-06-25,6.12,6.17,6.0,6.08,-0.025641,6173625.0,37598421.0,1882756510.0,3137927520.0,0.019936534438,25.9035773821,2010-03-31,2010-04-24,37.9609953921,0.596377884539,8.58552677573,3.48090297106
sh600981,2010-06-28,6.08,6.08,5.86,5.88,-0.032895,3999760.0,23794775.0,1820823730.0,3034706220.0,0.0129164555649,25.0514792042,2010-03-31,2010-04-24,36.7122684487,0.576760034027,8.30310587244,3.36639866783
sh600981,2010-06-30,5.42,5.46,5.29,5.29,-0.10034,8072261.0,43007001.0,1638122030.0,2730203390.0,0.0260678141848,22.5378137808,2010-03-31,2010-04-24,33.0285594325,0.518887932212,7.4699722292,3.0286142255
sh600981,2010-07-01,5.3,5.45,5.22,5.33,0.007561,4665105.0,24880405.0,1650508590.0,2750847650.0,0.0150650592191,22.7082221908,2010-03-31,2010-04-24,33.2782883704,0.522811243868,7.52645268922,3.05151357766
sh600981,2010-07-02,5.33,5.33,4.95,5.24,-0.016886,4888574.0,25191231.0,1622638840.0,2704398060.0,0.0157867093579,22.3247711509,2010-03-31,2010-04-24,32.716351193,0.513983053204,7.39936100911,2.99998571939
sh600981,2010-07-05,5.15,5.3,5.06,5.22,-0.003817,3071149.0,15903397.0,1616445560.0,2694075930.0,0.00991768493583,22.2395574994,2010-03-31,2010-04-24,32.5914728805,0.51202117989,7.37111764814,2.9885347739
sh600981,2010-07-06,5.2,5.39,5.18,5.33,0.021073,4034402.0,21437530.0,1650508590.0,2750847650.0,0.0130283252025,22.7082116946,2010-03-31,2010-04-24,33.2782729885,0.522811002214,7.52644921034,3.05151216719
sh600981,2010-07-07,5.71,5.86,5.56,5.6,0.050657,13731615.0,78511719.0,1734117840.0,2890196400.0,0.0443436093132,23.8585415744,2010-03-31,2010-04-24,34.9640504633,0.549295039153,7.90771654799,3.20609261904
sh600981,2010-07-08,5.49,5.64,5.41,5.52,-0.014286,8945252.0,49252759.0,1709344730.0,2848907880.0,0.0288869706463,23.5176984495,2010-03-31,2010-04-24,34.4645540384,0.541447810223,7.79474690938,3.16029037988
sh600981,2010-07-09,5.44,5.65,5.44,5.62,0.018116,6197837.0,34536728.0,1740311120.0,2900518530.0,0.0200147223906,23.9437450746,2010-03-31,2010-04-24,35.0889138993,0.551256678753,7.93595654439,3.21754220041
sh600981,2010-07-12,5.55,5.68,5.55,5.66,0.007117,6207598.0,35017446.0,1752697670.0,2921162790.0,0.0200462437312,24.1141527083,2010-03-31,2010-04-24,35.3386416995,0.555179972536,7.99243674712,3.24044144825
sh600981,2010-07-13,5.53,5.74,5.51,5.56,-0.007068,5860191.0,32949011.0,1721731280.0,2869552140.0,0.018924359648,23.9437138769,2010-03-31,2010-04-24,35.08886818,0.55125596049,7.93594620419,3.21753800809
sh600981,2010-07-14,5.56,5.67,5.55,5.6,0.007194,4719311.0,26478554.0,1734117840.0,2890196400.0,0.0152401070968,24.1159649546,2010-03-31,2010-04-24,35.3412974977,0.55522169587,7.99303740118,3.24068497652
sh600981,2010-07-15,5.6,5.64,5.36,5.37,-0.041071,4140464.0,22752042.0,1662895140.0,2771491910.0,0.0133708320778,23.1254981579,2010-03-31,2010-04-24,33.8897950682,0.532418185599,7.66475536208,3.10758680385
sh600981,2010-07-16,5.35,5.4,5.21,5.37,0.0,3584658.0,19070914.0,1662895140.0,2771491910.0,0.011575963509,23.1254981579,2010-03-31,2010-04-24,33.8897950682,0.532418185599,7.66475536208,3.10758680385
sh600981,2010-07-19,5.3,5.5,5.25,5.48,0.020484,3750378.0,20313601.0,1696958170.0,2828263620.0,0.0121111243655,23.5992008622,2010-03-31,2010-04-24,34.5839936303,0.543324239713,7.82176021092,3.17124261194
sh600981,2010-07-20,5.48,5.69,5.43,5.68,0.036496,6975135.0,39023702.0,1758890950.0,2931484920.0,0.0225248568139,24.4604772969,2010-03-31,2010-04-24,35.8461710619,0.563153401165,8.10722317158,3.2869802823
sh600981,2010-07-21,5.7,5.75,5.61,5.66,-0.003521,6648189.0,37782638.0,1752697670.0,2921162790.0,0.0214690476196,24.3743519563,2010-03-31,2010-04-24,35.7199566936,0.56117053804,8.07867763879,3.27540682473
sh600981,2010-07-22,5.63,5.8,5.62,5.77,0.019435,6329711.0,36302771.0,1786760700.0,2977934510.0,0.0204405841644,24.8480674866,2010-03-31,2010-04-24,36.4141740519,0.572076887447,8.2356867387,3.33906435637
sh600981,2010-07-23,5.74,5.8,5.61,5.76,-0.001733,6212915.0,35443739.0,1783664060.0,2972773440.0,0.0200634139592,24.8050057856,2010-03-31,2010-04-24,36.3510682883,0.571085478201,8.22141429358,3.33327775784
sh600981,2010-07-26,5.74,5.89,5.7,5.88,0.020833,8148365.0,47381292.0,1820823730.0,3034706220.0,0.0263135774268,25.3217684711,2010-03-31,2010-04-24,37.1083700939,0.582982901968,8.39269101756,3.40271993337
sh600981,2010-07-27,5.88,5.88,5.77,5.79,-0.015306,5612447.0,32601466.0,1792953980.0,2988256640.0,0.0181243180207,24.9341934829,2010-03-31,2010-04-24,36.5403893813,0.57405976567,8.26423248884,3.35063790207
sh600981,2010-07-28,5.78,5.93,5.73,5.92,0.022453,6512844.0,38188264.0,1833210290.0,3055350480.0,0.0210319769043,25.4940409292,2010-03-31,2010-04-24,37.360830744,0.586949129589,8.44978930092,3.42586977488
sh600981,2010-07-29,5.9,6.14,5.86,6.07,0.025338,13645609.0,82034881.0,1879659870.0,3132766460.0,0.0440658695501,26.1400089383,2010-03-31,2010-04-24,38.3074794734,0.601821246635,8.66389006222,3.51267446324
sh600981,2010-07-30,6.09,6.13,5.91,5.99,-0.01318,10574565.0,63703155.0,1854886760.0,3091477940.0,0.0341485236274,25.7954836204,2010-03-31,2010-04-24,37.802586894,0.593889242604,8.5496999912,3.46637741381
sh600981,2010-08-02,5.97,6.07,5.93,6.06,0.011686,8749182.0,52691571.0,1876563230.0,3127605390.0,0.0282538003902,26.096929642,2010-03-31,2010-04-24,38.2443479244,0.600829432293,8.6496117853,3.50688550027
sh600981,2010-08-03,6.08,6.2,5.94,5.96,-0.016502,12023215.0,73455989.0,1845596840.0,3075994740.0,0.0388266602147,25.6662781091,2010-03-31,2010-04-24,37.613239695,0.590914545001,8.50687589162,3.44901487575
sh600981,2010-08-04,5.94,6.15,5.92,6.13,0.028523,8525463.0,51374132.0,1898239710.0,3163732850.0,0.0275313428092,26.3983573596,2010-03-31,2010-04-24,38.6860821308,0.607769200568,8.74951751267,3.54739112705
sh600981,2010-08-05,6.11,6.17,6.02,6.08,-0.008157,6568725.0,40055158.0,1882756510.0,3137927520.0,0.0212124338903,26.1830259586,2010-03-31,2010-04-24,38.3705197588,0.602811627199,8.67814769832,3.51845505762
sh600981,2010-08-06,6.08,6.29,6.01,6.28,0.032895,11722513.0,72450669.0,1944689290.0,3241148820.0,0.0378556009017,27.0443165975,2010-03-31,2010-04-24,39.6327180063,0.622641115676,8.96361536686,3.63419463675
sh600981,2010-08-09,6.23,6.49,6.2,6.44,0.025478,13470903.0,85444653.0,1994235520.0,3323725860.0,0.0435016899709,27.7333516958,2010-03-31,2010-04-24,40.6424803957,0.638504766021,9.19199035918,3.7267866477
sh600981,2010-08-10,6.4,6.48,6.1,6.11,-0.051242,13506075.0,84658038.0,1892046430.0,3153410720.0,0.0436152712436,26.3122392882,2010-03-31,2010-04-24,38.5598784152,0.605786504801,8.72097438919,3.5358186463
sh600981,2010-08-11,6.08,6.18,6.04,6.12,0.001637,6536284.0,39932190.0,1895143070.0,3158571780.0,0.0211076718762,26.3553124239,2010-03-31,2010-04-24,38.6230009362,0.606778177309,8.73525062427,3.54160678142
sh600981,2010-08-12,6.08,6.17,6.01,6.04,-0.013072,6112810.0,37130580.0,1870369960.0,3117283260.0,0.0197401440301,26.0107957799,2010-03-31,2010-04-24,38.118121068,0.598846372975,8.62106342811,3.49531089758
sh600981,2010-08-13,6.03,6.14,5.99,6.12,0.013245,4795415.0,29083980.0,1895143070.0,3158571780.0,0.0154858703095,26.35530877,2010-03-31,2010-04-24,38.6229955815,0.606778093185,8.73524941321,3.54160629041
sh600981,2010-08-16,6.1,6.24,6.08,6.21,0.014706,7073490.0,43722481.0,1923012820.0,3205021370.0,0.0228424753299,26.7428899408,2010-03-31,2010-04-24,39.1909853545,0.615701371824,8.86370999108,3.59368915252
sh600981,2010-08-17,6.21,6.29,6.17,6.25,0.006441,6657024.0,41509555.0,1935399380.0,3225665630.0,0.0214975784481,26.9151408949,2010-03-31,2010-04-24,39.4434144912,0.61966710436,8.92080114714,3.61683610435
sh600981,2010-08-18,6.24,6.3,6.13,6.2,-0.008,5915831.0,36695167.0,1919916180.0,3199860300.0,0.0191040382815,26.6998197677,2010-03-31,2010-04-24,39.1278671753,0.614709767525,8.84943473796,3.58790141552
sh600981,2010-08-19,6.16,6.38,6.16,6.36,0.025806,12184361.0,76824651.0,1969462400.0,3282437340.0,0.0393470502204,27.3888353167,2010-03-31,2010-04-24,40.1376009156,0.630572967786,9.07780325081,3.68049079945
sh600981,2010-08-20,6.33,6.33,6.09,6.1,-0.040881,8114313.0,50078641.0,1888949790.0,3148249650.0,0.026203613014,26.2691523401,2010-06-30,2010-08-20,34.9880983108,0.579686125621,12.4582597241,3.50893743622
sh600981,2010-08-23,6.08,6.18,6.06,6.12,0.003279,4863117.0,29758629.0,1895143070.0,3158571780.0,0.0157045008955,26.3552888906,2010-06-30,2010-08-20,35.1028242852,0.581586916427,12.4991103577,3.52044324207
sh600981,2010-08-24,6.14,6.31,6.11,6.27,0.02451,8626185.0,53930466.0,1941592650.0,3235987760.0,0.0278566052205,27.0012570213,2010-06-30,2010-08-20,35.9631945084,0.595841611749,12.8054635526,3.60672930594
sh600981,2010-08-25,6.26,6.44,6.11,6.11,-0.025518,10412606.0,65497862.0,1892046430.0,3153410720.0,0.0336255081542,26.3122389446,2010-06-30,2010-08-20,35.0454857109,0.5806369255,12.4786937336,3.51469278751
sh600981,2010-08-26,6.09,6.16,6.08,6.11,0.0,5380525.0,32908550.0,1892046430.0,3153410720.0,0.0173753705135,26.3122389446,2010-06-30,2010-08-20,35.0454857109,0.5806369255,12.4786937336,3.51469278751
sh600981,2010-08-27,6.12,6.26,6.11,6.21,0.016367,5367016.0,33160745.0,1923012820.0,3205021370.0,0.0173317457967,26.7428913594,2010-06-30,2010-08-20,35.6190751756,0.59014021006,12.682932514,3.57221776436
sh600981,2010-08-30,6.26,6.3,6.18,6.28,0.011272,8048572.0,50346787.0,1944689290.0,3241148820.0,0.0259913151267,27.0443372308,2010-06-30,2010-08-20,36.020573391,0.596792270508,12.8258945293,3.612483803
sh600981,2010-08-31,6.26,6.28,6.17,6.22,-0.009554,6562188.0,40838943.0,1926109460.0,3210182430.0,0.0211913238617,26.7859556329,2010-06-30,2010-08-20,35.6764328328,0.591090517155,12.703355933,3.57797013275
sh600981,2010-09-01,6.22,6.32,6.07,6.12,-0.016077,7818598.0,48399513.0,1895143070.0,3158571780.0,0.0252486582768,26.3553178242,2010-06-30,2010-08-20,35.1028628221,0.581587554911,12.4991240796,3.52044710692
sh600981,2010-09-02,6.17,6.27,6.13,6.24,0.019608,7146231.0,44322854.0,1932302740.0,3220504560.0,0.0230773783615,26.8720928961,2010-06-30,2010-08-20,35.7911597563,0.592991323688,12.7442069046,3.5894760338
sh600981,2010-09-03,6.28,6.4,6.23,6.37,0.020833,14119011.0,89411953.0,1972559040.0,3287598410.0,0.0455946302474,27.4319192074,2010-06-30,2010-08-20,36.5367969875,0.605345111934,13.009706967,3.66425558801
sh600981,2010-09-06,6.51,6.6,6.34,6.39,0.00314,12451019.0,80397722.0,1978752320.0,3297920540.0,0.0402081708791,27.5180554337,2010-06-30,2010-08-20,36.6515225301,0.607245895585,13.0505574469,3.67576135055
sh600981,2010-09-07,6.4,6.43,6.31,6.4,0.001565,6545789.0,41628297.0,1981848960.0,3303081600.0,0.0211383664676,27.5611211905,2010-06-30,2010-08-20,36.7088821628,0.608196235412,13.0709815693,3.68151391707
sh600981,2010-09-08,6.36,6.53,6.3,6.5,0.015625,8847621.0,56755408.0,2012815350.0,3354692250.0,0.0285716901453,27.9917637091,2010-06-30,2010-08-20,37.2824584466,0.61769930159,13.2752156563,3.73903757202
sh600981,2010-09-09,6.5,7.1,6.49,6.87,0.056923,35847566.0,247084439.0,2127390990.0,3545651660.0,0.115762819142,29.5851388747,2010-06-30,2010-08-20,39.4046878288,0.652860598935,14.0308807571,3.95187480773
sh600981,2010-09-10,6.75,6.88,6.6,6.83,-0.005822,14783123.0,99969704.0,2115004440.0,3525007400.0,0.0477392520698,29.4128941962,2010-06-30,2010-08-20,39.1752737363,0.649059644528,13.9491929694,3.9288669926
sh600981,2010-09-13,6.78,7.23,6.72,7.05,0.032211,17616978.0,124499682.0,2183130500.0,3638550830.0,0.0568906416268,30.3603129311,2010-06-30,2010-08-20,40.4371484786,0.669966504738,14.3985104241,4.0554197273
sh600981,2010-09-14,7.05,7.15,6.87,7.09,0.005674,12132887.0,84965334.0,2195517050.0,3659195090.0,0.0391808247766,30.5325773467,2010-06-30,2010-08-20,40.666588859,0.673767894686,14.4802075722,4.07843017884
sh600981,2010-09-15,7.03,7.07,6.72,6.79,-0.042313,10228334.0,70462287.0,2102617880.0,3504363140.0,0.0330304372091,29.2406524014,2010-06-30,2010-08-20,38.9458634847,0.645258753758,13.8675065492,3.90585956268
sh600981,2010-09-16,6.75,6.9,6.43,6.6,-0.027982,8579165.0,56576281.0,2043781740.0,3406302900.0,0.0277047631319,28.4224404659,2010-06-30,2010-08-20,37.8560803326,0.62720312331,13.479465981,3.7965658004
sh600981,2010-09-17,6.6,6.67,6.49,6.59,-0.001515,5476015.0,36053109.0,2040685100.0,3401141840.0,0.0176837371185,28.3793804686,2010-06-30,2010-08-20,37.7987283709,0.626252910578,13.45904459,3.79081400321
sh600981,2010-09-20,6.63,6.78,6.57,6.61,0.003035,7289279.0,48695957.0,2046878380.0,3411463970.0,0.023539324398,28.4655118884,2010-06-30,2010-08-20,37.9134475115,0.628153588162,13.4998927903,3.80231912371
sh600981,2010-09-21,6.65,6.74,6.48,6.57,-0.006051,4736225.0,31215014.0,2034491820.0,3390819710.0,0.0152947276288,28.2932670759,2010-06-30,2010-08-20,37.6840332406,0.6243526308,13.4182049391,3.77931129069
sh600981,2010-09-27,6.58,6.75,6.53,6.75,0.027397,5655473.0,37757057.0,2090231330.0,3483718880.0,0.0182632621577,29.068417714,2010-06-30,2010-08-20,38.7164626993,0.641458019826,13.7858234998,3.88285308212
sh600981,2010-09-28,6.75,6.92,6.64,6.74,-0.001481,7168343.0,48621667.0,2087134690.0,3478557810.0,0.0231487848156,29.0253673874,2010-06-30,2010-08-20,38.6591236181,0.640508020499,13.7654066952,3.87710257671
sh600981,2010-09-29,6.71,6.73,6.5,6.51,-0.034125,5714025.0,37669277.0,2015911990.0,3359853320.0,0.0184523446135,28.0348767253,2010-06-30,2010-08-20,37.3398810246,0.618650684299,13.2956621917,3.74479645128
sh600981,2010-09-30,6.48,6.6,6.42,6.53,0.003072,4726772.0,30841093.0,2022105270.0,3370175450.0,0.0152642009385,28.1209998666,2010-06-30,2010-08-20,37.4545891391,0.620551179201,13.336506466,3.75630046597
sh600981,2010-10-08,6.58,6.72,6.51,6.67,0.02144,5534681.0,36780664.0,2065458210.0,3442430360.0,0.0178731876981,28.7239141037,2010-06-30,2010-08-20,38.2576155303,0.633855796483,13.6224411646,3.83683554797
sh600981,2010-10-11,6.67,6.75,6.61,6.73,0.008996,9326978.0,62390527.0,2084038050.0,3473396750.0,0.0301196813273,28.982314435,2010-06-30,2010-08-20,38.6017810396,0.639557963228,13.7449886453,3.87135172055
sh600981,2010-10-12,6.72,6.82,6.66,6.76,0.004458,8470753.0,57190850.0,2093327960.0,3488879940.0,0.0273546674836,29.1115175927,2010-06-30,2010-08-20,38.7738677794,0.642409112628,13.8062638047,3.88861020652
sh600981,2010-10-13,6.7,6.98,6.67,6.94,0.026627,13135101.0,89455986.0,2149067470.0,3581779110.0,0.042417282013,29.8866699717,2010-06-30,2010-08-20,39.8062995568,0.65951454007,14.173883191,3.99215223049
sh600981,2010-10-14,6.95,6.96,6.6,6.61,-0.04755,8879354.0,59794935.0,2046878380.0,3411463970.0,0.0286741657509,28.4655588145,2010-06-30,2010-08-20,37.9135100129,0.62815462369,13.4999150453,3.80232539193
sh600981,2010-10-15,6.57,6.65,6.36,6.48,-0.019667,8536220.0,55716397.0,2006622070.0,3344370120.0,0.0275660805425,27.9057266693,2010-06-30,2010-08-20,37.1678650115,0.615800706706,13.2344122161,3.72754505845
sh600981,2010-10-18,6.47,6.48,6.2,6.36,-0.018519,7431081.0,47017340.0,1969462400.0,3282437340.0,0.023997246741,27.3889405171,2010-06-30,2010-08-20,36.4795533193,0.604396693418,12.9893241363,3.65851465151
sh600981,2010-10-19,6.36,6.54,6.32,6.53,0.02673,5068281.0,32709480.0,2022105270.0,3370175450.0,0.0163670385617,28.1210468972,2010-06-30,2010-08-20,37.4546517795,0.620552217034,13.3365287704,3.75630674815
sh600981,2010-10-20,6.4,6.51,6.3,6.47,-0.009188,6299532.0,40275027.0,2003525430.0,3339209060.0,0.0203431268851,27.8626707183,2010-06-30,2010-08-20,37.110518439,0.614850583263,13.2139927441,3.72179380175
sh600981,2010-10-21,6.48,6.54,6.38,6.45,-0.003091,4097769.0,26438387.0,1997332160.0,3328886930.0,0.0132329567306,27.7765472031,2010-06-30,2010-08-20,36.9958098265,0.612950080111,13.1731482925,3.71028973711
sh600981,2010-10-22,6.4,6.62,6.39,6.54,0.013953,7147904.0,46492893.0,2025201910.0,3375336510.0,0.0230827809954,28.1641133662,2010-06-30,2010-08-20,37.512012361,0.621502572578,13.3569532306,3.76205940981
sh600981,2010-10-25,6.51,6.69,6.51,6.66,0.018349,7484159.0,49607711.0,2062361570.0,3437269290.0,0.0241686519304,28.6808966824,2010-06-30,2010-08-20,38.2003202758,0.632906523283,13.6020399655,3.83108943792
sh600981,2010-10-26,6.66,6.75,6.58,6.74,0.012012,10180581.0,68057455.0,2087134690.0,3478557810.0,0.0328762280023,29.0254116133,2010-06-30,2010-08-20,38.659182523,0.64050899644,13.7654276695,3.87710848425
sh600981,2010-10-27,6.7,6.75,6.57,6.58,-0.023739,8891440.0,59315279.0,2037588460.0,3395980770.0,0.0287131952053,28.336377367,2010-06-30,2010-08-20,37.741452189,0.625303953374,13.4386501821,3.78506980594
sh600981,2010-10-29,6.59,6.77,6.44,6.68,0.015198,9554233.0,63403043.0,2068554850.0,3447591420.0,0.0308535577096,28.7670336302,2010-09-30,2010-10-28,41.0269183147,0.616160711617,18.0097188813,3.91416660514
sh600981,2010-11-01,6.66,6.77,6.59,6.75,0.010479,10659342.0,71278546.0,2090231330.0,3483718880.0,0.034422294541,29.0684833757,2010-09-30,2010-10-28,41.4568393917,0.622617459714,18.1984427255,3.955183157
sh600981,2010-11-02,6.72,7.05,6.71,6.88,0.019259,19153757.0,131945191.0,2130487630.0,3550812720.0,0.0618533739903,29.628313297,2010-09-30,2010-10-28,42.2552566616,0.634608449371,18.548926534,4.03135602942
sh600981,2010-11-03,6.85,6.98,6.73,6.76,-0.017442,10365056.0,71109206.0,2093327960.0,3488879940.0,0.0334719546573,29.1115362565,2010-09-30,2010-10-28,41.5182404749,0.623539608797,18.2253961574,3.96104111755
sh600981,2010-11-04,6.8,7.1,6.8,7.08,0.047337,18235720.0,127632247.0,2192420410.0,3654034020.0,0.0588887500824,30.4895890482,2010-09-30,2010-10-28,43.4835894242,0.653056103259,19.0881317353,4.14854492093
sh600981,2010-11-05,7.09,7.23,6.92,7.14,0.008475,18324451.0,129961193.0,2211000250.0,3685000410.0,0.0591752896184,30.7479883154,2010-09-30,2010-10-28,43.8521128446,0.658590753734,19.2499036517,4.18370383914
sh600981,2010-11-08,7.18,7.19,7.02,7.17,0.004202,14786956.0,105185915.0,2220290160.0,3700483610.0,0.0477516301383,30.8771913623,2010-09-30,2010-10-28,44.0363794228,0.661358152081,19.3307917469,4.20128376267
sh600981,2010-11-09,7.13,7.38,7.13,7.21,0.005579,13898095.0,100801540.0,2232676720.0,3721127870.0,0.04488122443,31.0494552129,2010-09-30,2010-10-28,44.2820583836,0.665047869211,19.438638234,4.22472272478
sh600981,2010-11-10,7.22,7.22,6.99,7.03,-0.024965,12142092.0,85779883.0,2176937220.0,3628228700.0,0.0392105504816,30.2743055635,2010-09-30,2010-10-28,43.176556796,0.648444949157,18.9533526305,4.11925252196
sh600981,2010-11-11,6.99,7.14,6.87,6.89,-0.019915,10962877.0,77293795.0,2133584270.0,3555973790.0,0.0354025025363,29.6713927682,2010-09-30,2010-10-28,42.3166956674,0.635531167994,18.5758966129,4.03721760798
sh600981,2010-11-12,6.87,7.05,6.4,6.5,-0.056604,12742215.0,85984731.0,2012815350.0,3354692250.0,0.0411485323281,27.991873252,2010-09-30,2010-10-28,39.9214014259,0.599557561761,17.524426561,3.8086949425
sh600981,2010-11-15,6.55,6.7,6.45,6.69,0.029231,6078123.0,40063421.0,2071651490.0,3452752490.0,0.0196281290875,28.810103699,2010-09-30,2010-10-28,41.088343911,0.617083228849,18.0366830738,3.92002690437
sh600981,2010-11-16,6.71,6.95,6.36,6.91,0.032885,9769408.0,65155015.0,2139777550.0,3566295920.0,0.0315484239378,29.7575239592,2010-09-30,2010-10-28,42.4395341005,0.63737601083,18.6298193967,4.04893698912
sh600981,2010-11-17,6.79,7.1,6.66,6.67,-0.034732,11256811.0,77345975.0,2065458210.0,3442430360.0,0.0363517058861,28.723985637,2010-09-30,2010-10-28,40.9655242021,0.615238667221,17.9827685094,3.90830930961
sh600981,2010-11-18,6.67,6.96,6.6,6.9,0.034483,9777986.0,66629393.0,2136680910.0,3561134850.0,0.0315761249535,29.7144748337,2010-09-30,2010-10-28,42.3781383732,0.636453942183,18.6028683159,4.04307953953
sh600981,2010-11-19,6.9,7.19,6.82,7.15,0.036232,19053933.0,134119370.0,2214096890.0,3690161480.0,0.0615310113868,30.7910896859,2010-09-30,2010-10-28,43.9135830827,0.659513941416,19.2768874407,4.18956839741
sh600981,2010-11-22,7.06,7.23,6.98,7.13,-0.002797,14625615.0,103735398.0,2207903610.0,3679839350.0,0.0472306102847,30.704967008,2010-09-30,2010-10-28,43.7907567908,0.657669280922,19.2229699865,4.1778501746
sh600981,2010-11-23,7.12,7.4,7.0,7.34,0.029453,23994713.0,173608574.0,2272933030.0,3788221710.0,0.0774863100212,31.6093204013,2010-09-30,2010-10-28,45.0805259506,0.677039614253,19.7891441216,4.30090039579
sh600981,2010-11-24,7.27,7.4,7.12,7.33,-0.001362,17559452.0,127244462.0,2269836390.0,3783060650.0,0.0567048725305,31.566268507,2010-09-30,2010-10-28,45.0191262742,0.676117486299,19.7621913073,4.29504256946
sh600981,2010-11-25,7.31,7.53,7.2,7.32,-0.001364,20627932.0,152126034.0,2266739750.0,3777899580.0,0.0666139384726,31.5232121167,2010-09-30,2010-10-28,44.957720186,0.675195262047,19.7352356783,4.28918413139
sh600981,2010-11-26,7.28,7.3,7.08,7.16,-0.021858,12198284.0,87424452.0,2217193520.0,3695322540.0,0.0393920118619,30.8341777463,2010-09-30,2010-10-28,43.9750343382,0.66043684401,19.3038628969,4.19543114465
sh600981,2010-11-29,7.15,7.54,7.06,7.45,0.040503,17339841.0,127899327.0,2306996060.0,3844993430.0,0.0559956810026,32.0830544475,2010-09-30,2010-10-28,45.756155154,0.687186517502,20.0857272558,4.3653586923
sh600981,2010-11-30,7.4,7.51,6.9,7.12,-0.044295,13865368.0,99363150.0,2204806970.0,3674678280.0,0.0447755388582,30.6619355508,2010-09-30,2010-10-28,43.7293862614,0.65674759071,19.196029967,4.17199512902
sh600981,2010-12-01,7.1,7.12,6.9,6.99,-0.018258,6692169.0,46752157.0,2164550660.0,3607584440.0,0.0216110725309,30.1021099315,2010-09-30,2010-10-28,42.9309751271,0.644756693198,18.8455488518,4.09582284196
sh600981,2010-12-02,7.05,7.09,6.98,7.01,0.002861,5819635.0,40926303.0,2170743940.0,3617906570.0,0.0187933917945,30.188232068,2010-09-30,2010-10-28,43.0538006469,0.646601342098,18.8994659671,4.10754099111
sh600981,2010-12-03,7.05,7.14,6.98,7.06,0.007133,6456942.0,45570558.0,2186227130.0,3643711890.0,0.0208514522094,30.4035647273,2010-09-30,2010-10-28,43.3609034069,0.651213549471,19.0342758579,4.136840081
sh600981,2010-12-06,7.0,7.06,6.78,6.84,-0.031161,5748577.0,39740558.0,2118101080.0,3530168460.0,0.0185639236254,29.4561592469,2010-09-30,2010-10-28,42.0097342958,0.630921084056,18.4411487878,4.00793200723
sh600981,2010-12-07,6.84,6.94,6.7,6.87,0.004386,3940100.0,26857031.0,2127390990.0,3545651660.0,0.0127237950745,29.5853539613,2010-09-30,2010-10-28,42.1939889905,0.633688303931,18.5220316664,4.02551079702
sh600981,2010-12-08,6.89,7.03,6.83,6.92,0.007278,3648911.0,25325879.0,2142874190.0,3571456980.0,0.0117834561813,29.8006761675,2010-09-30,2010-10-28,42.5010768423,0.638300287407,18.6568350129,4.0548084646
sh600981,2010-12-09,6.92,6.92,6.6,6.61,-0.044798,5183108.0,34855753.0,2046878380.0,3411463970.0,0.0167378502869,28.4656654765,2010-09-30,2010-10-28,40.597113602,0.609705711131,17.821046118,3.873161155
sh600981,2010-12-10,6.59,6.7,6.45,6.67,0.009077,3391336.0,22348370.0,2065458210.0,3442430360.0,0.0109516672913,28.724048322,2010-09-30,2010-10-28,40.9656136021,0.615240009871,17.9828077536,3.90831783881
sh600981,2010-12-13,6.68,6.89,6.65,6.86,0.028486,6093021.0,41445068.0,2124294350.0,3540490590.0,0.0196762393404,29.5422815625,2010-09-30,2010-10-28,42.1325600712,0.632765736792,18.4950660153,4.01965018076
sh600981,2010-12-14,6.83,6.97,6.78,6.92,0.008746,7658228.0,52848539.0,2142874190.0,3571456980.0,0.0247307742131,29.8006583571,2010-09-30,2010-10-28,42.5010514416,0.638299905926,18.6568238626,4.05480604124
sh600981,2010-12-15,6.9,7.02,6.8,6.87,-0.007225,7216010.0,49872745.0,2127390990.0,3545651660.0,0.0233027163004,29.5853486004,2010-09-30,2010-10-28,42.1939813449,0.633688189106,18.5220283102,4.02551006759
sh600981,2010-12-16,6.89,6.97,6.81,6.9,0.004367,4188431.0,28848083.0,2136680910.0,3561134850.0,0.0135257322536,29.7145478178,2010-09-30,2010-10-28,42.3782424614,0.636455505428,18.6029140079,4.04308947006
sh600981,2010-12-17,6.85,6.89,6.75,6.8,-0.014493,3571142.0,24345185.0,2105714520.0,3509524200.0,0.011532316166,29.2838948763,2010-09-30,2010-10-28,41.7640545934,0.627231355788,18.3333019752,3.98449297437
sh600981,2010-12-20,6.82,6.89,6.7,6.8,0.0,7587963.0,51653945.0,2105714520.0,3509524200.0,0.0245038669344,29.2838948763,2010-09-30,2010-10-28,41.7640545934,0.627231355788,18.3333019752,3.98449297437
sh600981,2010-12-21,6.8,6.91,6.69,6.89,0.013235,6693995.0,45662098.0,2133584270.0,3555973790.0,0.0216169692468,29.671467225,2010-09-30,2010-10-28,42.316801856,0.635532762782,18.5759432268,4.03722773889
sh600981,2010-12-22,6.87,7.28,6.84,7.12,0.033382,17786727.0,126015785.0,2204806970.0,3674678280.0,0.0574388134486,30.6619601439,2010-09-30,2010-10-28,43.7294213355,0.656748117469,19.1960453636,4.17199847527
sh600981,2010-12-23,7.05,7.15,6.9,7.02,-0.014045,6825650.0,47824140.0,2173840580.0,3623067630.0,0.0220421237145,30.2313129136,2010-09-30,2010-10-28,43.1152416129,0.647524090159,18.9264369065,4.11340275668
sh600981,2010-12-24,6.99,7.29,6.95,7.09,0.009972,12398409.0,88728062.0,2195517050.0,3659195090.0,0.0400382770018,30.532779566,2010-09-30,2010-10-28,43.5451868023,0.653981200386,19.1151713353,4.15442160897
sh600981,2010-12-27,7.05,7.45,6.96,7.29,0.028209,18920255.0,137069516.0,2257449830.0,3762416390.0,0.0610993241653,31.3940787448,2010-09-30,2010-10-28,44.7735529768,0.672429356068,19.6543912035,4.27161368814
sh600981,2010-12-28,7.23,7.58,6.99,7.09,-0.027435,28294500.0,207343773.0,2195517050.0,3659195090.0,0.091371645235,30.5327821944,2010-09-30,2010-10-28,43.5451905508,0.653981256684,19.1151729808,4.1544219666
sh600981,2010-12-29,6.85,6.95,6.48,6.8,-0.040903,14220465.0,94844530.0,2105714520.0,3509524200.0,0.045922256356,29.2838998043,2010-09-30,2010-10-28,41.7640616217,0.627231461342,18.3333050604,3.9844936449
sh600981,2010-12-30,6.67,6.74,6.55,6.62,-0.026471,7290583.0,48304350.0,2049975020.0,3416625030.0,0.0235435354037,28.5087256926,2010-09-30,2010-10-28,40.6585251466,0.610628017329,17.8480041421,3.87902011363
sh600981,2010-12-31,6.62,6.69,6.55,6.67,0.007553,7061664.0,46730094.0,2065458210.0,3442430360.0,0.0228042855827,28.7240520978,2010-09-30,2010-10-28,40.965618987,0.615240090744,17.9828101174,3.90831835255
sh600981,2011-01-04,6.69,6.77,6.57,6.76,0.013493,7360000.0,49073518.0,2093327960.0,3488879940.0,0.0237677043209,29.1116257327,2010-09-30,2010-10-28,41.518368084,0.623541525288,18.2254521743,3.96105329208
sh600981,2011-01-05,6.69,6.77,6.63,6.75,-0.001479,5734309.0,38441088.0,2090231330.0,3483718880.0,0.0185178478547,29.0685696383,2010-09-30,2010-10-28,41.4569624176,0.622619307372,18.1984967306,3.95519489426
sh600981,2011-01-06,6.75,6.89,6.66,6.81,0.008889,6222802.0,42158369.0,2108811160.0,3514685270.0,0.0200953420694,29.3269601538,2010-09-30,2010-10-28,41.8254733565,0.628153770395,18.360263168,3.99035262167
sh600981,2011-01-07,6.79,6.88,6.68,6.72,-0.013216,5679876.0,38568135.0,2080941410.0,3468235680.0,0.0183420669782,28.9393750484,2010-09-30,2010-10-28,41.2727079006,0.619852090166,18.11761393,3.93761612143
sh600981,2011-01-10,6.69,6.71,6.43,6.44,-0.041667,5396486.0,35486899.0,1994235520.0,3323725860.0,0.0174269134671,27.7335581082,2010-09-30,2010-10-28,39.5529979805,0.594024713125,17.3627073104,3.77354747049
sh600981,2011-01-11,6.41,6.44,6.25,6.39,-0.007764,4070207.0,25856692.0,1978752320.0,3297920540.0,0.0131439505931,27.5182347631,2010-09-30,2010-10-28,39.2459085042,0.589412705252,17.2279032508,3.74424964793
sh600981,2011-01-12,6.39,6.44,6.25,6.4,0.001565,3636143.0,23073865.0,1981848960.0,3303081600.0,0.0117422243923,27.5613008005,2010-09-30,2010-10-28,39.307328351,0.590335136136,17.2548649194,3.75010939863
sh600981,2011-01-13,6.39,6.48,6.38,6.4,0.0,2737377.0,17616265.0,1981848960.0,3303081600.0,0.00883983247644,27.5613008005,2010-09-30,2010-10-28,39.307328351,0.590335136136,17.2548649194,3.75010939863
sh600981,2011-01-14,6.38,6.38,6.13,6.17,-0.035938,4390507.0,27398626.0,1910626260.0,3184377110.0,0.0141782978477,26.5708027723,2010-09-30,2010-10-28,37.8947015847,0.569119672013,16.6347595839,3.61533796706
sh600981,2011-01-17,6.17,6.17,5.9,5.91,-0.042139,4050874.0,24235459.0,1830113650.0,3050189420.0,0.0130815183746,25.4511357143,2010-09-30,2010-10-28,36.2978567547,0.545137538154,15.9337874498,3.46299124047
sh600981,2011-01-18,5.91,6.07,5.84,6.01,0.01692,2262671.0,13511851.0,1861080040.0,3101800070.0,0.00730686075705,25.8817689306,2010-09-30,2010-10-28,36.912016491,0.5543612653,16.2033871335,3.52158505226
sh600981,2011-01-19,6.01,6.11,6.0,6.1,0.014975,2006757.0,12151060.0,1888949790.0,3148249650.0,0.00648043572402,26.2693484203,2010-09-30,2010-10-28,37.4647739379,0.562662825248,16.4460328558,3.57432078842
sh600981,2011-01-20,6.08,6.1,5.8,5.8,-0.04918,2404330.0,14282391.0,1796050620.0,2993417700.0,0.00776432125282,24.977421865,2010-09-30,2010-10-28,35.6222563556,0.534991067502,15.6372169599,3.39853569204
sh600981,2011-01-21,5.79,5.93,5.77,5.88,0.013793,2063388.0,12109422.0,1820823730.0,3034706220.0,0.00666331465265,25.3219354448,2010-09-30,2010-10-28,36.1135941376,0.542370199296,15.8529010935,3.44541169484
sh600981,2011-01-24,5.89,5.92,5.81,5.84,-0.006803,1416446.0,8312210.0,1808437180.0,3014061960.0,0.00457413988801,25.149670318,2010-09-30,2010-10-28,35.8679133566,0.53868045483,15.7450538073,3.42197255908
sh600981,2011-01-25,5.85,5.93,5.77,5.8,-0.006849,1332449.0,7757788.0,1796050620.0,2993417700.0,0.00430288774378,24.977420226,2010-09-30,2010-10-28,35.6222540181,0.534991032395,15.6372159338,3.39853546903
sh600981,2011-01-26,5.83,5.96,5.8,5.96,0.027586,2135411.0,12615764.0,1845596840.0,3075994740.0,0.00689589908487,25.6664473403,2010-09-30,2010-10-28,36.6049295174,0.549749295015,16.0685841725,3.49228746847
sh600981,2011-01-27,5.95,6.2,5.9,6.1,0.02349,3917717.0,23997549.0,1888949790.0,3148249650.0,0.0126515134635,26.2693521883,2010-09-30,2010-10-28,37.4647793118,0.562662905955,16.4460352148,3.57432130111
sh600981,2011-01-28,6.01,6.11,5.99,6.08,-0.003279,2031149.0,12297765.0,1882756510.0,3137927520.0,0.00655920500309,26.1832149825,2010-09-30,2010-10-28,37.3419323004,0.560817934286,16.3921086653,3.56260110156
sh600981,2011-01-31,6.1,6.11,6.0,6.07,-0.001645,2106981.0,12804676.0,1879659870.0,3132766460.0,0.00680408986441,26.1401435939,2010-09-30,2010-10-28,37.2805048218,0.559895388784,16.3651436465,3.55674062275
sh600981,2011-02-01,6.09,6.68,6.08,6.26,0.031301,4034604.0,25583445.0,1938496010.0,3230826690.0,0.0130289775732,26.9583562285,2010-09-30,2010-10-28,38.4474219032,0.577420674349,16.8773890078,3.66807016098
sh600981,2011-02-09,6.18,6.34,6.18,6.21,-0.007987,2411679.0,15125229.0,1923012820.0,3205021370.0,0.00778805343066,26.7430398373,2010-09-30,2010-10-28,38.1403423444,0.572808815423,16.7425893018,3.63877328461
sh600981,2011-02-10,6.22,6.35,6.18,6.33,0.019324,2312240.0,14542266.0,1960172490.0,3266954150.0,0.00746693430026,27.2598223391,2010-09-30,2010-10-28,38.8773663199,0.583877772972,17.0661230975,3.70908893956
sh600981,2011-02-11,6.28,6.42,6.28,6.36,0.004739,3058332.0,19487186.0,1969462400.0,3282437340.0,0.00987629493206,27.3890066372,2010-09-30,2010-10-28,39.0616061589,0.586644769738,17.1469994548,3.72666631204
sh600981,2011-02-14,6.36,6.52,6.35,6.49,0.02044,3936483.0,25486297.0,2009718710.0,3349531190.0,0.0127121146571,27.9488379328,2010-09-30,2010-10-28,39.8600253888,0.598635788831,17.4974841237,3.80283937146
sh600981,2011-02-15,6.49,6.52,6.42,6.43,-0.009245,3347759.0,21629536.0,1991138880.0,3318564800.0,0.0108109437198,27.6904509262,2010-09-30,2010-10-28,39.4915194541,0.593101400964,17.335719883,3.76768212147
sh600981,2011-02-16,6.4,6.78,6.38,6.57,0.021773,4605498.0,30236141.0,2034491820.0,3390819710.0,0.0148725699276,28.2933551142,2010-09-30,2010-10-28,40.3513683071,0.606014997767,17.713170512,3.8497158643
sh600981,2011-02-17,6.63,6.69,6.5,6.59,0.003044,3406452.0,22445955.0,2040685100.0,3401141840.0,0.0110004814952,28.3794800871,2010-09-30,2010-10-28,40.4741978723,0.60785970742,17.767089403,3.86143439939
sh600981,2011-02-18,6.6,6.66,6.37,6.45,-0.021244,4593909.0,29941002.0,1997332160.0,3328886930.0,0.0148351454222,27.7765864122,2010-09-30,2010-10-28,39.6143640127,0.594946335796,17.3896453557,3.77940208701
sh600981,2011-02-21,6.4,6.58,6.39,6.56,0.017054,3258236.0,21226331.0,2031395180.0,3385658640.0,0.0105218464484,28.2502883168,2010-09-30,2010-10-28,40.2899473765,0.605092550606,17.6862083676,3.84385601021
sh600981,2011-02-22,6.56,6.62,6.3,6.31,-0.03811,4397915.0,28288578.0,1953979210.0,3256632020.0,0.0142022205293,27.1736698291,2010-09-30,2010-10-28,38.754497482,0.582032473503,17.0121869667,3.69736665766
sh600981,2011-02-23,6.31,6.4,6.29,6.4,0.014263,3346686.0,21250666.0,1981848960.0,3303081600.0,0.010807478689,27.5612478819,2010-09-30,2010-10-28,39.3072528796,0.590334002672,17.2548317895,3.75010219829
sh600981,2011-02-24,6.37,6.46,6.3,6.44,0.00625,2912792.0,18668867.0,1994235520.0,3323725860.0,0.00940630145832,27.7335056811,2010-09-30,2010-10-28,39.5529232101,0.594023590189,17.3626744881,3.77354033703
sh600981,2011-02-25,6.47,6.56,6.43,6.55,0.017081,4760344.0,30983858.0,2028298550.0,3380497580.0,0.0153726152395,28.2072216917,2010-09-30,2010-10-28,40.2285266915,0.604170107133,17.6592463311,3.83799617953
sh600981,2011-02-28,6.55,6.6,6.45,6.58,0.00458,4124576.0,26980370.0,2037588460.0,3395980770.0,0.0133195248269,28.336410767,2010-09-30,2010-10-28,40.4127733437,0.606937206224,17.7401256793,3.85557420203
sh600981,2011-03-01,6.57,6.64,6.5,6.6,0.00304,4949615.0,32543933.0,2043781740.0,3406302900.0,0.0159838295649,28.4225534557,2010-09-30,2010-10-28,40.5356281747,0.60878229533,17.7940556613,3.86729514761
sh600981,2011-03-02,6.55,6.71,6.49,6.7,0.015152,7285986.0,48176858.0,2074748130.0,3457913550.0,0.0235286902994,28.8532119857,2010-09-30,2010-10-28,41.1498240128,0.618006564669,18.0636711927,3.92589240368
sh600981,2011-03-03,6.7,6.8,6.52,6.56,-0.020896,6974379.0,46612905.0,2031395180.0,3385658640.0,0.022522415476,28.250295268,2010-09-30,2010-10-28,40.2899572902,0.605092699494,17.6862127195,3.84385695602
sh600981,2011-03-04,6.52,6.7,6.52,6.66,0.015244,3900257.0,25770900.0,2062361570.0,3437269290.0,0.0125951297764,28.6809427691,2010-09-30,2010-10-28,40.9041373991,0.614316732605,17.9558213462,3.90245271145
sh600981,2011-03-07,6.67,6.98,6.65,6.91,0.037538,11919655.0,80940718.0,2139777550.0,3566295920.0,0.0384922330127,29.7575679988,2010-09-30,2010-10-28,42.4395969088,0.637376954114,18.6298469679,4.04894298134
sh600981,2011-03-08,6.85,7.58,6.82,7.33,0.060781,27427007.0,197787040.0,2269836390.0,3783060650.0,0.0885702432985,31.5662627393,2010-09-30,2010-10-28,45.0191180485,0.676117362762,19.7621876964,4.29504178469
sh600981,2011-03-09,7.24,7.45,7.11,7.17,-0.021828,17288892.0,124850694.0,2220290160.0,3700483610.0,0.0558311512041,30.8772343562,2010-09-30,2010-10-28,44.0364407398,0.661359072967,19.3308186634,4.20128961261
sh600981,2011-03-10,7.17,7.18,7.0,7.09,-0.011158,8831064.0,62319958.0,2195517050.0,3659195090.0,0.0285182225116,30.5327061753,2010-09-30,2010-10-28,43.545082134,0.653979628431,19.1151253887,4.15441162311
sh600981,2011-03-11,7.04,7.1,6.92,7.01,-0.011283,7296018.0,51304502.0,2170743940.0,3617906570.0,0.0235610867028,30.1882056515,2010-09-30,2010-10-28,43.0537629723,0.646600776283,18.899449429,4.10753739677
sh600981,2011-03-14,6.98,7.16,6.93,7.08,0.009986,5461597.0,38581243.0,2192420410.0,3654034020.0,0.0176371769683,30.4896650731,2010-09-30,2010-10-28,43.4836978493,0.653057731635,19.088179331,4.14855526521
sh600981,2011-03-15,7.05,7.05,6.6,6.93,-0.021186,9043138.0,62055696.0,2145970830.0,3576618050.0,0.0292030746476,29.8437110289,2010-09-30,2010-10-28,42.5624522267,0.639222050533,18.6837771637,4.06066397336
sh600981,2011-03-16,6.87,6.98,6.83,6.93,0.0,4361702.0,30183300.0,2145970830.0,3576618050.0,0.014085277599,29.8437110289,2010-09-30,2010-10-28,42.5624522267,0.639222050533,18.6837771637,4.06066397336
sh600981,2011-03-17,6.91,6.95,6.75,6.82,-0.015873,4484798.0,30740722.0,2111907800.0,3519846330.0,0.014482792459,29.3700018037,2010-09-30,2010-10-28,41.8868584225,0.629075678925,18.3872095687,3.99620905411
sh600981,2011-03-18,6.85,7.06,6.84,7.03,0.030792,5042662.0,35132542.0,2176937220.0,3628228700.0,0.016284306931,30.2743628993,2010-09-30,2010-10-28,43.176638567,0.64844617723,18.9533885258,4.11926032331
sh600981,2011-03-21,7.03,7.18,6.98,7.09,0.008535,5343732.0,37844289.0,2195517050.0,3659195090.0,0.0172565546143,30.5327545866,2010-09-30,2010-10-28,43.5451511772,0.653980665353,19.1151556968,4.15441821017
sh600981,2011-03-22,7.06,7.11,6.9,7.09,0.0,3208014.0,22529011.0,2195517050.0,3659195090.0,0.0103596641438,30.5327545866,2010-09-30,2010-10-28,43.5451511772,0.653980665353,19.1151556968,4.15441821017
sh600981,2011-03-23,7.09,7.2,7.03,7.14,0.007052,4791684.0,34132322.0,2211000250.0,3685000410.0,0.015473821751,30.748071572,2010-09-30,2010-10-28,43.8522315833,0.658592537005,19.2499557748,4.18371516739
sh600981,2011-03-24,7.17,7.18,7.05,7.12,-0.002801,4635562.0,32883847.0,2204806970.0,3674678280.0,0.0149696557971,30.6619462235,2010-09-30,2010-10-28,43.7294014826,0.656747819309,19.1960366487,4.1719965812
sh600981,2011-03-25,7.12,7.17,7.08,7.11,-0.001404,5008912.0,35633374.0,2201710330.0,3669517220.0,0.016175317813,30.618896851,2010-09-30,2010-10-28,43.668005403,0.655825745371,19.1690854132,4.166139098
sh600981,2011-03-28,7.09,7.19,7.05,7.17,0.008439,6226800.0,44394958.0,2220290160.0,3700483610.0,0.0201082528781,30.8772897215,2010-09-30,2010-10-28,44.0365197006,0.661360258836,19.330853325,4.20129714585
sh600981,2011-03-29,7.16,7.26,7.04,7.08,-0.012552,7728857.0,55587012.0,2192420410.0,3654034020.0,0.0249588570287,30.4897179809,2010-12-31,2011-03-29,47.8142537802,0.661702712486,-64.7119040655,3.92956531681
sh600981,2011-03-30,7.08,7.13,6.86,6.92,-0.022599,5040603.0,35139977.0,2142874190.0,3571456980.0,0.0162776577938,29.8006808443,2010-12-31,2011-03-29,46.7336994591,0.646748892886,-63.2494797455,3.84076107022
sh600981,2011-03-31,6.92,6.99,6.68,6.7,-0.031792,4060140.0,27744125.0,2074748130.0,3457913550.0,0.0131114411464,28.8532575989,2010-12-31,2011-03-29,45.2479416858,0.626187452084,-61.2386522855,3.71865559427
sh600981,2011-04-01,6.71,6.9,6.7,6.89,0.028358,3341789.0,22759110.0,2133584270.0,3555973790.0,0.0107916647745,29.6714782779,2010-12-31,2011-03-29,46.5310828162,0.64394487585,-62.975257987,3.82410922962
sh600981,2011-04-06,6.83,7.0,6.83,6.93,0.005806,2872148.0,19895554.0,3576618050.0,3576618050.0,0.00556502969055,29.8437508808,2010-12-31,2011-03-29,46.801242283,0.647683619799,-63.3408923349,3.8463120078
sh600981,2011-04-07,6.94,6.98,6.82,6.96,0.004329,2780741.0,19245957.0,3592101240.0,3592101240.0,0.00538792090392,29.9729444783,2010-12-31,2011-03-29,47.0038448608,0.650487442189,-63.6150950578,3.86296269249
sh600981,2011-04-08,6.96,7.03,6.91,7.02,0.008621,3221124.0,22530151.0,3623067630.0,3623067630.0,0.0062412002174,30.2313412327,2010-12-31,2011-03-29,47.4090650074,0.656095294428,-64.1635207923,3.89626529386
sh600981,2011-04-11,7.04,7.18,7.0,7.04,0.002849,5494336.0,38942159.0,3633389760.0,3633389760.0,0.0106457407531,30.3174703238,2010-12-31,2011-03-29,47.5441334336,0.657964509922,-64.346322663,3.90736575368
sh600981,2011-04-12,7.04,7.19,7.0,7.08,0.005682,5858382.0,41580091.0,3654034020.0,3654034020.0,0.0113511106719,30.4897341902,2010-12-31,2011-03-29,47.8142791998,0.661703064267,-64.7119384684,3.92956740589
sh600981,2011-04-13,7.11,7.55,7.06,7.43,0.049435,17248020.0,126801797.0,3834671300.0,3834671300.0,0.0334194976764,31.9969941999,2010-12-31,2011-03-29,50.177978092,0.69441435525,-67.9109731466,4.1238255706
sh600981,2011-04-14,7.38,7.42,7.2,7.23,-0.026918,9748570.0,71050845.0,3731450000.0,3731450000.0,0.0188886789586,31.13569911,2010-12-31,2011-03-29,48.8272872777,0.675722109635,-66.0829455714,4.01282043389
sh600981,2011-04-15,7.21,7.35,7.09,7.28,0.006916,6195610.0,44678249.0,3757255320.0,3757255320.0,0.0120045184473,31.3510336051,2010-12-31,2011-03-29,49.1649767965,0.680395403745,-66.539975223,4.04057310001
sh600981,2011-04-18,7.28,7.64,7.25,7.48,0.027473,13332756.0,99838813.0,3860476620.0,3860476620.0,0.0258333425369,32.2123405513,2010-12-31,2011-03-29,50.5156862041,0.699087906672,-68.3680279623,4.15157976479
sh600981,2011-04-19,7.42,7.57,7.28,7.47,-0.001337,9785707.0,72626015.0,3855315560.0,3855315560.0,0.0189606350381,32.169272652,2010-12-31,2011-03-29,50.4481467316,0.698153226141,-68.2766199089,4.14602910264
sh600981,2011-04-20,7.46,7.62,7.32,7.35,-0.016064,8724876.0,65068815.0,3793382780.0,3793382780.0,0.0169051852447,31.6525054561,2010-12-31,2011-03-29,49.6377477025,0.686938092716,-67.1798242867,4.07942729114
sh600981,2011-04-21,7.4,7.45,7.3,7.43,0.010884,5619529.0,41396670.0,3834671300.0,3834671300.0,0.0108883127662,31.9970113255,2010-12-31,2011-03-29,50.1780049485,0.694414726917,-67.9110094942,4.12382777778
sh600981,2011-04-22,7.42,7.42,7.22,7.29,-0.018843,6066186.0,44245296.0,3762416390.0,3762416390.0,0.011753748484,31.3940916411,2010-12-31,2011-03-29,49.2325008013,0.681329870218,-66.6313623423,4.04612249096
sh600981,2011-04-25,7.25,7.33,7.12,7.14,-0.020576,4961753.0,35838819.0,3685000410.0,3685000410.0,0.00961381614066,30.7481268115,2010-12-31,2011-03-29,48.2194928648,0.667310826809,-65.2603554307,3.96286947459
sh600981,2011-04-27,7.03,7.09,6.88,6.95,-0.026611,5982730.0,41805068.0,3586940180.0,3586940180.0,0.0115920454241,29.9298884089,2011-03-31,2011-04-27,47.5760189483,0.627575202924,25.3201449988,3.81962783085
sh600981,2011-04-28,6.95,7.07,6.81,6.86,-0.01295,3305271.0,22906747.0,3540490590.0,3540490590.0,0.0064042421477,29.542296354,2011-03-31,2011-04-27,46.9599095029,0.619448104046,24.9922491211,3.77016365044
sh600981,2011-04-29,6.92,6.98,6.83,6.97,0.016035,2860134.0,19792897.0,3597262310.0,3597262310.0,0.00554175154939,30.0160070761,2011-03-31,2011-04-27,47.7129116518,0.629380954394,25.3929998357,3.83061822458
sh600981,2011-05-03,6.97,7.48,6.86,7.4,0.061693,11002003.0,79595196.0,3819188100.0,3819188100.0,0.0213173114464,31.8677846006,2011-03-31,2011-04-27,50.6564643103,0.668209353613,26.9595701746,4.06694055471
sh600981,2011-05-04,7.33,7.52,7.3,7.36,-0.005405,12035603.0,89158417.0,3798543840.0,3798543840.0,0.0233199988762,31.6955392248,2011-03-31,2011-04-27,50.3826661207,0.664597682057,26.8138536978,4.04495874101
sh600981,2011-05-05,7.32,7.66,7.3,7.59,0.03125,16012461.0,119906502.0,3917248340.0,3917248340.0,0.0310254976048,32.6860248256,2011-03-31,2011-04-27,51.957124437,0.685366359621,27.6517866259,4.17136370167
sh600981,2011-05-06,7.48,7.56,7.37,7.49,-0.013175,9782216.0,72940838.0,3865637690.0,3865637690.0,0.0189538709304,32.2553864485,2011-03-31,2011-04-27,51.2725893225,0.676336657833,27.2874743371,4.1164059849
sh600981,2011-05-09,7.51,7.87,7.4,7.74,0.033378,16153212.0,123956546.0,3994664310.0,3994664310.0,0.0312982146127,33.3320067374,2011-03-31,2011-04-27,52.9839658089,0.698911422799,28.1982756555,4.25380338386
sh600981,2011-05-10,7.76,7.96,7.62,7.72,-0.002584,14587466.0,113327747.0,3984342180.0,3984342180.0,0.0282644492949,33.245876832,2011-03-31,2011-04-27,52.8470552413,0.697105435682,28.1254113112,4.24281155592
sh600981,2011-05-11,7.69,7.88,7.51,7.72,0.0,11614200.0,89243078.0,3984342180.0,3984342180.0,0.0225034949182,33.245876832,2011-03-31,2011-04-27,52.8470552413,0.697105435682,28.1254113112,4.24281155592
sh600981,2011-05-12,7.67,8.1,7.62,7.79,0.009067,18581625.0,146433446.0,4020469640.0,4020469640.0,0.0360034701692,33.5473171972,2011-03-31,2011-04-27,53.3262194911,0.703426090667,28.3804244156,4.28128112829
sh600981,2011-05-13,7.8,8.03,7.67,7.96,0.021823,13744527.0,107976474.0,4108207740.0,4108207740.0,0.0266311836801,34.2794203004,2011-03-31,2011-04-27,54.4899575791,0.718776958244,28.9997704176,4.37471152636
sh600981,2011-05-16,7.95,8.34,7.8,8.16,0.025126,20003900.0,161121620.0,4211429040.0,4211429040.0,0.0387592483334,35.1407250149,2011-03-31,2011-04-27,55.8590722532,0.736836948097,29.7284186491,4.48463052817
sh600981,2011-05-17,8.14,8.15,7.58,7.69,-0.057598,18003293.0,141810599.0,3968858990.0,3968858990.0,0.0348829030003,33.1166895355,2011-03-31,2011-04-27,52.6417014096,0.69439661356,28.0161211917,4.22632477901
sh600981,2011-05-18,7.61,7.88,7.6,7.7,0.0013,9419889.0,72948429.0,3974020050.0,3974020050.0,0.018251831744,33.1597412319,2011-03-31,2011-04-27,52.7101356214,0.695299329158,28.0525421493,4.23181900122
sh600981,2011-05-19,7.7,8.13,7.65,7.84,0.018182,10907589.0,86438639.0,4046274960.0,4046274960.0,0.0211343763351,33.762651647,2011-03-31,2011-04-27,53.6685113073,0.707941261561,28.5625934706,4.3087619343
sh600981,2011-05-20,7.75,7.91,7.65,7.7,-0.017857,6684572.0,51861406.0,3974020050.0,3974020050.0,0.0129519236824,33.1597519765,2011-03-31,2011-04-27,52.7101527009,0.695299554453,28.052551239,4.23182037244
sh600981,2011-05-23,7.67,7.78,7.2,7.24,-0.05974,10558153.0,78221384.0,3736611060.0,3736611060.0,0.0204573145271,31.1787883934,2011-03-31,2011-04-27,49.5612481785,0.65376235907,26.376691828,3.97901142339
sh600981,2011-05-24,7.15,7.38,7.1,7.36,0.016575,6265243.0,45599408.0,3798543840.0,3798543840.0,0.0121394382749,31.6955768111,2011-03-31,2011-04-27,50.3827258671,0.664598470172,26.8138854951,4.04496353773
sh600981,2011-05-25,7.3,7.4,7.18,7.21,-0.02038,4397160.0,31945976.0,3721127870.0,3721127870.0,0.0085198694341,31.0496209556,2011-03-31,2011-04-27,49.3559259139,0.65105395335,26.2674185087,3.96252718083
sh600981,2011-05-26,7.3,7.46,7.2,7.32,0.015257,6802694.0,49945318.0,3777899580.0,3777899580.0,0.0131807950491,31.5233450226,2011-03-31,2011-04-27,50.1089492756,0.660987083516,26.6681805129,4.02298345803
sh600981,2011-05-27,7.32,7.37,6.6,6.68,-0.087432,10111568.0,69833414.0,3447591420.0,3447591420.0,0.019592018314,28.7671959206,2011-03-31,2011-04-27,45.7278236225,0.60319566083,24.3365281543,3.67124596833
sh600981,2011-05-30,6.67,6.72,6.32,6.43,-0.037425,4871693.0,31775814.0,3318564800.0,3318564800.0,0.00943931725847,27.6905836132,2011-03-31,2011-04-27,44.0164598234,0.580621063223,23.4257335881,3.53384958796
sh600981,2011-05-31,6.45,6.58,6.3,6.57,0.021773,6044287.0,39079014.0,3390819710.0,3390819710.0,0.0117113173174,28.2934906902,2011-03-31,2011-04-27,44.9748302032,0.593262925633,23.9357820855,3.61079209504
sh600981,2011-06-01,6.5,6.58,6.43,6.55,0.004566,2943744.0,19129946.0,3380497580.0,3380497580.0,0.00570375299603,28.4226787687,2011-03-31,2011-04-27,45.1801852779,0.595971764151,24.0450728665,3.62727897175
sh600981,2011-06-02,6.41,6.5,6.34,6.47,-0.012214,2873339.0,18444107.0,3339209060.0,3339209060.0,0.00556733735324,28.0755241702,2011-03-31,2011-04-27,44.6283544949,0.588692565024,23.7513863465,3.58297538639
sh600981,2011-06-03,6.47,6.63,6.42,6.6,0.020093,3200752.0,21018713.0,3406302900.0,3406302900.0,0.00620172774418,28.6396456774,2011-03-31,2011-04-27,45.5250720218,0.600521164733,24.2286229524,3.65496811083
sh600981,2011-06-07,6.62,6.69,6.59,6.65,0.007576,2624754.0,17413643.0,3432108230.0,3432108230.0,0.00508568288943,28.8566196331,2011-03-31,2011-04-27,45.8699699674,0.605070713077,24.4121789999,3.68265814923
sh600981,2011-06-08,6.68,6.7,6.5,6.64,-0.001504,3308281.0,21777771.0,3426947160.0,3426947160.0,0.00641007427731,28.8132192771,2011-03-31,2011-04-27,45.8009815326,0.604160686725,24.3754630827,3.67711943138
sh600981,2011-06-09,6.66,6.7,6.41,6.47,-0.025602,3574881.0,23413302.0,3339209060.0,3339209060.0,0.00692663431801,28.0755432372,2011-03-31,2011-04-27,44.6283848034,0.588692964823,23.7514024768,3.58297781969
sh600981,2011-06-10,6.39,6.49,6.22,6.39,-0.012365,3738649.0,23739482.0,3297920540.0,3297920540.0,0.00724394867015,27.7283891451,2011-03-31,2011-04-27,44.0765548253,0.581413776313,23.4577163852,3.53867429895
sh600981,2011-06-13,6.3,6.36,6.13,6.28,-0.017214,2898377.0,18102886.0,3241148820.0,3241148820.0,0.00561585060448,27.2510726543,2011-03-31,2011-04-27,43.3178210105,0.571405319568,23.0539152553,3.47775955957
sh600981,2011-06-14,6.28,6.47,6.25,6.44,0.025478,3995837.0,25518989.0,3323725860.0,3323725860.0,0.00774227218607,27.9453754834,2011-03-31,2011-04-27,44.4214724542,0.585963584299,23.6412829082,3.56636591763
sh600981,2011-06-15,6.42,6.49,6.35,6.42,-0.003106,2893560.0,18579222.0,3313403730.0,3313403730.0,0.00560651725952,27.8585771472,2011-03-31,2011-04-27,44.2834993608,0.584143581407,23.5678530835,3.55528878509
sh600981,2011-06-16,6.37,6.38,6.15,6.18,-0.037383,2891944.0,18119631.0,3189538170.0,3189538170.0,0.00560338612283,26.8171399577,2011-03-31,2011-04-27,42.6280493042,0.562306541903,22.6868160317,3.42238142444
sh600981,2011-06-17,6.2,6.28,6.11,6.11,-0.011327,1818808.0,11267070.0,3153410720.0,3153410720.0,0.00352409434316,26.5133822134,2011-03-31,2011-04-27,42.1452013897,0.555937295703,22.4298424665,3.38361611004
sh600981,2011-06-20,6.11,6.2,6.07,6.13,0.003273,1844005.0,11307004.0,3163732850.0,3163732850.0,0.00357291566195,26.6001605133,2011-03-31,2011-04-27,42.2831426339,0.557756878472,22.5032553409,3.39469068557
sh600981,2011-06-21,6.13,6.22,6.09,6.19,0.009788,1440359.0,8884758.0,3194699240.0,3194699240.0,0.00279081739475,26.8605228845,2011-03-31,2011-04-27,42.697010034,0.563216202798,22.7235172042,3.427917918
sh600981,2011-06-22,6.2,6.25,6.15,6.22,0.004847,1343834.0,8329156.0,3210182430.0,3210182430.0,0.0026037920468,26.9907158389,2011-03-31,2011-04-27,42.9039624416,0.565946111733,22.833658092,3.44453303615
sh600981,2011-06-23,6.21,6.81,6.08,6.66,0.07074,9940806.0,64540901.0,3437269290.0,3437269290.0,0.0192611524947,28.9000390773,2011-03-31,2011-04-27,45.9389887447,0.605981139677,24.4489110655,3.68819930313
sh600981,2011-06-24,6.55,6.81,6.51,6.68,0.003003,6772430.0,45208784.0,3447591420.0,3447591420.0,0.0131221559891,28.9868258947,2011-03-31,2011-04-27,46.0769435279,0.60780090104,24.5223311454,3.69927496563
sh600981,2011-06-27,6.7,6.76,6.61,6.73,0.007485,3860232.0,25791151.0,3473396750.0,3473396750.0,0.00747952601729,29.2037922865,2011-03-31,2011-04-27,46.4218294502,0.612350290784,24.705880794,3.72696403875
sh600981,2011-06-28,6.67,6.8,6.64,6.74,0.001486,3739668.0,25073426.0,3478557810.0,3478557810.0,0.00724592307983,29.2471891218,2011-03-31,2011-04-27,46.4908122888,0.613260243316,24.7425937329,3.73250230731
sh600981,2011-06-29,6.75,6.75,6.48,6.55,-0.02819,3595585.0,23790494.0,3380497580.0,3380497580.0,0.00696675006938,28.4227108605,2011-03-31,2011-04-27,45.1802362904,0.595972437057,24.0451000156,3.62728306727
sh600981,2011-06-30,6.55,6.67,6.53,6.58,0.00458,3542196.0,23386000.0,3395980770.0,3395980770.0,0.00686330437613,28.5528868762,2011-03-31,2011-04-27,45.3871617726,0.598701990819,24.1552265736,3.64389602372
sh600981,2011-07-01,6.7,6.88,6.63,6.65,0.010638,7918394.0,53466003.0,3432108230.0,3432108230.0,0.0153425581512,28.8566324868,2011-03-31,2011-04-27,45.8699903995,0.605070982597,24.4121898739,3.68265978962
sh600981,2011-07-04,6.63,6.82,6.62,6.8,0.022556,8052092.0,54299730.0,3509524200.0,3509524200.0,0.0156016093578,29.5075226892,2011-03-31,2011-04-27,46.904633903,0.61871896368,24.9628312287,3.76572586383
sh600981,2011-07-05,6.8,6.96,6.75,6.89,0.013235,7624951.0,52185777.0,3555973790.0,3555973790.0,0.0147739875186,29.898054752,2011-03-31,2011-04-27,47.5254167327,0.626907709165,25.2932143,3.81556524564
sh600981,2011-07-06,6.85,6.92,6.76,6.83,-0.008708,5003431.0,34185650.0,3525007400.0,3525007400.0,0.00969457077735,29.6377024912,2011-03-31,2011-04-27,47.1115654038,0.621448596833,25.0729609899,3.78233930348
sh600981,2011-07-07,6.83,6.86,6.72,6.75,-0.011713,5265071.0,35727126.0,3483718880.0,3483718880.0,0.010201520408,29.2905560819,2011-03-31,2011-04-27,46.5597476382,0.614169569419,24.7792813978,3.73803676322
sh600981,2011-07-08,6.73,6.8,6.65,6.75,0.0,4025847.0,27045442.0,3483718880.0,3483718880.0,0.00780041908835,29.2905560819,2011-03-31,2011-04-27,46.5597476382,0.614169569419,24.7792813978,3.73803676322
sh600981,2011-07-11,6.7,6.92,6.65,6.81,0.008889,6307784.0,42972819.0,3514685270.0,3514685270.0,0.0122218650434,29.5509198349,2011-03-31,2011-04-27,46.9736172349,0.619628922721,24.9995444302,3.77126417201
sh600981,2011-07-13,6.77,6.88,6.67,6.85,0.005874,6046591.0,41043245.0,3535329530.0,3535329530.0,0.011715781513,29.724501938,2011-03-31,2011-04-27,47.2495402626,0.623268623013,25.1463917542,3.79341657776
sh600981,2011-07-14,6.84,7.08,6.79,7.04,0.027737,10259724.0,71513185.0,3633389760.0,3633389760.0,0.0198790830962,30.5489704483,2011-03-31,2011-04-27,48.5601007608,0.64055622481,25.8438772222,3.89863457337
sh600981,2011-07-15,7.0,7.03,6.93,6.98,-0.008523,5598503.0,39035156.0,3602423370.0,3602423370.0,0.0108475731269,30.2886015732,2011-03-31,2011-04-27,48.1462230221,0.635096764106,25.6236098567,3.8654065109
sh600981,2011-07-18,6.98,7.15,6.96,7.04,0.008596,5716294.0,40293649.0,3633389760.0,3633389760.0,0.011075803153,30.5489623923,2011-03-31,2011-04-27,48.5600879552,0.64055605589,25.843870407,3.89863354527
sh600981,2011-07-19,6.98,7.0,6.83,6.91,-0.018466,4433990.0,30588657.0,3566295920.0,3566295920.0,0.00859123067387,29.9848452527,2011-03-31,2011-04-27,47.663377371,0.628727547762,25.3666374961,3.82664137822
sh600981,2011-07-20,6.97,7.15,6.91,6.99,0.011577,5239389.0,36859504.0,3607584440.0,3607584440.0,0.0101517593612,30.3319798062,2011-03-31,2011-04-27,48.2151762908,0.636006326582,25.6603070584,3.87094240546
sh600981,2011-07-21,7.02,7.2,6.91,7.08,0.012876,9367791.0,66364559.0,3654034020.0,3654034020.0,0.0181508874622,30.7225343782,2011-03-31,2011-04-27,48.8359949007,0.644195544043,25.990709172,3.92078465987
sh600981,2011-07-22,7.13,7.23,7.05,7.22,0.019774,7573636.0,54201307.0,3726288930.0,3726288930.0,0.0146745603863,31.330041773,2011-03-31,2011-04-27,49.8016778639,0.656933866731,26.5046494552,3.99831425574
sh600981,2011-07-25,7.19,7.3,6.72,6.79,-0.059557,9874196.0,69191841.0,3504363140.0,3504363140.0,0.019132089958,29.4641184751,2011-03-31,2011-04-27,46.8356393353,0.61780885643,24.9261120476,3.76018665361
sh600981,2011-07-26,6.78,6.95,6.64,6.88,0.013255,5932255.0,40422019.0,3550812720.0,3550812720.0,0.0114942458582,29.8546653655,2011-03-31,2011-04-27,47.4564457347,0.625997912822,25.2565076628,3.8100279277
sh600981,2011-07-27,6.85,7.12,6.8,7.09,0.030523,7035469.0,49198483.0,3659195090.0,3659195090.0,0.0136318162829,30.7659193165,2011-03-31,2011-04-27,48.9049588279,0.645105247115,26.0274120462,3.92632141014
sh600981,2011-07-28,7.0,7.15,6.87,7.02,-0.009873,6584273.0,46099337.0,3623067630.0,3623067630.0,0.0127575858859,30.4621673951,2011-03-31,2011-04-27,48.4221201694,0.638736123011,25.7704434071,3.88755683886
sh600981,2011-07-29,7.0,7.04,6.65,6.68,-0.048433,10295723.0,70012740.0,3447591420.0,3447591420.0,0.0199488342038,28.9867932416,2011-03-31,2011-04-27,46.0768916232,0.607800216365,24.5223035215,3.69927079848
sh600981,2011-08-01,6.65,6.7,6.47,6.56,-0.017964,4576093.0,30042853.0,3385658640.0,3385658640.0,0.00886656726858,28.4660744878,2011-03-31,2011-04-27,45.2491663421,0.596881693278,24.0817848611,3.63281709786
sh600981,2011-08-02,6.5,6.54,6.32,6.42,-0.021341,5056299.0,32534917.0,3313403730.0,3313403730.0,0.00979700701309,27.8585799922,2011-03-31,2011-04-27,44.2835038832,0.584143641062,23.5678554903,3.55528914817
sh600981,2011-08-03,6.37,6.53,6.33,6.46,0.006231,3475295.0,22488390.0,3334047990.0,3334047990.0,0.00673367802963,28.0321668041,2011-03-31,2011-04-27,44.5594343959,0.587783440089,23.7147067979,3.57744215485
sh600981,2011-08-04,6.45,6.55,6.45,6.48,0.003096,2249291.0,14623610.0,3344370120.0,3344370120.0,0.0043581915748,28.1189543925,2011-03-31,2011-04-27,44.6973904048,0.58960321762,23.7881275301,3.58851791576
sh600981,2011-08-05,6.31,6.43,6.22,6.33,-0.023148,2612849.0,16529583.0,3266954150.0,3266954150.0,0.00506261594458,27.4680568363,2011-03-31,2011-04-27,43.6627352117,0.575955082338,23.2374799541,3.50545090305
sh600981,2011-08-08,6.23,6.33,5.73,5.85,-0.075829,5393676.0,32333246.0,3019223030.0,3019223030.0,0.0104507034712,25.3851815544,2011-03-31,2011-04-27,40.3518336633,0.5322809844,21.4754050866,3.23963606652
sh600981,2011-08-09,5.55,6.12,5.52,6.0,0.025641,6911826.0,40578801.0,3096639000.0,3096639000.0,0.0133922475303,26.0360829947,2011-03-31,2011-04-27,41.3864950303,0.545929201121,22.0260559485,3.3227035749
sh600981,2011-08-10,6.05,6.23,5.98,6.0,0.0,6758271.0,41024077.0,3096639000.0,3096639000.0,0.0130947217289,26.0360829947,2011-03-31,2011-04-27,41.3864950303,0.545929201121,22.0260559485,3.3227035749
sh600981,2011-08-11,5.84,6.08,5.77,6.06,0.01,3863697.0,22987372.0,3127605390.0,3127605390.0,0.00748623975865,26.2964438246,2011-03-31,2011-04-27,41.8003599806,0.551388493132,22.246316508,3.35593061065
sh600981,2011-08-12,6.08,6.23,6.04,6.15,0.014851,6057043.0,37172694.0,3174054980.0,3174054980.0,0.0117360331452,26.6869723119,2011-03-31,2011-04-27,42.4211371267,0.559577163643,22.5766965544,3.40576953615
sh600981,2011-08-15,6.15,6.22,6.1,6.21,0.009756,2911773.0,17985584.0,3205021370.0,3205021370.0,0.00564180647881,26.9473304137,2011-03-31,2011-04-27,42.8349977405,0.565036398452,22.796954806,3.43899622375
sh600981,2011-08-16,6.21,6.25,6.13,6.24,0.004831,4150210.0,25707806.0,3220504560.0,3220504560.0,0.00804138293162,27.077512967,2011-03-31,2011-04-27,43.0419336146,0.567766089293,22.9070868947,3.4556100145
sh600981,2011-08-17,6.21,6.29,6.11,6.14,-0.016026,4050910.0,25104877.0,3168893910.0,3168893910.0,0.00784898078207,26.6435687441,2011-03-31,2011-04-27,42.3521435864,0.558667069946,22.5399779201,3.40023040841
sh600981,2011-08-18,6.19,6.19,6.03,6.06,-0.013029,2478472.0,15133667.0,3127605390.0,3127605390.0,0.00480224914819,26.296429687,2011-03-31,2011-04-27,41.8003375077,0.551388196691,22.2463045478,3.35592880642
sh600981,2011-08-19,6.02,6.03,5.9,5.95,-0.018152,2669102.0,15936470.0,3070833680.0,3070833680.0,0.00517161088972,25.8190968953,2011-06-30,2011-08-19,41.7081411488,0.511011437638,38.7591849497,3.32329827579
sh600981,2011-08-22,5.95,6.07,5.83,5.88,-0.011765,1709328.0,10131392.0,3034706220.0,3034706220.0,0.00331196758809,25.5153352203,2011-06-30,2011-08-19,41.2174448681,0.504999388075,38.3031831388,3.28419967158
sh600981,2011-08-23,5.88,6.06,5.88,6.05,0.028912,1509461.0,9035926.0,3122444330.0,3122444330.0,0.00292470836462,26.2530345922,2011-06-30,2011-08-19,42.4091236342,0.519599930383,39.4106047697,3.37915245248
sh600981,2011-08-24,6.07,6.11,6.02,6.06,0.001653,1885676.0,11438855.0,3127605390.0,3127605390.0,0.00365365675495,26.2964308584,2011-06-30,2011-08-19,42.4792259155,0.520458829067,39.4757504994,3.38473819149
sh600981,2011-08-25,6.07,6.45,6.07,6.41,0.057756,12734987.0,80364653.0,3308242670.0,3308242670.0,0.0246751144982,27.8152075191,2011-06-30,2011-08-19,44.9326560875,0.550518449199,41.7557119452,3.58022713048
sh600981,2011-08-26,6.33,7.05,6.31,6.89,0.074883,24514966.0,165712604.0,3555973790.0,3555973790.0,0.0474998202222,29.8980937037,2011-06-30,2011-08-19,48.2973481733,0.59174292223,44.8825049228,3.84832527869
sh600981,2011-08-29,6.89,7.05,6.68,6.79,-0.014514,19948223.0,135769512.0,3504363140.0,3504363140.0,0.0386513693812,29.4641527717,2011-06-30,2011-08-19,47.5963604619,0.583154365457,44.2310802464,3.79247068559
sh600981,2011-08-30,6.72,7.01,6.55,6.56,-0.033873,13476783.0,90299146.0,3385658640.0,3385658640.0,0.0261124070323,28.4661135249,2011-06-30,2011-08-19,45.984128944,0.563401177636,42.7328408652,3.66400832606
sh600981,2011-08-31,6.52,6.55,6.28,6.42,-0.021341,6153030.0,39307460.0,3313403730.0,3313403730.0,0.0119220160955,27.8586181961,2011-06-30,2011-08-19,45.0027816482,0.551377633104,41.8208793083,3.58581472437
sh600981,2011-09-01,6.48,6.5,6.33,6.39,-0.004673,3364096.0,21585318.0,3297920540.0,3297920540.0,0.00651822055118,27.7284348733,2011-06-30,2011-08-19,44.7924836496,0.548801045425,41.6254503393,3.56905821217
sh600981,2011-09-02,6.39,6.43,6.23,6.29,-0.015649,2346388.0,14777737.0,3246309890.0,3246309890.0,0.00454632521851,27.294512596,2011-06-30,2011-08-19,44.0915260729,0.540212857865,40.9740536669,3.5132060202
sh600981,2011-09-05,6.24,6.27,6.09,6.1,-0.030207,3136170.0,19298384.0,3148249650.0,3148249650.0,0.00607659465634,26.470027254,2011-06-30,2011-08-19,42.7596533449,0.523894648067,39.7363504278,3.40708260595
sh600981,2011-09-06,6.05,6.09,5.96,6.07,-0.004918,2540112.0,15314350.0,3132766460.0,3132766460.0,0.00492168185432,26.3398476599,2011-06-30,2011-08-19,42.5493613697,0.521318134188,39.5409270564,3.3903265737
sh600981,2011-09-07,6.06,6.21,6.06,6.2,0.021417,2849730.0,17494487.0,3199860300.0,3199860300.0,0.00552159292704,26.9039681773,2011-06-30,2011-08-19,43.4606410422,0.532483204668,40.3877750911,3.46293719792
sh600981,2011-09-09,6.11,6.2,6.0,6.05,-0.024194,2462533.0,14981531.0,3122444330.0,3122444330.0,0.00477136597981,26.2530535712,2011-06-30,2011-08-19,42.4091542928,0.519600306014,39.4106332606,3.37915489536
sh600981,2011-09-13,6.0,6.0,5.87,5.94,-0.018182,1684050.0,9983573.0,3065672610.0,3065672610.0,0.00326298932488,25.7757205512,2011-06-30,2011-08-19,41.6380710494,0.51015293325,38.6940691266,3.31771510105
sh600981,2011-09-14,5.97,6.2,5.9,6.12,0.030303,2565741.0,15557120.0,3158571780.0,3158571780.0,0.00497134021757,26.556802211,2011-06-30,2011-08-19,42.8998295164,0.525612097587,39.8666155034,3.41825182176
sh600981,2011-09-15,6.12,6.18,6.08,6.08,-0.006536,2370814.0,14494219.0,3137927520.0,3137927520.0,0.00459365266665,26.3832269518,2011-06-30,2011-08-19,42.6194362307,0.522176696917,39.6060473045,3.39591012785
sh600981,2011-09-16,6.09,6.13,6.01,6.04,-0.006579,1049490.0,6380723.0,3117283260.0,3117283260.0,0.00203347564892,26.2096517017,2011-06-30,2011-08-19,42.3390429598,0.518741296428,39.3454791192,3.37356843512
sh600981,2011-09-19,6.03,6.04,5.86,5.87,-0.028146,1523948.0,9016519.0,3029545160.0,3029545160.0,0.00295277815235,25.4719548449,2011-06-30,2011-08-19,41.1473682566,0.504140803898,38.238061264,3.27861597794
sh600981,2011-09-20,5.88,5.98,5.85,5.93,0.010221,1003863.0,5945431.0,3060511550.0,3060511550.0,0.00194506947376,25.7323036953,2011-06-30,2011-08-19,41.5679355076,0.509293627055,38.6288924881,3.31212671186
sh600981,2011-09-21,5.89,6.11,5.89,6.1,0.028668,2184484.0,13196430.0,3148249650.0,3148249650.0,0.00423262253043,26.4699973777,2011-06-30,2011-08-19,42.7596050827,0.523894056756,39.736305578,3.40707876043
sh600981,2011-09-22,6.05,6.08,5.96,5.96,-0.022951,2414312.0,14503403.0,3075994740.0,3075994740.0,0.00467793372104,25.8624844678,2011-06-30,2011-08-19,41.7782293864,0.511870164259,38.8243176287,3.3288828958
sh600981,2011-09-23,5.85,5.95,5.81,5.92,-0.006711,1457558.0,8586415.0,3055350480.0,3055350480.0,0.00282414191645,25.6889213346,2011-06-30,2011-08-19,41.497855689,0.508435003587,38.5637676331,3.30654276269
sh600981,2011-09-26,5.93,5.95,5.83,5.84,-0.013514,1099829.0,6458950.0,3014061960.0,3014061960.0,0.00213101171948,25.3417612517,2011-06-30,2011-08-19,40.9370536673,0.501564012948,38.0426168773,3.26185814379
sh600981,2011-09-27,5.88,5.91,5.8,5.86,0.003425,1101027.0,6450170.0,3024384090.0,3024384090.0,0.00213333294582,25.428556784,2011-06-30,2011-08-19,41.0772630761,0.503281869692,38.1729128401,3.27303000793
sh600981,2011-09-28,5.97,5.99,5.68,5.71,-0.025597,1703215.0,9915292.0,2946968120.0,2946968120.0,0.0033001231279,24.777662016,2011-06-30,2011-08-19,40.0258083731,0.490399363674,37.1958007901,3.18925025882
sh600981,2011-09-29,5.66,5.69,5.52,5.58,-0.022767,1725900.0,9682125.0,2879874270.0,2879874270.0,0.00334407723987,24.2135489848,2011-06-30,2011-08-19,39.1145407939,0.479234441361,36.3489639935,3.11664059818
sh600981,2011-09-30,5.6,5.62,5.45,5.56,-0.003584,1038715.0,5752928.0,2869552140.0,2869552140.0,0.00201259817499,24.1267676253,2011-06-30,2011-08-19,38.9743542797,0.477516865123,36.2186893066,3.10547055827
sh600981,2011-10-10,5.56,5.71,5.55,5.6,0.007194,1434882.0,8056400.0,2890196400.0,2890196400.0,0.00278020524834,24.3003355916,2011-06-30,2011-08-19,39.2547357844,0.480952121451,36.4792465574,3.12781131347
sh600981,2011-10-11,5.7,5.75,5.49,5.58,-0.003571,1127895.0,6367835.0,2879874270.0,2879874270.0,0.00218539196852,24.2135590932,2011-06-30,2011-08-19,39.1145571229,0.479234641425,36.348979168,3.11664189927
sh600981,2011-10-12,5.54,5.76,5.5,5.75,0.030466,2126994.0,12135396.0,2967612380.0,2967612380.0,0.00412123078554,24.9512493845,2011-06-30,2011-08-19,40.3062212202,0.493835004011,37.4563871673,3.21159351137
sh600981,2011-10-13,5.73,5.81,5.7,5.77,0.003478,1695096.0,9782972.0,2977934510.0,2977934510.0,0.00328439187872,25.0380298299,2011-06-30,2011-08-19,40.4464062576,0.495552562155,37.5866604819,3.22276343361
sh600981,2011-10-14,5.73,5.79,5.69,5.77,0.0,1327204.0,7617892.0,2977934510.0,2977934510.0,0.00257157001079,25.0380298299,2011-06-30,2011-08-19,40.4464062576,0.495552562155,37.5866604819,3.22276343361
sh600981,2011-10-17,5.79,5.82,5.7,5.78,0.001733,1395321.0,8029108.0,2983095570.0,2983095570.0,0.00270355246446,25.0814207356,2011-06-30,2011-08-19,40.5164998796,0.496411354745,37.6517981645,3.22834848264
sh600981,2011-10-18,5.74,5.74,5.5,5.52,-0.044983,1656186.0,9283531.0,2848907880.0,2848907880.0,0.00320900046793,23.9531831866,2011-06-30,2011-08-19,38.6939461655,0.474081282775,35.9581073277,3.08312768284
sh600981,2011-10-19,5.57,5.57,5.47,5.47,-0.009058,1318287.0,7260376.0,2823102560.0,2823102560.0,0.00255429256881,23.7362152533,2011-06-30,2011-08-19,38.3434564012,0.469787054515,35.6323987915,3.05520071229
sh600981,2011-10-20,5.59,5.79,5.48,5.51,0.007313,5127736.0,28841157.0,2843746820.0,2843746820.0,0.00993542222581,23.9097981955,2011-06-30,2011-08-19,38.6238620978,0.473222607245,35.8929785238,3.0775433951
sh600981,2011-10-21,5.3,5.43,5.25,5.31,-0.036298,2641863.0,14058651.0,2740525520.0,2740525520.0,0.00511883302222,23.0419203406,2011-06-30,2011-08-19,37.2218931514,0.456045573047,34.5901351894,2.96583472494
sh600981,2011-10-24,5.36,5.37,5.2,5.37,0.011299,2052224.0,10871765.0,2771491910.0,2771491910.0,0.00397635758569,23.3022709985,2011-06-30,2011-08-19,37.6424633221,0.461198431977,34.9809691269,2.9993456915
sh600981,2011-10-25,5.31,5.5,5.3,5.48,0.020484,1883510.0,10240201.0,2828263620.0,2828263620.0,0.00364945994674,23.7795947176,2011-06-30,2011-08-19,38.4135315408,0.470645620658,35.6975192985,3.06078428865
sh600981,2011-10-26,5.45,5.9,5.42,5.71,0.041971,8075788.0,46188496.0,2946968120.0,2946968120.0,0.0156475223356,24.7776480875,2011-06-30,2011-08-19,40.0257858731,0.490399088002,37.195779881,3.18924846603
sh600981,2011-10-27,5.85,5.85,5.59,5.63,-0.014011,3476677.0,19830346.0,2905679600.0,2905679600.0,0.00673635575994,24.4304884602,2011-09-30,2011-10-27,40.7351132335,0.445433734572,-12.1580415835,3.24493245872
sh600981,2011-10-28,5.68,5.73,5.64,5.7,0.012433,1980065.0,11260641.0,2941807050.0,2941807050.0,0.0038365434266,24.7342327232,2011-09-30,2011-10-27,41.2415728963,0.450971812194,-12.3092025145,3.28527670398
sh600981,2011-10-31,5.64,5.72,5.64,5.7,0.0,1238304.0,7040617.0,2941807050.0,2941807050.0,0.00239931874526,24.7342327232,2011-09-30,2011-10-27,41.2415728963,0.450971812194,-12.3092025145,3.28527670398
sh600981,2011-11-01,5.67,5.9,5.55,5.59,-0.019298,5576914.0,31535914.0,2885035340.0,2885035340.0,0.0108057425945,24.2569115001,2011-09-30,2011-10-27,40.4456930226,0.442268958162,-12.0716595244,3.22187743415
sh600981,2011-11-02,5.49,5.67,5.44,5.61,0.003578,3471162.0,19216447.0,2895357470.0,2895357470.0,0.00672566998092,24.3437027294,2011-09-30,2011-10-27,40.5904077122,0.443851396494,-12.1148519222,3.2334053116
sh600981,2011-11-03,5.64,5.74,5.61,5.67,0.010695,3688096.0,20988939.0,2926323860.0,2926323860.0,0.00714599795526,24.6040586301,2011-09-30,2011-10-27,41.0245221227,0.44859838718,-12.2444202635,3.26798658141
sh600981,2011-11-04,5.67,5.79,5.67,5.78,0.0194,4139563.0,23766283.0,2983095570.0,2983095570.0,0.00802075346852,25.0813773676,2011-09-30,2011-10-27,41.8203978519,0.457301195891,-12.4819620166,3.33138552109
sh600981,2011-11-07,5.76,5.87,5.72,5.75,-0.00519,2561308.0,14834472.0,2967612380.0,2967612380.0,0.00496275089673,24.951205019,2011-09-30,2011-10-27,41.603349987,0.454927802684,-12.4171806337,3.31409563024
sh600981,2011-11-08,5.78,5.8,5.66,5.68,-0.012174,2612751.0,14934683.0,2931484920.0,2931484920.0,0.00506242606904,24.6474490491,2011-09-30,2011-10-27,41.0968708043,0.449389511615,-12.2660138767,3.27374983003
sh600981,2011-11-09,5.68,5.72,5.54,5.71,0.005282,2502448.0,14119637.0,2946968120.0,2946968120.0,0.00484870466804,24.777636875,2011-09-30,2011-10-27,41.3139444759,0.451763187015,-12.330802962,3.29104177664
sh600981,2011-11-10,5.68,5.68,5.52,5.53,-0.031524,2387557.0,13322516.0,2854068950.0,2854068950.0,0.0046260936373,23.9965466501,2011-09-30,2011-10-27,40.0115636902,0.437521804307,-11.9420867294,3.18729497567
sh600981,2011-11-11,5.54,5.59,5.5,5.53,0.0,1431398.0,7940678.0,2854068950.0,2854068950.0,0.00277345469877,23.9965466501,2011-09-30,2011-10-27,40.0115636902,0.437521804307,-11.9420867294,3.18729497567
sh600981,2011-11-14,5.57,5.72,5.56,5.68,0.027125,2182148.0,12352729.0,2931484920.0,2931484920.0,0.00422809633283,24.647452978,2011-09-30,2011-10-27,41.0968773553,0.449389583249,-12.266015832,3.27375035189
sh600981,2011-11-15,5.72,5.86,5.68,5.81,0.022887,4731326.0,27403152.0,2998578770.0,2998578770.0,0.00916734432159,25.2115592343,2011-09-30,2011-10-27,42.0374615873,0.459674762641,-12.5467481363,3.34867667619
sh600981,2011-11-16,5.81,5.84,5.6,5.64,-0.02926,3260579.0,18555042.0,2910840660.0,2910840660.0,0.0063176476173,24.4738690111,2011-09-30,2011-10-27,40.8074454613,0.446224679086,-12.1796302858,3.25069439664
sh600981,2011-11-17,5.6,5.69,5.56,5.62,-0.003546,1642248.0,9251112.0,2900518530.0,2900518530.0,0.00318199441394,24.3870846716,2011-09-30,2011-10-27,40.6627422597,0.444642366374,-12.1364413168,3.23916743431
sh600981,2011-11-18,5.58,5.59,5.42,5.46,-0.02847,1968300.0,10810622.0,2817941490.0,2817941490.0,0.00381374774392,23.692784371,2011-09-30,2011-10-27,39.5050739875,0.431983398204,-11.7909168326,3.14694833746
sh600981,2011-11-21,5.45,5.54,5.38,5.45,-0.001832,1295157.0,7026372.0,2812780430.0,2812780430.0,0.00250947623736,23.6493791901,2011-09-30,2011-10-27,39.432700692,0.431192004618,-11.7693158729,3.1411831281
sh600981,2011-11-22,5.44,5.46,5.31,5.41,-0.007339,1104541.0,5948153.0,2792136170.0,2792136170.0,0.00214014161423,23.4758163962,2011-09-30,2011-10-27,39.1433041016,0.428027486496,-11.6829408637,3.11812998513
sh600981,2011-11-23,5.46,5.46,5.37,5.38,-0.005545,895265.0,4833163.0,2776652970.0,2776652970.0,0.00173465166589,23.3456429943,2011-09-30,2011-10-27,38.9262544804,0.425654074084,-11.6181589566,3.10083995436
sh600981,2011-11-24,5.38,5.4,5.3,5.36,-0.003717,996936.0,5325851.0,2766330840.0,2766330840.0,0.0019316478285,23.2588672393,2011-09-30,2011-10-27,38.7815655925,0.42407191789,-11.5749742598,3.08931413225
sh600981,2011-11-25,5.39,5.41,5.28,5.3,-0.011194,1127548.0,6027625.0,2735364450.0,2735364450.0,0.00218471962667,22.9985074794,2011-09-30,2011-10-27,38.3474447472,0.419324856841,-11.4454039979,3.05473234985
sh600981,2011-11-28,5.32,5.34,5.25,5.32,0.003774,1191165.0,6313605.0,2745686580.0,2745686580.0,0.00230798294538,23.0853038466,2011-09-30,2011-10-27,38.4921680037,0.420907388851,-11.4885989526,3.06626090974
sh600981,2011-11-29,5.35,5.43,5.34,5.43,0.020677,1173912.0,6325545.0,2802458300.0,2802458300.0,0.00227455379443,23.5626386742,2011-09-30,2011-10-27,39.2880705615,0.42961049093,-11.7261487132,3.12966198657
sh600981,2011-11-30,5.43,5.43,5.04,5.09,-0.062615,2248567.0,11639383.0,2626982090.0,2626982090.0,0.00435678875527,22.0872640537,2011-09-30,2011-10-27,36.8280480233,0.402710430041,-10.9919159115,2.93369820128
sh600981,2011-12-01,5.25,5.3,5.16,5.17,0.015717,2186815.0,11419086.0,2668270610.0,2668270610.0,0.00423713903216,22.4344095828,2011-09-30,2011-10-27,37.4068744541,0.40903982987,-11.1646758539,2.97980713591
sh600981,2011-12-02,5.17,5.17,4.98,5.02,-0.029014,1676391.0,8448514.0,2590854630.0,2590854630.0,0.00324814936452,21.7834976232,2011-09-30,2011-10-27,36.3215513987,0.397171948246,-10.8407439486,2.89335101167
sh600981,2011-12-05,5.03,5.05,4.84,4.85,-0.033865,1473723.0,7241599.0,2503116530.0,2503116530.0,0.0028554629656,21.0457994761,2011-09-30,2011-10-27,35.0915220606,0.383721720218,-10.4736221548,2.79536767966
sh600981,2011-12-06,4.9,4.98,4.8,4.92,0.014433,1218678.0,5941138.0,2539243980.0,2539243980.0,0.00236129171014,21.3495535,2011-09-30,2011-10-27,35.5979979985,0.389259975806,-10.6247879434,2.83571322138
sh600981,2011-12-07,4.92,4.98,4.87,4.88,-0.00813,1140250.0,5615720.0,2518599720.0,2518599720.0,0.0022093308261,21.17598163,2011-09-30,2011-10-27,35.3085862747,0.386095292203,-10.5384084174,2.81265887289
sh600981,2011-12-08,4.81,4.91,4.67,4.87,-0.002049,2328759.0,11149472.0,2513438660.0,2513438660.0,0.00451216753784,21.1325920437,2011-09-30,2011-10-27,35.2362389815,0.385304182949,-10.5168152186,2.80689573486
sh600981,2011-12-09,4.76,4.85,4.74,4.76,-0.022587,923910.0,4413565.0,2456666940.0,2456666940.0,0.0017901537764,20.6552701872,2011-09-30,2011-10-27,34.4403580516,0.376601317369,-10.2792719132,2.7434963809
sh600981,2011-12-12,4.8,4.81,4.7,4.73,-0.006303,641377.0,3041986.0,2441183750.0,2441183750.0,0.00124272218755,20.5250800192,2011-09-30,2011-10-27,34.2232804748,0.374227599266,-10.2144816623,2.72620412321
sh600981,2011-12-13,4.7,4.72,4.47,4.5,-0.048626,1618674.0,7359927.0,2322479250.0,2322479250.0,0.00313631779487,19.5270274782,2011-09-30,2011-10-27,32.5591392384,0.356030408024,-9.71779227703,2.59363972151
sh600981,2011-12-14,4.5,4.53,4.3,4.33,-0.037778,1433760.0,6298495.0,2234741150.0,2234741150.0,0.00277803127221,18.7893354341,2011-09-30,2011-10-27,31.3291200763,0.342580291269,-9.35067352039,2.49565720011
sh600981,2011-12-15,4.35,4.39,4.12,4.15,-0.04157,1640333.0,6892494.0,2141841980.0,2141841980.0,0.00317828393204,18.0082627601,2011-09-30,2011-10-27,30.0267685547,0.328339228561,-8.96196602215,2.39191273031
sh600981,2011-12-16,4.15,4.28,4.12,4.24,0.021687,1412366.0,5923592.0,2188291560.0,2188291560.0,0.00273657859376,18.3988079546,2011-09-30,2011-10-27,30.6779590843,0.335459921411,-9.15632417927,2.44378614169
sh600981,2011-12-19,4.18,4.27,4.11,4.24,0.0,1469957.0,6163273.0,2188291560.0,2188291560.0,0.00284816602775,18.3988079546,2011-09-30,2011-10-27,30.6779590843,0.335459921411,-9.15632417927,2.44378614169
sh600981,2011-12-20,4.25,4.34,4.23,4.27,0.007075,1136214.0,4868284.0,2203774760.0,2203774760.0,0.00220151072971,18.5289795209,2011-09-30,2011-10-27,30.8950056449,0.337833300355,-9.22110517284,2.46107592864
sh600981,2011-12-21,4.31,4.33,4.12,4.12,-0.035129,844520.0,3590650.0,2126358780.0,2126358780.0,0.00163632893599,17.8780749993,2011-09-30,2011-10-27,29.8096949916,0.325965554347,-8.89717696922,2.37462079234
sh600981,2011-12-22,4.05,4.11,3.87,3.91,-0.050971,2609491.0,10284907.0,2017976420.0,2017976420.0,0.00505610953075,16.9668116385,2011-09-30,2011-10-27,28.2902650282,0.309350764076,-8.44367896193,2.25358399594
sh600981,2011-12-23,3.91,4.01,3.87,3.95,0.01023,1203119.0,4749652.0,2038620680.0,2038620680.0,0.00233114482582,17.1403821216,2011-09-30,2011-10-27,28.5796744394,0.312515422393,-8.53005779771,2.27663816021
sh600981,2011-12-26,3.96,4.04,3.94,3.96,0.002532,922138.0,3669211.0,2043781740.0,2043781740.0,0.00178672037651,17.1837815691,2011-09-30,2011-10-27,28.6520381751,0.313306711442,-8.55165590405,2.28240260804
sh600981,2011-12-27,3.97,3.99,3.8,3.83,-0.032828,1215013.0,4732704.0,1976687900.0,1976687900.0,0.00235419045667,16.6196723877,2011-09-30,2011-10-27,27.7114490659,0.303021478719,-8.27092214403,2.20747589522
sh600981,2011-12-28,3.83,3.86,3.76,3.84,0.002611,1304436.0,4974845.0,1981848960.0,1981848960.0,0.00252745508921,16.6630663523,2011-09-30,2011-10-27,27.7838036594,0.3038126678,-8.29251752175,2.21323961478
sh600981,2011-12-29,3.83,3.88,3.76,3.83,-0.002604,836484.0,3216546.0,1976687900.0,1976687900.0,0.00162075850214,16.6196757276,2011-09-30,2011-10-27,27.7114546346,0.303021539613,-8.27092380612,2.20747633883
sh600981,2011-12-30,3.85,3.96,3.85,3.93,0.02611,1296606.0,5066974.0,2028298550.0,2028298550.0,0.0025122837957,17.0536154608,2011-09-30,2011-10-27,28.4350007152,0.310933432012,-8.4868776267,2.26511354603
sh600981,2012-01-04,3.97,3.99,3.85,3.86,-0.017812,1035900.0,4071111.0,1992171090.0,1992171090.0,0.00200714387437,16.7498564622,2011-09-30,2011-10-27,27.9285164824,0.305395085721,-8.33570936241,2.22476734355
sh600981,2012-01-05,3.82,3.85,3.65,3.66,-0.051813,1168849.0,4375570.0,1888949790.0,1888949790.0,0.00226474380772,15.8819961493,2011-09-30,2011-10-27,26.4814562579,0.289571650145,-7.90381125322,2.10949547318
sh600981,2012-01-06,3.64,3.74,3.6,3.73,0.019126,895055.0,3281789.0,1925077250.0,1925077250.0,0.00173424476862,16.1857552077,2011-09-30,2011-10-27,26.9879405903,0.295109997526,-8.05497954725,2.1498416836
sh600981,2012-01-09,3.77,3.91,3.71,3.9,0.045576,1184984.0,4558271.0,2012815350.0,2012815350.0,0.00229600673504,16.923437187,2011-09-30,2011-10-27,28.2179429706,0.308559930773,-8.42209329509,2.24782286817
sh600981,2012-01-10,3.89,4.29,3.89,4.29,0.1,5643536.0,23292002.0,2214096890.0,2214096890.0,0.0109348283489,18.6157809057,2011-09-30,2011-10-27,31.0397372677,0.33941592385,-9.2643026246,2.47260515499
sh600981,2012-01-11,4.25,4.29,4.17,4.2,-0.020979,4826412.0,20380597.0,2167647300.0,2167647300.0,0.00935158150498,18.2252404381,2011-09-30,2011-10-27,30.3885546196,0.332295317184,-9.06994681984,2.42073237144
sh600981,2012-01-12,4.18,4.25,4.12,4.23,0.007143,2147016.0,9005096.0,2183130500.0,2183130500.0,0.00416002510157,18.3554233306,2011-09-30,2011-10-27,30.6056200652,0.334668902634,-9.13473344998,2.43802366277
sh600981,2012-01-13,4.18,4.23,4.02,4.03,-0.047281,1942289.0,7982563.0,2079909200.0,2079909200.0,0.00376334922217,17.4875605601,2011-09-30,2011-10-27,29.1585557429,0.318845422249,-8.70283411773,2.32275146597
sh600981,2012-01-16,4.0,4.1,3.96,3.99,-0.009926,1228700.0,4951040.0,2059264940.0,2059264940.0,0.0023807101771,17.313979034,2011-09-30,2011-10-27,28.8691279186,0.315680562588,-8.61644978628,2.29969583492
sh600981,2012-01-17,3.99,4.39,3.99,4.38,0.097744,8394693.0,36323300.0,2260546470.0,2260546470.0,0.0162654277751,19.0063166007,2011-09-30,2011-10-27,31.6909119579,0.346536443497,-9.45865605418,2.52447730461
sh600981,2012-01-18,4.3,4.35,4.2,4.28,-0.022831,4762834.0,20445718.0,2208935820.0,2208935820.0,0.00922839375206,18.5723833863,2011-09-30,2011-10-27,30.967376747,0.338624669956,-9.24270547781,2.46684096327
sh600981,2012-01-19,4.26,4.33,4.23,4.3,0.004673,2885552.0,12348127.0,2219257950.0,2219257950.0,0.00559100108214,18.6591721339,2011-09-30,2011-10-27,31.1120872985,0.340207063038,-9.28589664051,2.47836851109
sh600981,2012-01-20,4.3,4.33,4.27,4.31,0.002326,1980714.0,8526124.0,2224419020.0,2224419020.0,0.00383780091037,18.7025733683,2011-09-30,2011-10-27,31.1844540136,0.340998384667,-9.3074956361,2.48413319624
sh600981,2012-01-30,4.31,4.33,4.2,4.24,-0.016241,1502874.0,6402763.0,2188291560.0,2188291560.0,0.00291194549962,18.3988248742,2011-09-30,2011-10-27,30.6779872959,0.335460229902,-9.15633259947,2.443788389
sh600981,2012-01-31,4.24,4.25,4.18,4.24,0.0,1372251.0,5799032.0,2188291560.0,2188291560.0,0.00265885238802,18.3988248742,2011-09-30,2011-10-27,30.6779872959,0.335460229902,-9.15633259947,2.443788389
sh600981,2012-02-01,4.24,4.32,4.18,4.19,-0.011792,1965694.0,8352583.0,2162486240.0,2162486240.0,0.00380869838968,18.1818659313,2011-09-30,2011-10-27,30.3162324697,0.331504482871,-9.04836112546,2.41497123632
sh600981,2012-02-02,4.19,4.3,4.19,4.29,0.023866,1550624.0,6590108.0,2214096890.0,2214096890.0,0.0030044651569,18.6157943436,2011-09-30,2011-10-27,31.0397596739,0.339416168859,-9.26430931208,2.47260693985
sh600981,2012-02-03,4.29,4.46,4.25,4.4,0.025641,3893368.0,17118368.0,2270868600.0,2270868600.0,0.00754372983096,19.0931219264,2011-09-30,2011-10-27,31.8356501517,0.348119138845,-9.50185546715,2.53600705439
sh600981,2012-02-06,4.4,4.58,4.35,4.46,0.013636,4082185.0,18209025.0,2301834990.0,2301834990.0,0.00790957874005,19.353475737,2011-09-30,2011-10-27,32.2697610771,0.352866091422,-9.6314227683,2.57058804659
sh600981,2012-02-07,4.4,4.4,4.26,4.29,-0.038117,3133692.0,13518018.0,2214096890.0,2214096890.0,0.00607179330802,18.6157793023,2011-09-30,2011-10-27,31.0397345942,0.339415894615,-9.26430182664,2.47260494201
sh600981,2012-02-08,4.3,4.41,4.22,4.39,0.02331,2724083.0,11875092.0,2265707540.0,2265707540.0,0.00527814122471,19.0497131178,2011-09-30,2011-10-27,31.7632708075,0.347327679119,-9.48025270222,2.53024136321
sh600981,2012-02-09,4.39,4.49,4.36,4.43,0.009112,3135713.0,13912548.0,2286351800.0,2286351800.0,0.00607570916689,19.2232941038,2011-09-30,2011-10-27,32.0526977311,0.350492528931,-9.56663676484,2.55329692251
sh600981,2012-02-10,4.39,4.47,4.39,4.44,0.002257,2396215.0,10621353.0,2291512860.0,2291512860.0,0.00464286925276,19.2666810786,2011-09-30,2011-10-27,32.1250406699,0.351283590569,-9.58822866402,2.55905971367
sh600981,2012-02-13,4.41,4.55,4.4,4.51,0.015766,3123884.0,14031016.0,2327640320.0,2327640320.0,0.00605278947909,19.5704395724,2011-09-30,2011-10-27,32.6315240611,0.356821927657,-9.73939667714,2.59940584911
sh600981,2012-02-14,4.49,4.52,4.43,4.49,-0.004435,2327290.0,10412280.0,2317318190.0,2317318190.0,0.00450932122533,19.4836446729,2011-09-30,2011-10-27,32.4868032519,0.355239422408,-9.69620245287,2.58787748417
sh600981,2012-02-15,4.48,4.71,4.46,4.61,0.026726,5169448.0,23738101.0,2379250970.0,2379250970.0,0.0100162427505,20.0043645605,2011-09-30,2011-10-27,33.3550455556,0.364733551212,-9.95534315963,2.65704109781
sh600981,2012-02-16,4.62,4.7,4.53,4.65,0.008677,3794706.0,17510078.0,2399895230.0,2399895230.0,0.00735256384505,20.1779424318,2011-09-30,2011-10-27,33.6444672859,0.367898344235,-10.0417256722,2.68009624342
sh600981,2012-02-17,4.67,4.7,4.52,4.59,-0.012903,2152129.0,9887905.0,2368928840.0,2368928840.0,0.00416993197229,19.9175864406,2011-09-30,2011-10-27,33.2103527245,0.3631513519,-9.91215728588,2.64551496159
sh600981,2012-02-20,4.65,4.67,4.56,4.57,-0.004357,2120751.0,9803882.0,2358606710.0,2358606710.0,0.00410913444319,19.8308055164,2011-09-30,2011-10-27,33.0656552177,0.36156910146,-9.86897001658,2.6339884529
sh600981,2012-02-21,4.57,4.63,4.5,4.62,0.010941,1989098.0,9080805.0,2384412030.0,2384412030.0,0.00385404562818,20.0477743596,2011-09-30,2011-10-27,33.4274265514,0.365525028999,-9.97694641753,2.66280692057
sh600981,2012-02-22,4.62,4.69,4.59,4.68,0.012987,3307840.0,15388229.0,2415378420.0,2415378420.0,0.0064092198025,20.3081348052,2011-09-30,2011-10-27,33.8615485401,0.37027210255,-10.1065170207,2.69738879404
sh600981,2012-02-23,4.67,4.75,4.62,4.66,-0.004274,3266351.0,15295908.0,2405056290.0,2405056290.0,0.00632883135554,20.2213378371,2011-09-30,2011-10-27,33.7168242816,0.368689559584,-10.0633217669,2.68586015434
sh600981,2012-02-24,4.64,4.74,4.64,4.74,0.017167,3904627.0,18351682.0,2446344810.0,2446344810.0,0.00756554509583,20.5684775437,2011-09-30,2011-10-27,34.295641004,0.375018853253,-10.2360788117,2.73196831561
sh600981,2012-02-27,4.72,4.86,4.72,4.74,0.0,4937202.0,23625350.0,2446344810.0,2446344810.0,0.00956624650145,20.5684775437,2011-09-30,2011-10-27,34.295641004,0.375018853253,-10.2360788117,2.73196831561
sh600981,2012-02-28,4.74,4.79,4.65,4.72,-0.004219,3536248.0,16665600.0,2436022680.0,2436022680.0,0.006851779623,20.4816991369,2011-09-30,2011-10-27,34.1509476946,0.373436648711,-10.1928927952,2.72044214128
sh600981,2012-02-29,4.66,4.72,4.59,4.6,-0.025424,2758953.0,12807105.0,2374089900.0,2374089900.0,0.00534570481093,19.9609724181,2011-09-30,2011-10-27,33.2826940005,0.363942395355,-9.93374868875,2.65127762028
sh600981,2012-03-01,4.6,4.68,4.59,4.63,0.006522,2501611.0,11598905.0,2389573100.0,2389573100.0,0.00484708290782,20.0911578802,2011-09-30,2011-10-27,33.4997637307,0.366316027657,-9.9985365977,2.66856925292
sh600981,2012-03-02,4.65,4.84,4.63,4.83,0.043197,4190998.0,19868663.0,2492794400.0,2492794400.0,0.0081204131155,20.9590356271,2011-09-30,2011-10-27,34.9468530246,0.382139781104,-10.4304433831,2.78384343894
sh600981,2012-03-05,4.84,4.84,4.72,4.82,-0.00207,4324254.0,20706524.0,2487633330.0,2487633330.0,0.0083786079036,20.9156504234,2011-09-30,2011-10-27,34.8745130388,0.381348751757,-10.4088523653,2.77808088302
sh600981,2012-03-06,4.84,4.84,4.67,4.7,-0.024896,3963740.0,18731808.0,2425700550.0,2425700550.0,0.00768008153356,20.3949343905,2011-09-30,2011-10-27,34.0062771622,0.371854693233,-10.1497135768,2.70891778136
sh600981,2012-03-07,4.64,4.82,4.6,4.76,0.012766,3595976.0,16989858.0,2456666940.0,2456666940.0,0.00696750767526,20.6552961229,2011-09-30,2011-10-27,34.4404012965,0.376601790247,-10.2792848203,2.74349982576
sh600981,2012-03-08,4.76,4.98,4.76,4.97,0.044118,10009528.0,49008167.0,2565049310.0,2565049310.0,0.0193943071449,21.5665664772,2011-09-30,2011-10-27,35.9598429209,0.393216708029,-10.732786308,2.86453755107
sh600981,2012-03-09,4.99,5.08,4.92,5.04,0.014085,8029491.0,40217481.0,2601176760.0,2601176760.0,0.0155578180085,21.8703315661,2011-09-30,2011-10-27,36.4663373084,0.398755165362,-10.8839576032,2.90488456248
sh600981,2012-03-12,5.0,5.22,4.95,5.18,0.027778,8209680.0,41895952.0,2673431670.0,2673431670.0,0.0159069494378,22.4778456363,2011-09-30,2011-10-27,37.4792992262,0.409831786345,-11.1862921775,2.98557644585
sh600981,2012-03-13,5.15,5.18,5.1,5.16,-0.003861,3638688.0,18687062.0,2663109540.0,2663109540.0,0.00705026578817,22.3910586743,2011-09-30,2011-10-27,37.3345916519,0.408249425818,-11.1431019034,2.9740491352
sh600981,2012-03-14,5.16,5.29,4.81,4.95,-0.040698,8486755.0,43365794.0,2554727180.0,2554727180.0,0.0164438056552,21.4797873684,2011-09-30,2011-10-27,35.8151484408,0.391634490686,-10.6895999421,2.85301128349
sh600981,2012-03-15,5.0,5.1,4.82,5.03,0.016162,5584422.0,27826724.0,2596015700.0,2596015700.0,0.0108202899774,21.8269436918,2011-09-30,2011-10-27,36.3939928699,0.397964087325,-10.8623652564,2.89912165186
sh600981,2012-03-16,5.04,5.15,4.95,5.13,0.019881,4964708.0,25106692.0,2647626350.0,2647626350.0,0.00961954168495,22.2608851594,2011-09-30,2011-10-27,37.1175418422,0.405876011345,-11.0783199401,2.95675908942
sh600981,2012-03-19,5.1,5.23,5.0,5.22,0.017544,5855160.0,30055948.0,2694075930.0,2694075930.0,0.0113448677744,22.6514301286,2011-09-30,2011-10-27,37.7687319962,0.412996700088,-11.2726779851,3.00863247088
sh600981,2012-03-20,5.18,5.18,5.01,5.03,-0.036398,4756094.0,24195597.0,2596015700.0,2596015700.0,0.00921533441419,21.8269633748,2011-09-30,2011-10-27,36.394025689,0.397964446198,-10.8623750518,2.89912426621
sh600981,2012-03-21,5.07,5.1,4.98,5.06,0.005964,2762879.0,13879905.0,2611498890.0,2611498890.0,0.00535331176802,21.9571393843,2011-09-30,2011-10-27,36.6110796582,0.400337906155,-10.9271582566,2.91641464333
sh600981,2012-03-22,5.03,5.08,4.96,5.04,-0.003953,2330267.0,11732875.0,2601176760.0,2601176760.0,0.00451508942437,21.8703428124,2011-09-30,2011-10-27,36.4663560604,0.398755370412,-10.8839632,2.90488605624
sh600981,2012-03-23,5.0,5.1,4.98,5.02,-0.003968,3122460.0,15728465.0,2590854630.0,2590854630.0,0.00605003037164,21.7835612921,2011-09-30,2011-10-27,36.3216575595,0.397173109102,-10.840775634,2.89335946837
sh600981,2012-03-26,4.98,5.07,4.79,4.8,-0.043825,3734604.0,18299104.0,2477311200.0,2477311200.0,0.00723611115148,20.8288967185,2011-12-31,2012-03-26,38.0146831714,0.331646404684,-6.04147472398,2.74113727501
sh600981,2012-03-27,4.75,4.84,4.63,4.68,-0.025,2938839.0,13920276.0,2415378420.0,2415378420.0,0.00569424915206,20.3081743005,2011-12-31,2012-03-26,37.0643160921,0.323355244566,-5.89043785588,2.67260884314
sh600981,2012-03-28,4.62,4.79,4.45,4.46,-0.047009,3529664.0,16290493.0,2301834990.0,2301834990.0,0.00683902256608,19.3535073348,2011-12-31,2012-03-26,35.3219596569,0.308154637875,-5.61353426271,2.54697217403
sh600981,2012-03-29,4.4,4.49,4.29,4.3,-0.035874,3253656.0,14218569.0,2219257950.0,2219257950.0,0.0063042337192,18.6592196127,2011-12-31,2012-03-26,34.0548196762,0.297099898395,-5.41215433457,2.45560209426
sh600981,2012-03-30,4.3,4.34,4.18,4.28,-0.004651,2434302.0,10388173.0,2208935820.0,2208935820.0,0.00471666603695,18.5724355823,2011-12-31,2012-03-26,33.8964307099,0.295718086768,-5.38698240476,2.44418108892
sh600981,2012-04-05,4.28,4.46,4.23,4.43,0.035047,2536864.0,11105991.0,2286351800.0,2286351800.0,0.00491538857668,19.2233437321,2011-12-31,2012-03-26,35.084398917,0.306082118555,-5.5757799771,2.52984230354
sh600981,2012-04-06,4.43,4.55,4.38,4.48,0.011287,2064118.0,9249730.0,2312157120.0,2312157120.0,0.00399940322395,19.4403176128,2011-12-31,2012-03-26,35.4803965275,0.309536867427,-5.6387138057,2.55839663362
sh600981,2012-04-09,4.49,4.6,4.43,4.46,-0.004464,1873212.0,8459132.0,2301834990.0,2301834990.0,0.00362950670065,19.353536035,2011-12-31,2012-03-26,35.3220120374,0.308155094851,-5.61354258728,2.54697595105
sh600981,2012-04-10,4.47,4.51,4.23,4.49,0.006726,2258412.0,9929767.0,2317318190.0,2317318190.0,0.00437586427438,19.4837079184,2011-12-31,2012-03-26,35.5595878904,0.310227746019,-5.65129927472,2.5641069113
sh600981,2012-04-11,4.39,4.79,4.37,4.67,0.040089,4765451.0,22023064.0,2410217360.0,2410217360.0,0.00923346439178,20.2647902851,2011-12-31,2012-03-26,36.9851362093,0.322664466129,-5.87785421134,2.66689939326
sh600981,2012-04-12,4.74,5.06,4.6,4.94,0.057816,7965713.0,38524728.0,2549566110.0,2549566110.0,0.0154342427387,21.4364194002,2011-12-31,2012-03-26,39.1234688444,0.341319634903,-6.21768823042,2.82108884858
sh600981,2012-04-13,4.9,4.95,4.82,4.87,-0.01417,5025473.0,24553514.0,2513438660.0,2513438660.0,0.00973727901122,21.1326653373,2011-12-31,2012-03-26,38.5690892909,0.336483135676,-6.1295835882,2.7811140196
sh600981,2012-04-16,4.84,5.32,4.77,5.06,0.039014,7697438.0,39067107.0,2611498890.0,2611498890.0,0.0149144372334,21.9571351428,2011-12-31,2012-03-26,40.0738237405,0.349610688731,-6.36872316231,2.88961640196
sh600981,2012-04-17,5.0,5.12,4.81,4.83,-0.045455,5262117.0,26208218.0,2492794400.0,2492794400.0,0.0101957967773,20.9590735649,2011-12-31,2012-03-26,38.2522680824,0.333719134875,-6.07923285097,2.75826888841
sh600981,2012-04-18,4.88,5.15,4.83,5.05,0.045549,5437502.0,27265216.0,2606337830.0,2606337830.0,0.0105356200505,21.9137384067,2011-12-31,2012-03-26,39.9946206412,0.34891970775,-6.3561358281,2.88390527801
sh600981,2012-04-19,5.03,5.3,5.0,5.04,-0.00198,6065836.0,31098178.0,2601176760.0,2601176760.0,0.011753070345,21.8703492046,2011-12-31,2012-03-26,39.9154312924,0.348228846728,-6.34355067916,2.87819514556
sh600981,2012-04-23,5.29,5.47,5.09,5.26,0.043651,11609711.0,61017661.0,2714720190.0,2714720190.0,0.022494797101,22.8250118178,2011-12-31,2012-03-26,41.6577797837,0.363429384117,-6.62045300985,3.00383124186
sh600981,2012-04-24,5.1,5.26,4.93,5.18,-0.015209,7879210.0,40273564.0,2673431670.0,2673431670.0,0.0152666358591,22.477866213,2011-12-31,2012-03-26,41.024206611,0.357901986614,-6.51976254002,2.9581459725
sh600981,2012-04-25,5.17,5.6,5.11,5.5,0.061776,18074224.0,98551452.0,2838585750.0,2838585750.0,0.0350203378566,23.8664588762,2012-03-31,2012-04-25,45.6087104344,0.371216418835,-4.13558399333,3.10042385613
sh600981,2012-04-26,5.43,5.51,5.3,5.35,-0.027273,8947741.0,48073502.0,2761169780.0,2761169780.0,0.0173370050247,23.2155489433,2012-03-31,2012-04-25,44.3648240748,0.361092233444,-4.02279421108,3.0158659963
sh600981,2012-04-27,5.39,5.45,5.2,5.24,-0.020561,4383742.0,23158267.0,2704398060.0,2704398060.0,0.00849387093555,22.7382140415,2012-03-31,2012-04-25,43.452638927,0.353667816032,-3.94008153931,2.95385677555
sh600981,2012-05-02,5.26,5.35,5.14,5.22,-0.003817,4578647.0,23905949.0,2694075930.0,2694075930.0,0.00887151585961,22.6514222785,2012-03-31,2012-04-25,43.2867802042,0.352317865978,-3.92504224808,2.94258190424
sh600981,2012-05-03,5.18,5.25,5.02,5.1,-0.022989,4375617.0,22368227.0,2632143150.0,2632143150.0,0.00847812806078,22.1306887317,2012-03-31,2012-04-25,42.2916604141,0.344218430557,-3.83480945183,2.87493488884
sh600981,2012-05-04,5.12,5.18,5.08,5.15,0.009804,2692106.0,13831220.0,2657948480.0,2657948480.0,0.00521618308418,22.347658004,2012-03-31,2012-04-25,42.7062878528,0.34759314805,-3.8724059237,2.90312075049
sh600981,2012-05-07,5.15,5.36,5.12,5.34,0.036893,6662920.0,35053230.0,2756008710.0,2756008710.0,0.0129099711009,23.1721301508,2012-03-31,2012-04-25,44.2818509305,0.360416902061,-4.01527059544,3.01022558434
sh600981,2012-05-08,5.36,5.55,5.32,5.49,0.02809,8797443.0,48004838.0,2833424690.0,2833424690.0,0.0170457899377,23.8230352867,2012-03-31,2012-04-25,45.5257281232,0.37054101284,-4.12805954647,3.094782821
sh600981,2012-05-09,5.45,5.45,5.03,5.17,-0.058288,7748928.0,40212340.0,2668270610.0,2668270610.0,0.0150142034357,22.4344382059,2012-03-31,2012-04-25,42.8721244823,0.348942918284,-3.88744321162,2.91439411993
sh600981,2012-05-10,5.14,5.22,5.05,5.1,-0.01354,4184251.0,21425985.0,2632143150.0,2632143150.0,0.00810734024857,22.1306759126,2012-03-31,2012-04-25,42.2916359168,0.34421823117,-3.83480723054,2.87493322355
sh600981,2012-05-11,5.06,5.09,4.86,4.88,-0.043137,5771868.0,28601271.0,2518599720.0,2518599720.0,0.0111834824789,21.1760249458,2012-03-31,2012-04-25,40.4673016183,0.329369689332,-3.66938515104,2.75091722908
sh600981,2012-05-14,4.9,4.94,4.8,4.81,-0.014344,3157435.0,15368120.0,2482472270.0,2482472270.0,0.00611779738027,20.8722760439,2012-03-31,2012-04-25,39.8868386439,0.324645210509,-3.61675149043,2.71145807235
sh600981,2012-05-15,4.77,4.89,4.72,4.86,0.010395,2707146.0,13009307.0,2508277590.0,2508277590.0,0.00524532436619,21.0892433534,2012-03-31,2012-04-25,40.3014623316,0.328019897472,-3.65434762217,2.73964367901
sh600981,2012-05-16,4.87,4.94,4.79,4.83,-0.006173,2632097.0,12822449.0,2492794400.0,2492794400.0,0.00509991057024,20.9590594542,2012-03-31,2012-04-25,40.0526814046,0.325995030645,-3.6317893343,2.72273185858
sh600981,2012-05-17,4.85,5.23,4.82,5.11,0.057971,5844204.0,29420999.0,2637304220.0,2637304220.0,0.0113236395762,22.1740770898,2012-03-31,2012-04-25,42.3745753983,0.344893288566,-3.8423277938,2.88057134715
sh600981,2012-05-18,5.06,5.21,5.0,5.07,-0.007828,7545802.0,38661248.0,2616659960.0,2616659960.0,0.0146206296289,22.0004984144,2012-03-31,2012-04-25,42.0428672221,0.342193463903,-3.81225005183,2.85802223465
sh600981,2012-05-21,5.06,5.12,4.8,4.82,-0.04931,5371750.0,26361679.0,2487633330.0,2487633330.0,0.0104082200089,20.9156538375,2012-03-31,2012-04-25,39.9697334394,0.325319904198,-3.62426800177,2.71709315826
sh600981,2012-05-22,4.89,4.93,4.82,4.9,0.016598,2109925.0,10257239.0,2528921850.0,2528921850.0,0.00408815816115,21.2628118599,2012-03-31,2012-04-25,40.633151075,0.330719563968,-3.68442360207,2.7621914705
sh600981,2012-05-23,4.89,4.91,4.78,4.9,0.0,2461907.0,11939994.0,2528921850.0,2528921850.0,0.00477015305949,21.2628118599,2012-03-31,2012-04-25,40.633151075,0.330719563968,-3.68442360207,2.7621914705
sh600981,2012-05-24,4.88,4.93,4.78,4.79,-0.022449,1803597.0,8729949.0,2472150140.0,2472150140.0,0.00349462174251,20.7854829965,2012-03-31,2012-04-25,39.7209774665,0.323295240477,-3.60171197662,2.70018303418
sh600981,2012-05-25,4.8,4.86,4.58,4.6,-0.039666,3709357.0,17312038.0,2374089900.0,2374089900.0,0.00718719295339,19.961006028,2012-03-31,2012-04-25,38.1454051743,0.310471411468,-3.45884646936,2.59307757394
sh600981,2012-05-28,4.63,4.69,4.55,4.68,0.017391,1613653.0,7464948.0,2415378420.0,2415378420.0,0.00312658918266,20.3081478838,2012-03-31,2012-04-25,38.8087919157,0.315870819785,-3.51899926831,2.63817378603
sh600981,2012-05-29,4.69,4.79,4.68,4.74,0.012821,2047633.0,9704873.0,2446344810.0,2446344810.0,0.00396746214202,20.5685186478,2012-03-31,2012-04-25,39.3063594369,0.319920599565,-3.56411635793,2.67199781214
sh600981,2012-05-30,4.74,4.82,4.72,4.77,0.006329,2166884.0,10330689.0,2461828010.0,2461828010.0,0.00419852103316,20.6986968023,2012-03-31,2012-04-25,39.5551293857,0.32194537704,-3.58667365036,2.6889088863
sh600981,2012-05-31,4.76,4.79,4.72,4.77,0.0,1220745.0,5816383.0,2461828010.0,2461828010.0,0.00236529669268,20.6986968023,2012-03-31,2012-04-25,39.5551293857,0.32194537704,-3.58667365036,2.6889088863
sh600981,2012-06-01,4.76,4.82,4.65,4.72,-0.010482,2487420.0,11818476.0,2436022680.0,2436022680.0,0.00481958665508,20.4817330624,2012-03-31,2012-04-25,39.1405125195,0.318570745598,-3.54907813715,2.66072374335
sh600981,2012-06-04,4.62,4.65,4.44,4.45,-0.057203,2425054.0,11031472.0,2296673930.0,2296673930.0,0.00469874724446,19.3101164861,2012-03-31,2012-04-25,36.9015577819,0.300347543237,-3.34606022047,2.50852236306
sh600981,2012-06-05,4.5,4.52,4.4,4.46,0.002247,938519.0,4201433.0,2301834990.0,2301834990.0,0.00181845994964,19.3535063178,2012-03-31,2012-04-25,36.9844755822,0.301022424167,-3.35357881779,2.51415901281
sh600981,2012-06-06,4.51,4.51,4.4,4.43,-0.006726,818910.0,3639780.0,2286351800.0,2286351800.0,0.00158670739122,19.2233346343,2012-03-31,2012-04-25,36.7357179994,0.298997747342,-3.33102264666,2.49724877929
sh600981,2012-06-07,4.48,4.5,4.32,4.34,-0.020316,1217500.0,5361606.0,2239902210.0,2239902210.0,0.0023590092355,18.8327933679,2012-03-31,2012-04-25,35.9893951526,0.292923309107,-3.26334959057,2.44651467309
sh600981,2012-06-08,4.38,4.39,4.28,4.29,-0.004609,1185875.0,5127485.0,2214096890.0,2214096890.0,0.00229773311772,18.7459930233,2012-03-31,2012-04-25,35.8235200303,0.291573225575,-3.24830881231,2.43523868696
sh600981,2012-06-11,4.34,4.4,4.25,4.37,0.018648,1461664.0,6338669.0,2255385410.0,2255385410.0,0.00283209763248,19.0955683012,2012-03-31,2012-04-25,36.4915570318,0.297010483086,-3.30888327504,2.480651018
sh600981,2012-06-12,4.38,4.38,4.3,4.34,-0.006865,877153.0,3804036.0,2239902210.0,2239902210.0,0.00169955813383,18.9644772248,2012-03-31,2012-04-25,36.2410424928,0.294971506119,-3.28616779136,2.46362134876
sh600981,2012-06-13,4.35,4.47,4.31,4.45,0.025346,2413980.0,10597634.0,2296673930.0,2296673930.0,0.00467729043278,19.4451508645,2012-03-31,2012-04-25,37.1596079558,0.302447853914,-3.3694590002,2.52606429546
sh600981,2012-06-14,4.37,4.46,4.33,4.35,-0.022472,1873800.0,8240512.0,2245063280.0,2245063280.0,0.0036306459923,19.0081794343,2012-03-31,2012-04-25,36.3245572458,0.29565124574,-3.29374051754,2.46929857861
sh600981,2012-06-15,4.38,4.41,4.33,4.39,0.009195,1567801.0,6845291.0,2265707540.0,2265707540.0,0.00303774704744,19.1829596442,2012-03-31,2012-04-25,36.6585615497,0.298369758945,-3.3240264616,2.49200377905
sh600981,2012-06-18,4.4,4.44,4.38,4.41,0.004556,1548312.0,6826525.0,2276029670.0,2276029670.0,0.00299998546153,19.2703572083,2012-03-31,2012-04-25,36.8255779561,0.299729131567,-3.33917072616,2.50335734826
sh600981,2012-06-19,4.42,4.46,4.38,4.38,-0.006803,1014731.0,4478831.0,2260546470.0,2260546470.0,0.00196612714624,19.1392609682,2012-03-31,2012-04-25,36.5750535493,0.297690074285,-3.31645434771,2.48632700822
sh600981,2012-06-20,4.39,4.42,4.34,4.34,-0.009132,785201.0,3434250.0,2239902210.0,2239902210.0,0.00152139335583,18.9644812371,2012-03-31,2012-04-25,36.2410501603,0.294971568526,-3.28616848661,2.46362186998
sh600981,2012-06-21,4.38,4.38,4.19,4.2,-0.032258,1846051.0,7833590.0,2167647300.0,2167647300.0,0.00357687996567,18.3527250013,2012-03-31,2012-04-25,35.0719863642,0.285456375669,-3.18016326357,2.3841503557
sh600981,2012-06-25,4.22,4.22,4.1,4.1,-0.02381,1336300.0,5544601.0,2116036650.0,2116036650.0,0.00258919428451,17.915746619,2012-03-31,2012-04-25,34.2369223689,0.278659659364,-3.10444357626,2.32738373573
sh600981,2012-06-26,4.1,4.15,4.09,4.12,0.004878,996213.0,4103352.0,2126358780.0,2126358780.0,0.00193024695484,18.0031396311,2012-03-31,2012-04-25,34.4039300762,0.280018961182,-3.11958705203,2.3387367136
sh600981,2012-06-27,4.14,4.29,4.1,4.28,0.038835,3335385.0,14079468.0,2208935820.0,2208935820.0,0.00646259056997,18.7022915586,2012-03-31,2012-04-25,35.7400067007,0.29089349754,-3.24073621519,2.42956155387
sh600981,2012-06-28,4.38,4.57,4.38,4.51,0.053738,9252494.0,41601469.0,2327640320.0,2327640320.0,0.0179274897335,19.7073153024,2012-03-31,2012-04-25,37.6606031808,0.306525532311,-3.41488689792,2.56012133265
sh600981,2012-06-29,4.5,4.61,4.33,4.59,0.017738,3977427.0,17848610.0,2368928840.0,2368928840.0,0.00770660123754,20.0568836612,2012-03-31,2012-04-25,38.32862696,0.311962682203,-3.47546016172,2.60553276485
sh600981,2012-07-02,4.56,4.68,4.5,4.6,0.002179,2989360.0,13791382.0,2374089900.0,2374089900.0,0.00579213786302,20.1005876107,2012-03-31,2012-04-25,38.4121450382,0.312642448887,-3.48303318941,2.61121022074
sh600981,2012-07-03,4.6,5.06,4.54,5.06,0.1,13612958.0,66643723.0,2611498890.0,2611498890.0,0.0263762576135,22.1106463718,2012-03-31,2012-04-25,42.253359542,0.343906693776,-3.83133650835,2.87233124282
sh600981,2012-07-04,5.1,5.11,4.82,4.98,-0.01581,7342254.0,36218177.0,2570210370.0,2570210370.0,0.0142262381892,21.7610770527,2012-03-31,2012-04-25,41.5853339276,0.338469528948,-3.77076307816,2.82691968587
sh600981,2012-07-05,4.91,4.92,4.73,4.82,-0.032129,4763895.0,22897179.0,2487633330.0,2487633330.0,0.00923044952931,21.061915408,2012-03-31,2012-04-25,40.2492387339,0.327594841452,-3.64961223122,2.73609358328
sh600981,2012-07-06,4.82,4.93,4.7,4.88,0.012448,4115680.0,19879078.0,2518599720.0,2518599720.0,0.00797447813581,21.324094131,2012-03-31,2012-04-25,40.7502612576,0.331672742038,-3.69504260427,2.77015247621
sh600981,2012-07-09,4.84,4.88,4.57,4.58,-0.061475,4618293.0,21939623.0,2363767770.0,2363767770.0,0.00894833333818,20.0131954443,2012-03-31,2012-04-25,38.2451389468,0.311283160222,-3.46788986017,2.59985735273
sh600981,2012-07-10,4.56,4.64,4.37,4.39,-0.041485,4410484.0,19749311.0,2265707540.0,2265707540.0,0.00854568580374,19.1829480313,2012-03-31,2012-04-25,36.6585393576,0.29836957832,-3.32402444933,2.49200227045
sh600981,2012-07-11,4.36,4.55,4.34,4.49,0.022779,2897366.0,12856729.0,2317318190.0,2317318190.0,0.00561389169435,19.6199164045,2012-03-31,2012-04-25,37.4935842256,0.305166138944,-3.39974240226,2.54876759017
sh600981,2012-07-12,4.45,4.72,4.32,4.55,0.013363,5001171.0,22810157.0,2348284580.0,2348284580.0,0.00969019182931,19.8820973474,2012-03-31,2012-04-25,37.9946109916,0.309244074059,-3.44517315998,2.58282677148
sh600981,2012-07-13,4.53,4.69,4.5,4.52,-0.006593,1891442.0,8666569.0,2332801380.0,2332801380.0,0.00366482886769,19.7510146796,2012-03-31,2012-04-25,37.7441125214,0.307205227879,-3.42245913333,2.56579819457
sh600981,2012-07-16,4.58,4.58,4.31,4.31,-0.04646,1484920.0,6544351.0,2224419020.0,2224419020.0,0.00287715809947,18.8333825376,2012-03-31,2012-04-25,35.9905210536,0.292932472992,-3.263451682,2.44659121045
sh600981,2012-07-17,4.29,4.38,4.25,4.34,0.006961,1314940.0,5678095.0,2239902210.0,2239902210.0,0.00254780747772,18.9644817135,2012-03-31,2012-04-25,36.2410510707,0.294971575936,-3.28616856916,2.46362193187
sh600981,2012-07-18,4.3,4.45,4.28,4.44,0.023041,1472977.0,6416779.0,2291512860.0,2291512860.0,0.0028540175332,19.4014423366,2012-03-31,2012-04-25,37.0760811284,0.301768016017,-3.36188517916,2.5203862448
sh600981,2012-07-19,4.44,4.69,4.4,4.61,0.038288,3667612.0,16782727.0,2379250970.0,2379250970.0,0.00710630846985,20.1442847608,2012-03-31,2012-04-25,38.4956501226,0.313322109814,-3.4906050389,2.61688679334
sh600981,2012-07-20,4.61,4.64,4.53,4.58,-0.006508,1447559.0,6623970.0,2363767770.0,2363767770.0,0.00280476800815,20.0131857556,2012-03-31,2012-04-25,38.2451204316,0.311283009524,-3.46788818131,2.59985609409
sh600981,2012-07-23,4.58,4.66,4.49,4.6,0.004367,1374484.0,6288630.0,2374089900.0,2374089900.0,0.00266317901441,20.1005833378,2012-03-31,2012-04-25,38.4121368726,0.312642382426,-3.48303244899,2.61120966566
sh600981,2012-07-24,4.57,4.83,4.57,4.67,0.015217,2360526.0,11050706.0,2410217360.0,2410217360.0,0.00457371878692,20.4064539144,2012-03-31,2012-04-25,38.9966543593,0.31739986156,-3.53603375377,2.65094444314
sh600981,2012-07-25,4.62,4.65,4.54,4.55,-0.025696,1595401.0,7309692.0,2348284580.0,2348284580.0,0.00309122438218,19.8820896746,2012-03-31,2012-04-25,37.9945963289,0.309243954717,-3.44517183043,2.58282577473
sh600981,2012-07-26,4.52,4.62,4.47,4.49,-0.013187,1029117.0,4686637.0,2317318190.0,2317318190.0,0.00199400123381,19.6199045581,2012-03-31,2012-04-25,37.4935615871,0.305165954686,-3.39974034951,2.54876605124
sh600981,2012-07-27,4.56,4.56,4.36,4.44,-0.011136,1333800.0,5927883.0,2291512860.0,2291512860.0,0.00258435032304,19.4014173009,2012-03-31,2012-04-25,37.0760332853,0.301767626615,-3.36188084097,2.52038299249
sh600981,2012-07-30,4.36,4.48,4.27,4.28,-0.036036,1274890.0,5544102.0,2208935820.0,2208935820.0,0.00247020721498,18.7022678271,2012-03-31,2012-04-25,35.7399613498,0.290893128422,-3.24073210299,2.42955847097
sh600981,2012-07-31,4.3,4.31,4.23,4.23,-0.011682,907819.0,3876599.0,2183130500.0,2183130500.0,0.00175897609877,18.4837879343,2012-03-31,2012-04-25,35.3224471213,0.287494914896,-3.20287387056,2.40117636891
sh600981,2012-08-01,4.29,4.41,4.25,4.37,0.033097,781074.0,3396324.0,2255385410.0,2255385410.0,0.00151339694088,19.0955458636,2012-03-31,2012-04-25,36.4915141537,0.297010134094,-3.30887938706,2.4806481032
sh600981,2012-08-02,4.35,4.39,4.0,4.11,-0.059497,2734308.0,11487186.0,2121197720.0,2121197720.0,0.00529795302627,17.9594181714,2012-03-31,2012-04-25,34.3203785361,0.279338922146,-3.11201099016,2.333056983
sh600981,2012-08-03,4.11,4.33,4.08,4.27,0.038929,1958300.0,8269380.0,2203774760.0,2203774760.0,0.00379437188944,18.6585603613,2012-03-31,2012-04-25,35.6564365522,0.290213307046,-3.233158466,2.42388055829
sh600981,2012-08-06,4.25,4.39,4.25,4.38,0.025761,1611091.0,6958844.0,2260546470.0,2260546470.0,0.00312162509095,19.1392235348,2012-03-31,2012-04-25,36.5749820142,0.297689492049,-3.31644786124,2.48632214535
sh600981,2012-08-07,4.38,4.47,4.35,4.42,0.009132,882183.0,3895771.0,2281190730.0,2281190730.0,0.00170930418431,19.3140029241,2012-03-31,2012-04-25,36.9089847499,0.300407992491,-3.34673366311,2.50902723918
sh600981,2012-08-08,4.42,4.42,4.31,4.34,-0.0181,1007658.0,4389958.0,2239902210.0,2239902210.0,0.00195242261045,18.9644194712,2012-03-31,2012-04-25,36.240932126,0.294970607826,-3.28615778381,2.46361384616
sh600981,2012-08-09,4.34,4.43,4.31,4.41,0.016129,874371.0,3848297.0,2276029670.0,2276029670.0,0.00169416776979,19.2702965929,2012-03-31,2012-04-25,36.8254621202,0.29972818876,-3.3391602227,2.50334947388
sh600981,2012-08-10,4.4,4.51,4.37,4.51,0.022676,1287796.0,5725842.0,2327640320.0,2327640320.0,0.00249521367631,19.7072698384,2012-03-31,2012-04-25,37.6605162992,0.306524825168,-3.41487901991,2.56011542655
sh600981,2012-08-13,4.51,4.51,4.27,4.29,-0.04878,1569740.0,6848328.0,2214096890.0,2214096890.0,0.00304150402379,18.7459492157,2012-03-31,2012-04-25,35.8234363142,0.291572544197,-3.24830122132,2.43523299604
sh600981,2012-08-14,4.27,4.37,4.23,4.31,0.004662,1398947.0,6014069.0,2224419020.0,2224419020.0,0.00271057814008,18.8333428309,2012-03-31,2012-04-25,35.9904451743,0.292931855398,-3.26344480162,2.44658605227
sh600981,2012-08-15,4.31,4.33,4.19,4.21,-0.023202,1140856.0,4869508.0,2172808370.0,2172808370.0,0.00221050499727,18.3963716106,2012-03-31,2012-04-25,35.1553948653,0.286135250489,-3.18772635533,2.38982036269
sh600981,2012-08-16,4.19,4.27,4.11,4.14,-0.016627,1391000.0,5809985.0,2136680910.0,2136680910.0,0.00269518016146,18.0904951398,2012-03-31,2012-04-25,34.5708661149,0.281377679679,-3.13472402922,2.35008481951
sh600981,2012-08-17,4.15,4.19,4.1,4.17,0.007246,1092889.0,4525191.0,2152164110.0,2152164110.0,0.00211756487752,18.2215788676,2012-03-31,2012-04-25,34.8213666108,0.283416542346,-3.15743823953,2.36711353412
sh600981,2012-08-20,4.16,4.19,4.09,4.18,0.002398,842054.0,3487334.0,2157325170.0,2157325170.0,0.00163155085239,18.2652742137,2012-03-31,2012-04-25,34.9048682479,0.284096175214,-3.16500977643,2.37278987237
sh600981,2012-08-21,4.18,4.27,4.18,4.24,0.014354,1075487.0,4560044.0,2188291560.0,2188291560.0,0.00208384703545,18.5274539598,2012-03-31,2012-04-25,35.4058927267,0.288174091713,-3.21044032676,2.4068488982
sh600981,2012-08-22,4.23,4.25,4.12,4.18,-0.014151,1131983.0,4731448.0,2157325170.0,2157325170.0,0.00219331281431,18.2652719588,2012-03-31,2012-04-25,34.9048639388,0.284096140142,-3.1650093857,2.37278957944
sh600981,2012-08-23,4.19,4.23,4.14,4.2,0.004785,1544508.0,6467763.0,2167647300.0,2167647300.0,0.00299261489634,18.3526712851,2012-03-31,2012-04-25,35.0718837127,0.285455540172,-3.18015395561,2.38414337758
sh600981,2012-08-24,4.18,4.35,4.17,4.34,0.033333,3510901.0,14976247.0,2239902210.0,2239902210.0,0.00680266766646,18.964420877,2012-06-30,2012-08-24,40.1008990363,0.297478615126,-3.11403316804,2.49339308284
sh600981,2012-08-27,4.33,4.33,4.24,4.26,-0.018433,1567341.0,6688695.0,2198613690.0,2198613690.0,0.00303685576523,18.614849707,2012-06-30,2012-08-24,39.3617191643,0.291995191813,-3.05663219465,2.44743236815
sh600981,2012-08-28,4.25,4.3,4.22,4.24,-0.004695,1010951.0,4308729.0,2188291560.0,2188291560.0,0.0019588030765,18.5274529876,2012-06-30,2012-08-24,39.1769158929,0.290624274388,-3.0422813065,2.43594167318
sh600981,2012-08-29,4.21,4.25,4.13,4.13,-0.025943,1377250.0,5758771.0,2131519850.0,2131519850.0,0.00266853836712,18.0467952748,2012-06-30,2012-08-24,38.1605491639,0.283084608837,-2.96335540257,2.37274603835
sh600981,2012-08-30,4.13,4.29,4.13,4.2,0.016949,2718309.0,11475859.0,2167647300.0,2167647300.0,0.00526695362294,18.3526704079,2012-06-30,2012-08-24,38.8073323116,0.287882609873,-3.01358131328,2.41296171096
sh600981,2012-08-31,4.19,4.2,4.08,4.14,-0.014286,1582521.0,6539197.0,2136680910.0,2136680910.0,0.00306626829928,18.0904841585,2012-06-30,2012-08-24,38.2529307622,0.283769918908,-2.97052929064,2.37849013995
sh600981,2012-09-03,4.1,4.28,4.1,4.2,0.014493,622401.0,2608159.0,2167647300.0,2167647300.0,0.00120595458495,18.3526695454,2012-06-30,2012-08-24,38.8073304878,0.287882596343,-3.01358117165,2.41296159755
sh600981,2012-09-04,4.21,4.24,4.15,4.16,-0.009524,763698.0,3188474.0,2147003040.0,2147003040.0,0.00147972947444,18.1778787206,2012-06-30,2012-08-24,38.4377294722,0.285140802495,-2.98487982457,2.3899805513
sh600981,2012-09-05,4.2,4.22,4.15,4.2,0.009615,576694.0,2417514.0,2167647300.0,2167647300.0,0.00111739340621,18.3526590245,2012-06-30,2012-08-24,38.8073082411,0.287882431311,-3.01357944409,2.4129602143
sh600981,2012-09-06,4.22,4.24,4.16,4.21,0.002381,777394.0,3261344.0,2172808370.0,2172808370.0,0.00150626662949,18.3963567056,2012-06-30,2012-08-24,38.899708442,0.28856787938,-3.02075477674,2.41870547257
sh600981,2012-09-07,4.25,4.42,4.24,4.34,0.030879,2325602.0,10080349.0,2239902210.0,2239902210.0,0.00450605059227,18.9644178044,2012-06-30,2012-08-24,40.100892539,0.297478566927,-3.11403266349,2.49339267886
sh600981,2012-09-10,4.35,4.41,4.33,4.35,0.002304,1204334.0,5262630.0,2245063280.0,2245063280.0,0.00233349899162,19.008111823,2012-06-30,2012-08-24,40.1932849954,0.298163957546,-3.12120739475,2.49913745559
sh600981,2012-09-11,4.32,4.5,4.29,4.42,0.016092,3024397.0,13420367.0,2281190730.0,2281190730.0,0.00586002501422,19.3139903584,2012-06-30,2012-08-24,40.8400753375,0.30296201195,-3.17143386415,2.53935357552
sh600981,2012-09-12,4.4,4.6,4.36,4.54,0.027149,3593482.0,16165833.0,2343123510.0,2343123510.0,0.0069626753393,19.8383458827,2012-06-30,2012-08-24,41.9488425429,0.311187127613,-3.25753512212,2.60829448575
sh600981,2012-09-13,4.51,4.62,4.35,4.35,-0.04185,5118668.0,22826428.0,2245063280.0,2245063280.0,0.00991785220415,19.0081111075,2012-06-30,2012-08-24,40.1932834825,0.298163946322,-3.12120727726,2.49913736152
sh600981,2012-09-14,4.39,4.39,4.25,4.33,-0.004598,3477828.0,14978028.0,2234741150.0,2234741150.0,0.00673858591632,18.9207118126,2012-06-30,2012-08-24,40.008474765,0.296792988497,-3.1068559662,2.48764632793
sh600981,2012-09-17,4.31,4.31,4.12,4.15,-0.04157,2357295.0,9911042.0,2141841980.0,2141841980.0,0.00456745844995,18.1341778226,2012-06-30,2012-08-24,38.345322469,0.284455303965,-2.97770396369,2.38423487008
sh600981,2012-09-18,4.13,4.18,4.03,4.11,-0.009639,2763506.0,11342459.0,2121197720.0,2121197720.0,0.00535452662093,17.9593824825,2012-06-30,2012-08-24,37.9757119057,0.28171343929,-2.94900187518,2.36125323016
sh600981,2012-09-19,4.12,4.15,4.08,4.12,0.002433,1982728.0,8161952.0,2126358780.0,2126358780.0,0.00384170321436,18.0030776601,2012-06-30,2012-08-24,38.0681068128,0.282398848088,-2.95617679674,2.36699815927
sh600981,2012-09-20,4.12,4.12,3.9,3.92,-0.048544,2258300.0,9085349.0,2023137480.0,2023137480.0,0.00437564727435,17.1291362582,2012-06-30,2012-08-24,36.2201286357,0.268690078407,-2.81267215032,2.25209460063
sh600981,2012-09-21,3.94,4.08,3.92,4.06,0.035714,1759550.0,7048499.0,2095392390.0,2095392390.0,0.00340927696125,17.7408862305,2012-06-30,2012-08-24,37.5136943098,0.278286075867,-2.9131239235,2.3325259072
sh600981,2012-09-24,4.0,4.22,3.96,4.19,0.03202,3245761.0,13441029.0,2162486240.0,2162486240.0,0.00628893647434,18.3089494076,2012-06-30,2012-08-24,38.7148828016,0.287196796016,-3.00640215153,2.40721338674
sh600981,2012-09-25,4.2,4.22,4.17,4.19,0.0,1648449.0,6910733.0,2162486240.0,2162486240.0,0.00319400936859,18.3089494076,2012-06-30,2012-08-24,38.7148828016,0.287196796016,-3.00640215153,2.40721338674
sh600981,2012-09-26,4.19,4.2,4.05,4.07,-0.02864,1343007.0,5541402.0,2100553460.0,2100553460.0,0.00260218965815,17.7845810966,2012-06-30,2012-08-24,37.6060885582,0.278971479778,-2.92029879391,2.33827079535
sh600981,2012-09-27,4.1,4.21,4.09,4.16,0.022113,1315300.0,5468347.0,2147003040.0,2147003040.0,0.00254850500817,18.1778515384,2012-06-30,2012-08-24,38.4376719944,0.28514037611,-2.98487536114,2.38997697745
sh600981,2012-09-28,4.15,4.21,4.12,4.17,0.002404,625199.0,2612246.0,2152164110.0,2152164110.0,0.00121137594382,18.2215510935,2012-06-30,2012-08-24,38.5300761579,0.285825853575,-2.99205100151,2.3957224821
sh600981,2012-10-08,4.17,4.2,4.12,4.15,-0.004796,461142.0,1914206.0,2141841980.0,2141841980.0,0.000893501629845,18.1341605344,2012-06-30,2012-08-24,38.3452859127,0.284455032781,-2.9777011249,2.38423259708
sh600981,2012-10-09,4.19,4.27,4.15,4.24,0.021687,862617.0,3648821.0,2188291560.0,2188291560.0,0.00167139340427,18.5274360739,2012-06-30,2012-08-24,39.1768801282,0.290624009077,-3.0422785292,2.43593944941
sh600981,2012-10-10,4.27,4.27,4.21,4.25,0.002358,790062.0,3361872.0,2193452630.0,2193452630.0,0.00153081195102,18.5711237682,2012-06-30,2012-08-24,39.2692592116,0.29130930049,-3.04945222197,2.44168339463
sh600981,2012-10-11,4.27,4.29,4.16,4.18,-0.016471,1126400.0,4770682.0,2157325170.0,2157325170.0,0.00218249527956,18.2652387886,2012-06-30,2012-08-24,38.6224552431,0.286511145002,-2.99922469442,2.40146642744
sh600981,2012-10-12,4.2,4.23,4.11,4.14,-0.009569,1177361.0,4888383.0,2136680910.0,2136680910.0,0.00228123652773,18.0904587186,2012-06-30,2012-08-24,38.2528769689,0.283769519855,-2.97052511332,2.37848679519
sh600981,2012-10-15,4.13,4.18,4.07,4.11,-0.007246,822135.0,3377372.0,2121197720.0,2121197720.0,0.00159295610124,17.9593752548,2012-06-30,2012-08-24,37.9756966224,0.281713325914,-2.94900068835,2.36125227987
sh600981,2012-10-16,4.1,4.15,4.07,4.08,-0.007299,2460106.0,10058573.0,2105714520.0,2105714520.0,0.00476666346965,17.8282897748,2012-06-30,2012-08-24,37.6985120127,0.279657100349,-2.92747593233,2.34401749948
sh600981,2012-10-17,4.07,4.1,4.02,4.06,-0.004902,1868409.0,7598721.0,2095392390.0,2095392390.0,0.00362020048188,17.7408954983,2012-06-30,2012-08-24,37.5137139068,0.278286221243,-2.91312544531,2.3325271257
sh600981,2012-10-18,4.09,4.17,4.08,4.13,0.017241,2479930.0,10248794.0,2131519850.0,2131519850.0,0.00480507413525,18.0467662776,2012-06-30,2012-08-24,38.1604878483,0.283084153983,-2.96335064111,2.37274222588
sh600981,2012-10-19,4.13,4.15,4.05,4.1,-0.007264,2965020.0,12100710.0,2116036650.0,2116036650.0,0.00574497705415,17.9156745673,2012-06-30,2012-08-24,37.8832900646,0.281027830689,-2.94182486205,2.35550662635
sh600981,2012-10-22,4.07,4.11,4.02,4.1,0.0,2972777.0,12084038.0,2116036650.0,2116036650.0,0.0057600068978,17.9156745673,2012-06-30,2012-08-24,37.8832900646,0.281027830689,-2.94182486205,2.35550662635
sh600981,2012-10-23,4.09,4.13,4.0,4.01,-0.021951,2627800.0,10649800.0,2069587070.0,2069587070.0,0.0050915847672,17.5224075949,2012-06-30,2012-08-24,37.0517139644,0.274858988777,-2.87724886451,2.30380090039
sh600981,2012-10-24,4.01,4.06,3.99,4.04,0.007481,1387007.0,5592834.0,2085070260.0,2085070260.0,0.0026874433862,17.6534927261,2012-06-30,2012-08-24,37.3288978365,0.276915208872,-2.89877356326,2.32103563493
sh600981,2012-10-25,4.06,4.12,4.04,4.05,0.002475,2073810.0,8463522.0,2090231330.0,2090231330.0,0.00401818228416,17.6971851206,2012-06-30,2012-08-24,37.4212868587,0.277600574014,-2.90594802783,2.32678019812
sh600981,2012-10-26,4.05,4.05,3.91,3.92,-0.032099,2704936.0,10710428.0,2023137480.0,2023137480.0,0.00524104230425,17.1291231754,2012-09-30,2012-10-26,36.4522308393,0.275616089849,-3.68219639257,2.31657949945
sh600981,2012-10-29,3.91,3.95,3.88,3.92,0.0,1246191.0,4884319.0,2023137480.0,2023137480.0,0.0024146004749,17.1291231754,2012-09-30,2012-10-26,36.4522308393,0.275616089849,-3.68219639257,2.31657949945
sh600981,2012-10-30,3.93,3.95,3.9,3.93,0.002551,889081.0,3494160.0,2028298550.0,2028298550.0,0.00172266963855,17.1728195687,2012-09-30,2012-10-26,36.5452204802,0.276319186494,-3.69158967557,2.32248909376
sh600981,2012-10-31,3.92,3.94,3.89,3.94,0.002545,953636.0,3735952.0,2033459610.0,2033459610.0,0.00184775041585,17.2165243945,2012-09-30,2012-10-26,36.6382280663,0.277022418823,-3.7009847713,2.3283998285
sh600981,2012-11-01,3.93,4.02,3.93,4.01,0.017766,1148296.0,4585343.0,2069587070.0,2069587070.0,0.00222492062632,17.5223931669,2012-09-30,2012-10-26,37.2891428262,0.281943999116,-3.76673646674,2.36976617985
sh600981,2012-11-02,4.03,4.03,3.96,4.01,0.0,1782500.0,7133356.0,2069587070.0,2069587070.0,0.00345374451919,17.5223931669,2012-09-30,2012-10-26,37.2891428262,0.281943999116,-3.76673646674,2.36976617985
sh600981,2012-11-05,4.02,4.03,3.95,3.99,-0.004988,1332071.0,5302151.0,2059264940.0,2059264940.0,0.00258100023302,17.4349914697,2012-09-30,2012-10-26,37.1031445817,0.280537662449,-3.74794798525,2.35794578615
sh600981,2012-11-06,4.0,4.0,3.88,3.93,-0.015038,2504350.0,9815556.0,2028298550.0,2028298550.0,0.00485238995019,17.172804068,2012-09-30,2012-10-26,36.5451874935,0.276318937081,-3.69158634345,2.32248699742
sh600981,2012-11-07,3.93,3.94,3.89,3.91,-0.005089,1428443.0,5579971.0,2017976420.0,2017976420.0,0.00276772913432,17.0854116681,2012-09-30,2012-10-26,36.3592090344,0.27491275001,-3.67279986054,2.31066786109
sh600981,2012-11-08,3.89,3.89,3.83,3.88,-0.007673,2163631.0,8347545.0,2002493220.0,2002493220.0,0.00419221807902,16.9543153044,2012-09-30,2012-10-26,36.0802248234,0.272803344479,-3.64461846721,2.29293810659
sh600981,2012-11-09,3.88,4.17,3.88,4.14,0.06701,9315429.0,37773464.0,2136680910.0,2136680910.0,0.018049431658,18.0904239729,2012-09-30,2012-10-26,38.4979606889,0.291083896593,-3.8888443507,2.44658788911
sh600981,2012-11-12,4.15,4.16,4.08,4.15,0.002415,4717871.0,19459752.0,2141841980.0,2141841980.0,0.00914127411491,18.1341123468,2012-09-30,2012-10-26,38.5909332639,0.291786864203,-3.89823590981,2.45249639886
sh600981,2012-11-13,4.13,4.15,4.05,4.13,-0.004819,2736957.0,11236775.0,2131519850.0,2131519850.0,0.0053030856879,18.0467240594,2012-09-30,2012-10-26,38.4049635565,0.290380743304,-3.87945031096,2.44067781872
sh600981,2012-11-14,4.12,4.18,4.09,4.13,0.0,1726889.0,7132755.0,2131519850.0,2131519850.0,0.00334599350318,18.0467240594,2012-09-30,2012-10-26,38.4049635565,0.290380743304,-3.87945031096,2.44067781872
sh600981,2012-11-15,4.12,4.23,4.0,4.08,-0.012107,4516321.0,18667310.0,2105714520.0,2105714520.0,0.0087507539626,17.8282323712,2012-09-30,2012-10-26,37.9399946627,0.286865103645,-3.83248180604,2.41112853237
sh600981,2012-11-16,4.05,4.07,3.91,4.03,-0.012255,1922421.0,7650884.0,2079909200.0,2079909200.0,0.00372485329167,17.6097473835,2012-09-30,2012-10-26,37.4750400282,0.2833495718,-3.78551474151,2.3815801522
sh600981,2012-11-19,4.0,4.05,3.9,4.04,0.002481,1685399.0,6691488.0,2085070260.0,2085070260.0,0.00326560312649,17.6534371668,2012-09-30,2012-10-26,37.5680156025,0.284052562088,-3.79490660358,2.38748885256
sh600981,2012-11-20,3.98,4.02,3.94,3.95,-0.022277,796448.0,3165690.0,2038620680.0,2038620680.0,0.0015431853659,17.260171547,2012-09-30,2012-10-26,36.7311129189,0.277724723162,-3.71036746918,2.33430276339
sh600981,2012-11-21,3.95,4.03,3.91,4.02,0.017722,804752.0,3208174.0,2074748130.0,2074748130.0,0.0015592750721,17.5660563072,2012-09-30,2012-10-26,37.382061702,0.282646560706,-3.77612260147,2.37567127696
sh600981,2012-11-22,4.01,4.01,3.9,3.92,-0.024876,1083799.0,4287929.0,2023137480.0,2023137480.0,0.00209995223854,17.1290830905,2012-09-30,2012-10-26,36.4521455351,0.275615444862,-3.68218777563,2.31657407828
sh600981,2012-11-23,3.95,3.97,3.91,3.91,-0.002551,1207602.0,4740217.0,2017976420.0,2017976420.0,0.00233983101745,17.0853867995,2012-09-30,2012-10-26,36.3591561119,0.274912349862,-3.67279451462,2.3106644978
sh600981,2012-11-26,3.87,3.93,3.86,3.91,0.0,597937.0,2328804.0,2017976420.0,2017976420.0,0.00115855351273,17.0853867995,2012-09-30,2012-10-26,36.3591561119,0.274912349862,-3.67279451462,2.3106644978
sh600981,2012-11-27,3.89,3.9,3.75,3.75,-0.040921,1824223.0,6933299.0,1935399380.0,1935399380.0,0.00353458636015,16.3862356863,2012-09-30,2012-10-26,34.8713030846,0.263662661593,-3.52250009028,2.21610979589
sh600981,2012-11-28,3.7,3.73,3.46,3.56,-0.050667,2772564.0,9901494.0,1837339140.0,1837339140.0,0.00537207727475,15.5559942828,2012-09-30,2012-10-26,33.1044787712,0.250303665518,-3.34402557821,2.10382616086
sh600981,2012-11-29,3.54,3.59,3.44,3.45,-0.030899,1184752.0,4163977.0,1780567430.0,1780567430.0,0.00229555720897,15.0753296154,2012-09-30,2012-10-26,32.0815834817,0.242569532557,-3.24069853187,2.03882003632
sh600981,2012-11-30,3.47,3.54,3.44,3.52,0.02029,1754577.0,6103949.0,1816694880.0,1816694880.0,0.00339964135309,15.3812080533,2012-09-30,2012-10-26,32.7325188105,0.247491268373,-3.30645230508,2.08018769485
sh600981,2012-12-03,3.5,3.52,3.4,3.4,-0.034091,1021700.0,3541154.0,1754762100.0,1754762100.0,0.00197963017323,14.8568472896,2012-09-30,2012-10-26,31.6166345118,0.239054043543,-3.19373203955,2.00927201615
sh600981,2012-12-04,3.44,3.52,3.41,3.51,0.032353,1068401.0,3704919.0,1811533820.0,1811533820.0,0.00207011730535,15.3375108699,2012-09-30,2012-10-26,32.6395274881,0.246788159014,-3.29705885222,2.07427799369
sh600981,2012-12-05,3.47,3.64,3.47,3.59,0.022792,1702041.0,6104181.0,1852822340.0,1852822340.0,0.0032978484003,15.6870834177,2012-09-30,2012-10-26,33.3834475986,0.252412954734,-3.37220541758,2.12155493772
sh600981,2012-12-06,3.57,3.64,3.57,3.62,0.008357,1065864.0,3844137.0,1868305530.0,1868305530.0,0.00206520165896,15.8181803738,2012-09-30,2012-10-26,33.6624330702,0.254522369797,-3.40038693826,2.13928477233
sh600981,2012-12-07,3.62,3.71,3.59,3.7,0.022099,1598774.0,5849298.0,1909594050.0,1909594050.0,0.00309775986158,16.1677463419,2012-09-30,2012-10-26,34.4063391786,0.260147059647,-3.47553208921,2.18656082652
sh600981,2012-12-10,3.73,3.74,3.68,3.72,0.005405,1118649.0,4152277.0,1919916180.0,1919916180.0,0.00216747706142,16.2551330109,2012-09-30,2012-10-26,34.5923054419,0.261553154504,-3.49431734015,2.19837918778
sh600981,2012-12-11,3.69,3.74,3.65,3.68,-0.010753,1661728.0,6126404.0,1899271920.0,1899271920.0,0.00321973856171,16.0803415656,2012-09-30,2012-10-26,34.2203343815,0.258740673434,-3.45674294579,2.17474001638
sh600981,2012-12-12,3.65,3.69,3.62,3.67,-0.002717,1494530.0,5439120.0,1894110860.0,1894110860.0,0.00289577828618,16.0366512776,2012-09-30,2012-10-26,34.127357733,0.258037675024,-3.44735097521,2.16883124775
sh600981,2012-12-13,3.64,3.66,3.62,3.63,-0.010899,810458.0,2942246.0,1873466600.0,1873466600.0,0.00157033092557,15.8618678153,2012-09-30,2012-10-26,33.755403661,0.255225322404,-3.40977829693,2.14519315598
sh600981,2012-12-14,3.66,3.8,3.63,3.77,0.038567,2870481.0,10716276.0,1945721510.0,1945721510.0,0.00556179973053,16.4736124713,2012-09-30,2012-10-26,35.057248314,0.265068597413,-3.5412832165,2.22792682043
sh600981,2012-12-17,3.73,3.83,3.73,3.76,-0.002653,1937335.0,7297023.0,1940560440.0,1940560440.0,0.00375375043717,16.4299079774,2012-09-30,2012-10-26,34.9642414342,0.264365370424,-3.53188819213,2.22201613058
sh600981,2012-12-18,3.77,3.81,3.73,3.74,-0.005319,1456167.0,5486422.0,1930238310.0,1930238310.0,0.00282144673628,16.3425172969,2012-09-30,2012-10-26,34.778266634,0.262959211019,-3.51310207884,2.21019722678
sh600981,2012-12-19,3.74,3.76,3.71,3.74,0.0,1084079.0,4050961.0,1930238310.0,1930238310.0,0.00210049476222,16.3425172969,2012-09-30,2012-10-26,34.778266634,0.262959211019,-3.51310207884,2.21019722678
sh600981,2012-12-20,3.73,3.75,3.69,3.71,-0.008021,1404810.0,5219585.0,1914755120.0,1914755120.0,0.00272193819751,16.2114339657,2012-09-30,2012-10-26,34.4993101574,0.260850015187,-3.48492348706,2.19246923482
sh600981,2012-12-21,3.73,3.76,3.68,3.72,0.002695,1383534.0,5141054.0,1919916180.0,1919916180.0,0.00268071415493,16.2551237802,2012-09-30,2012-10-26,34.5922857982,0.261553005978,-3.49431535586,2.19837793941
sh600981,2012-12-24,3.72,3.73,3.67,3.7,-0.005376,1168270.0,4323619.0,1909594050.0,1909594050.0,0.00226362194625,16.1677362348,2012-09-30,2012-10-26,34.4063176698,0.260146897018,-3.47552991651,2.18655945961
sh600981,2012-12-25,3.68,3.8,3.64,3.77,0.018919,2998181.0,11211822.0,1945721510.0,1945721510.0,0.00580922928174,16.4736136366,2012-09-30,2012-10-26,35.0572507938,0.265068616163,-3.541283467,2.22792697802
sh600981,2012-12-26,3.76,3.87,3.75,3.87,0.026525,3276631.0,12484932.0,1997332160.0,1997332160.0,0.00634874970921,16.9105762383,2012-09-30,2012-10-26,35.9871443711,0.272099561206,-3.63521601096,2.28702274112
sh600981,2012-12-27,3.84,3.87,3.79,3.8,-0.018088,2177751.0,8338828.0,1961204700.0,1961204700.0,0.0042195767734,16.6046977353,2012-09-30,2012-10-26,35.3362089037,0.267177824343,-3.56946222375,2.24565507377
sh600981,2012-12-28,3.8,3.86,3.78,3.85,0.013158,2315440.0,8866222.0,1987010030.0,1987010030.0,0.0044863608464,16.8231823481,2012-09-30,2012-10-26,35.8011627405,0.270693350156,-3.61642920769,2.27520340324
sh600981,2012-12-31,3.85,3.9,3.84,3.89,0.01039,2060985.0,7974539.0,2007654290.0,2007654290.0,0.00399333276149,16.9979752127,2012-09-30,2012-10-26,36.1731368213,0.273505854064,-3.65400390716,2.29884276659
sh600981,2013-01-04,3.89,3.95,3.86,3.89,0.0,1921211.0,7467354.0,2007654290.0,2007654290.0,0.00372250881401,16.9979752127,2012-09-30,2012-10-26,36.1731368213,0.273505854064,-3.65400390716,2.29884276659
sh600981,2013-01-07,3.87,3.9,3.84,3.89,0.0,1525474.0,5888722.0,2007654290.0,2007654290.0,0.00295573490394,16.9979752127,2012-09-30,2012-10-26,36.1731368213,0.273505854064,-3.65400390716,2.29884276659
sh600981,2013-01-08,3.89,3.94,3.86,3.94,0.012853,2179331.0,8511020.0,2033459610.0,2033459610.0,0.00422263815705,17.2164501881,2012-09-30,2012-10-26,36.6380701489,0.277021224806,-3.70096881938,2.32838979267
sh600981,2013-01-09,3.94,4.0,3.89,3.95,0.002538,1915202.0,7553711.0,2038620680.0,2038620680.0,0.00371086586839,17.2601455387,2012-09-30,2012-10-26,36.7310575709,0.277724304675,-3.71036187824,2.33429924597
sh600981,2013-01-10,3.94,3.97,3.9,3.93,-0.005063,2058283.0,8110141.0,2028298550.0,2028298550.0,0.00398809740805,17.1727574218,2012-09-30,2012-10-26,36.5450882265,0.27631818652,-3.69157631605,2.32248068889
sh600981,2013-01-11,3.93,4.08,3.92,3.93,0.0,5668076.0,22591408.0,2028298550.0,2028298550.0,0.0109823766723,17.1727574218,2012-09-30,2012-10-26,36.5450882265,0.27631818652,-3.69157631605,2.32248068889
sh600981,2013-01-14,3.91,4.05,3.89,4.01,0.020356,4454276.0,17763087.0,2069587070.0,2069587070.0,0.00863053650601,17.5223260719,2012-09-30,2012-10-26,37.2890000424,0.281942919525,-3.76672204354,2.36975710579
sh600981,2013-01-15,4.01,4.1,3.97,4.1,0.022444,4003059.0,16140839.0,2116036650.0,2116036650.0,0.00775626542196,17.9155971583,2012-09-30,2012-10-26,38.1259143594,0.288270846411,-3.85126235309,2.42294393427
sh600981,2013-01-16,4.05,4.09,3.98,4.05,-0.012195,2891025.0,11662946.0,2090231330.0,2090231330.0,0.00560160546919,17.6971164509,2012-09-30,2012-10-26,37.6609688337,0.284755383439,-3.80429620869,2.39339613299
sh600981,2013-01-17,4.05,4.05,3.97,3.99,-0.014815,1341238.0,5370451.0,2059264940.0,2059264940.0,0.0025987620709,17.4349336707,2012-09-30,2012-10-26,37.1030215805,0.280536732433,-3.74793556036,2.35793796928
sh600981,2013-01-18,4.0,4.07,3.99,4.04,0.012531,1806279.0,7287353.0,2085070260.0,2085070260.0,0.00349981835144,17.6534108245,2012-09-30,2012-10-26,37.5679595439,0.284052138228,-3.79490094087,2.38748528998
sh600981,2013-01-21,4.03,4.12,4.03,4.08,0.009901,2003263.0,8170358.0,2105714520.0,2105714520.0,0.00388149151386,17.8281972451,2012-09-30,2012-10-26,37.9399199113,0.286864538448,-3.83247425508,2.41112378183
sh600981,2013-01-22,4.08,4.08,3.99,4.01,-0.017157,1848928.0,7452691.0,2069587070.0,2069587070.0,0.00358245438787,17.522318865,2012-09-30,2012-10-26,37.2889847054,0.281942803562,-3.76672049429,2.36975613111
sh600981,2013-01-23,4.01,4.02,3.93,4.01,0.0,1479779.0,5882929.0,2069587070.0,2069587070.0,0.00286719697664,17.522318865,2012-09-30,2012-10-26,37.2889847054,0.281942803562,-3.76672049429,2.36975613111
sh600981,2013-01-24,4.01,4.04,3.85,3.92,-0.022444,1816277.0,7195415.0,2023137480.0,2023137480.0,0.00351919032215,17.1290479404,2012-09-30,2012-10-26,36.4520707327,0.275614879279,-3.68218021952,2.3165693245
sh600981,2013-01-25,3.94,3.97,3.88,3.92,0.0,925168.0,3640673.0,2023137480.0,2023137480.0,0.00179259125781,17.1290479404,2012-09-30,2012-10-26,36.4520707327,0.275614879279,-3.68218021952,2.3165693245
sh600981,2013-01-28,3.9,3.99,3.9,3.98,0.015306,1632172.0,6478790.0,2054103870.0,2054103870.0,0.00316247131164,17.3912251481,2012-09-30,2012-10-26,37.0100061273,0.279833440621,-3.73853966996,2.35202673458
sh600981,2013-01-29,3.98,4.01,3.95,3.98,0.0,1583977.0,6307810.0,2054103870.0,2054103870.0,0.00306908942244,17.3912251481,2012-09-30,2012-10-26,37.0100061273,0.279833440621,-3.73853966996,2.35202673458
sh600981,2013-01-30,3.99,4.12,3.99,4.09,0.027638,3726778.0,15187954.0,2110875590.0,2110875590.0,0.00722094759739,17.8718838288,2012-09-30,2012-10-26,38.0328886767,0.287567477253,-3.84186542935,2.41703204947
sh600981,2013-01-31,4.09,4.15,4.03,4.14,0.012225,2283538.0,9307330.0,2136680910.0,2136680910.0,0.00442454803418,18.0903676086,2012-09-30,2012-10-26,38.4978407407,0.291082989662,-3.88883223423,2.44658026628
sh600981,2013-02-01,4.11,4.16,4.08,4.14,0.0,2012602.0,8290405.0,2136680910.0,2136680910.0,0.00389958661633,18.0903676086,2012-09-30,2012-10-26,38.4978407407,0.291082989662,-3.88883223423,2.44658026628
sh600981,2013-02-04,4.31,4.44,4.16,4.17,0.007246,3227424.0,13658282.0,2152164110.0,2152164110.0,0.00625340698577,18.2214504123,2012-09-30,2012-10-26,38.7767960948,0.293192177006,-3.9170107126,2.46430818689
sh600981,2013-02-05,4.16,4.2,4.05,4.11,-0.014388,2404300.0,9895263.0,2121197720.0,2121197720.0,0.00465853461317,17.9592801838,2012-09-30,2012-10-26,38.2188755525,0.288973727963,-3.86065276246,2.42885172069
sh600981,2013-02-06,4.1,4.39,4.08,4.36,0.060827,6026285.0,25708794.0,2250224340.0,2250224340.0,0.011676436937,19.0516893195,2012-09-30,2012-10-26,40.5436150958,0.306551132914,-4.09548468805,2.57659148431
sh600981,2013-02-07,4.3,4.54,4.28,4.41,0.011468,8174798.0,36099159.0,2276029670.0,2276029670.0,0.0158393625774,19.2701740926,2012-09-30,2012-10-26,41.0085692737,0.310066661306,-4.14245170645,2.60613983545
sh600981,2013-02-08,4.35,4.41,4.29,4.38,-0.006803,2933119.0,12755260.0,2260546470.0,2260546470.0,0.00568316616822,19.1390790983,2012-09-30,2012-10-26,40.7295879769,0.307957277809,-4.11427060749,2.58841026615
sh600981,2013-02-18,4.36,4.38,4.25,4.3,-0.018265,2700015.0,11607874.0,2219257950.0,2219257950.0,0.0052315074505,18.7895038185,2012-09-30,2012-10-26,39.9856620525,0.30233243813,-4.03912345484,2.54113295264
sh600981,2013-02-19,4.29,4.29,4.16,4.21,-0.02093,2746478.0,11585777.0,2172808370.0,2172808370.0,0.00532153343095,18.3962395036,2012-09-30,2012-10-26,39.1487621458,0.2960046202,-3.95458460093,2.48794703994
sh600981,2013-02-20,4.18,4.27,4.17,4.27,0.014252,1352850.0,5707271.0,2203774760.0,2203774760.0,0.00262126130349,18.658422709,2012-09-30,2012-10-26,39.7067103039,0.300223278047,-4.01094534067,2.52340526115
sh600981,2013-02-21,4.25,4.25,4.1,4.14,-0.030445,2212136.0,9209958.0,2136680910.0,2136680910.0,0.00428620061945,18.0903670296,2012-09-30,2012-10-26,38.4978395087,0.291082980347,-3.88883210977,2.44658018798
sh600981,2013-02-22,4.14,4.17,4.05,4.09,-0.012077,1921860.0,7921406.0,2110875590.0,2110875590.0,0.00372376630685,17.871889667,2012-09-30,2012-10-26,38.0329011009,0.287567571193,-3.84186668438,2.41703283905
sh600981,2013-02-25,4.09,4.13,4.08,4.11,0.00489,773215.0,3180115.0,2121197720.0,2121197720.0,0.00149816946343,17.9592832075,2012-09-30,2012-10-26,38.2188819873,0.288973776616,-3.86065341247,2.42885212963
sh600981,2013-02-26,4.1,4.13,3.98,4.0,-0.026764,2349590.0,9534618.0,2064426000.0,2064426000.0,0.00455252937136,17.4786209517,2012-09-30,2012-10-26,37.1959918298,0.281239682459,-3.75732688454,2.36384633123
sh600981,2013-02-27,4.01,4.06,3.97,3.99,-0.0025,1550969.0,6202432.0,2059264940.0,2059264940.0,0.00300513362307,17.4349243993,2012-09-30,2012-10-26,37.1030018502,0.280536583253,-3.74793356732,2.3579367154
sh600981,2013-02-28,3.99,4.09,3.99,4.08,0.022556,1721949.0,6982318.0,2105714520.0,2105714520.0,0.00333642184317,17.8281865541,2012-09-30,2012-10-26,37.93989716,0.286864366425,-3.83247195687,2.41112233596
sh600981,2013-03-01,4.11,4.11,4.0,4.09,0.002451,2907619.0,11780698.0,2110875590.0,2110875590.0,0.00563375774789,17.8718834393,2012-09-30,2012-10-26,38.0328878479,0.287567470987,-3.84186534564,2.4170319968
sh600981,2013-03-04,4.06,4.06,3.77,3.84,-0.061125,4990179.0,19457740.0,1981848960.0,1981848960.0,0.00966889392015,16.7794645641,2012-09-30,2012-10-26,35.7081275782,0.269989909323,-3.60703132638,2.269290916
sh600981,2013-03-05,3.82,3.9,3.81,3.9,0.015625,3691791.0,14218373.0,2012815350.0,2012815350.0,0.00715315734253,17.0416436979,2012-09-30,2012-10-26,36.2660670716,0.274208501656,-3.66339119086,2.30474858656
sh600981,2013-03-06,3.93,3.99,3.89,3.98,0.020513,3056961.0,12050435.0,2054103870.0,2054103870.0,0.00592312051873,17.3912189351,2012-09-30,2012-10-26,37.0099929054,0.27983334065,-3.73853833436,2.35202589432
sh600981,2013-03-07,3.98,3.99,3.89,3.92,-0.015075,3064450.0,12059846.0,2023137480.0,2023137480.0,0.00593763108971,17.1290463097,2012-09-30,2012-10-26,36.4520672624,0.27561485304,-3.68217986897,2.31656910396
sh600981,2013-03-08,3.93,3.94,3.89,3.92,0.0,2292995.0,8972555.0,2023137480.0,2023137480.0,0.00444287177162,17.1290463097,2012-09-30,2012-10-26,36.4520672624,0.27561485304,-3.68217986897,2.31656910396
sh600981,2013-03-11,3.91,3.93,3.85,3.87,-0.012755,1790210.0,6964842.0,1997332160.0,1997332160.0,0.00346868329602,16.910565324,2012-09-30,2012-10-26,35.9871211445,0.272099385589,-3.63521366474,2.28702126504
sh600981,2013-03-12,3.86,3.93,3.74,3.77,-0.02584,3179315.0,12136775.0,1945721510.0,1945721510.0,0.00616019172754,16.473596316,2012-09-30,2012-10-26,35.0572139341,0.265068337466,-3.54127974364,2.22792463555
sh600981,2013-03-13,3.78,3.79,3.7,3.78,0.002653,1991268.0,7473771.0,1950882570.0,1950882570.0,0.00385825018673,16.517300767,2012-09-30,2012-10-26,35.1502207227,0.265771563765,-3.5506747588,2.23383531961
sh600981,2013-03-14,3.79,3.86,3.76,3.85,0.018519,2357067.0,8996126.0,1987010030.0,1987010030.0,0.00456701667983,16.8231846599,2012-09-30,2012-10-26,35.8011676602,0.270693387354,-3.61642970466,2.27520371589
sh600981,2013-03-15,3.83,4.1,3.83,3.98,0.033766,5175953.0,20242555.0,2054103870.0,2054103870.0,0.0100288467593,17.3912363132,2012-09-30,2012-10-26,37.0100298874,0.279833620272,-3.73854207007,2.35202824456
sh600981,2013-03-18,3.95,4.07,3.92,4.03,0.012563,10246656.0,41102441.0,2079909200.0,2079909200.0,0.0198537626931,17.609722415,2012-09-30,2012-10-26,37.4749868929,0.283349170043,-3.78550937409,2.3815767754
sh600981,2013-03-19,4.01,4.07,3.94,4.06,0.007444,6620720.0,26583432.0,2095392390.0,2095392390.0,0.0128282050313,17.7408091886,2012-09-30,2012-10-26,37.7539506953,0.285458421265,-3.81368870587,2.39930523291
sh600981,2013-03-20,4.03,4.09,3.97,4.07,0.002463,6337485.0,25488635.0,2100553460.0,2100553460.0,0.0122794132314,17.7845048017,2012-09-30,2012-10-26,37.8469386759,0.286161505357,-3.82308182116,2.4052147217
sh600981,2013-03-21,4.06,4.06,3.99,4.04,-0.007371,4692600.0,18895032.0,2085070260.0,2085070260.0,0.00909230943613,17.6534152168,2012-09-30,2012-10-26,37.5679688909,0.284052208901,-3.79490188505,2.38748588399
sh600981,2013-03-22,4.02,4.04,3.97,3.99,-0.012376,3922431.0,15683610.0,2059264940.0,2059264940.0,0.00760004183337,17.43493655,2012-09-30,2012-10-26,37.1030277079,0.280536778763,-3.74793617932,2.35793835869
sh600981,2013-03-25,3.99,4.03,3.98,4.0,0.002506,2398712.0,9595695.0,2064426000.0,2064426000.0,0.00464770740148,17.478628501,2012-09-30,2012-10-26,37.1960078954,0.281239803931,-3.75732850739,2.36384735222
sh600981,2013-03-26,3.95,3.97,3.81,3.88,-0.03,4955676.0,19173248.0,2002493220.0,2002493220.0,0.00960204143912,16.954269646,2012-09-30,2012-10-26,36.0801276585,0.272802609813,-3.64460865217,2.29293193165
sh600981,2013-03-27,3.86,3.9,3.78,3.79,-0.023196,7581074.0,28988791.0,1956043640.0,1956043640.0,0.0146889721029,16.5609984073,2012-09-30,2012-10-26,35.2432130173,0.266474680476,-3.56006830987,2.23974508256
sh600981,2013-03-28,3.74,3.76,3.64,3.67,-0.031662,5719001.0,21137278.0,1894110860.0,1894110860.0,0.0110810481653,16.0366440757,2012-12-31,2013-03-28,55.0043463925,0.277664185973,-10.3178574842,2.14595411634
sh600981,2013-03-29,3.67,3.71,3.64,3.7,0.008174,2858160.0,10529256.0,1909594050.0,1909594050.0,0.00553792676512,16.1677276044,2012-12-31,2013-03-28,55.4539519199,0.279933813029,-10.4021956513,2.16349514529
sh600981,2013-04-01,3.7,3.76,3.67,3.72,0.005405,2236351.0,8309897.0,1919916180.0,1919916180.0,0.00433311923024,16.2551141721,2012-12-31,2013-03-28,55.75368053,0.281446855289,-10.4584195188,2.17518883655
sh600981,2013-04-02,3.73,3.75,3.68,3.69,-0.008065,1632889.0,6055247.0,1904432990.0,1904432990.0,0.00316386055148,16.1240166763,2012-12-31,2013-03-28,55.3040270966,0.279176986401,-10.3740723654,2.15764593858
sh600981,2013-04-03,3.7,3.71,3.64,3.66,-0.00813,1698009.0,6234529.0,1888949790.0,1888949790.0,0.00329003606814,15.9929284207,2012-12-31,2013-03-28,54.8544053563,0.276907277501,-10.2897311571,2.1401042771
sh600981,2013-04-08,3.63,3.69,3.58,3.68,0.005464,1799828.0,6536699.0,1899271920.0,1899271920.0,0.00348731899327,16.0803137816,2012-12-31,2013-03-28,55.1541298271,0.278420298865,-10.3459542481,2.15179780687
sh600981,2013-04-09,3.68,3.73,3.66,3.71,0.008152,1495468.0,5529883.0,1914755120.0,1914755120.0,0.0028975957406,16.2114004996,2012-12-31,2013-03-28,55.6037462935,0.280689981142,-10.4302944671,2.16933926259
sh600981,2013-04-10,3.7,3.7,3.64,3.68,-0.008086,1654274.0,6071074.0,1899271920.0,1899271920.0,0.0032052958062,16.0803151151,2012-12-31,2013-03-28,55.154134401,0.278420321954,-10.3459551061,2.15179798532
sh600981,2013-04-11,3.7,3.7,3.64,3.65,-0.008152,1457085.0,5355827.0,1883788730.0,1883788730.0,0.00282322543144,15.9492283863,2012-12-31,2013-03-28,54.7045178973,0.27615063949,-10.2616148801,2.13425652814
sh600981,2013-04-12,3.65,3.68,3.61,3.62,-0.008219,1148229.0,4173952.0,1868305530.0,1868305530.0,0.00222479081352,15.8181416782,2012-12-31,2013-03-28,54.2549014647,0.273880957384,-10.1772746674,2.11671507374
sh600981,2013-04-15,3.59,3.61,3.55,3.58,-0.01105,1301517.0,4659626.0,1847661270.0,1847661270.0,0.0025217992798,15.6433512126,2012-12-31,2013-03-28,53.6553848035,0.270854572805,-10.0648157823,2.09332537217
sh600981,2013-04-16,3.58,3.6,3.52,3.59,0.002793,1586570.0,5646414.0,1852822340.0,1852822340.0,0.00307411357098,15.6870430926,2012-12-31,2013-03-28,53.8052442933,0.271611069627,-10.0929268128,2.09917202994
sh600981,2013-04-17,3.59,3.6,3.57,3.6,0.002786,1056671.0,3786949.0,1857983400.0,1857983400.0,0.00204738944385,15.7307471946,2012-12-31,2013-03-28,53.9551457039,0.272367778066,-10.1210457069,2.10502032321
sh600981,2013-04-18,3.59,3.67,3.56,3.66,0.016667,1547835.0,5599375.0,1888949790.0,1888949790.0,0.00299906124027,15.9929315581,2012-12-31,2013-03-28,54.8544161173,0.276907331824,-10.2897331757,2.14010469694
sh600981,2013-04-19,3.66,3.7,3.64,3.69,0.008197,2114655.0,7769163.0,1904432990.0,1904432990.0,0.0040973229255,16.1240256181,2012-12-31,2013-03-28,55.3040577663,0.279177141222,-10.3740781185,2.15764713514
sh600981,2013-04-22,3.65,3.77,3.64,3.69,0.0,2052819.0,7593587.0,1904432990.0,1904432990.0,0.00397751044525,16.1240256181,2012-12-31,2013-03-28,55.3040577663,0.279177141222,-10.3740781185,2.15764713514
sh600981,2013-04-23,3.71,3.71,3.54,3.55,-0.03794,2866622.0,10285358.0,1832178080.0,1832178080.0,0.00555432259074,15.5122800862,2012-12-31,2013-03-28,53.2058218146,0.268585160485,-9.98048559468,2.07578600283
sh600981,2013-04-24,3.57,3.6,3.52,3.59,0.011268,1868927.0,6661976.0,1852822340.0,1852822340.0,0.00362120414092,15.6870724582,2012-12-31,2013-03-28,53.8053450148,0.271611578073,-10.0929457064,2.09917595951
sh600981,2013-04-25,3.57,3.67,3.56,3.57,-0.005571,2173944.0,7851755.0,1842500210.0,1842500210.0,0.00421220037744,15.5996797775,2012-12-31,2013-03-28,53.5055954377,0.270098429971,-10.0367179058,2.08748145024
sh600981,2013-04-26,3.59,3.59,3.5,3.53,-0.011204,1183883.0,4200314.0,1821855950.0,1821855950.0,0.00229387344812,15.4249009653,2013-03-31,2013-04-26,56.0006345681,0.272446546836,60.7698664096,2.06358652507
sh600981,2013-05-02,3.53,3.57,3.51,3.55,0.005666,784161.0,2778850.0,1832178080.0,1832178080.0,0.00151937826371,15.5122984542,2013-03-31,2013-04-26,56.3179341636,0.273990228971,61.1141884727,2.07527880632
sh600981,2013-05-03,3.56,3.62,3.56,3.6,0.014085,1179257.0,4236548.0,1857983400.0,1857983400.0,0.00228491018811,15.7307891779,2013-03-31,2013-04-26,57.1111722663,0.277849381346,61.9749818173,2.10450910831
sh600981,2013-05-06,3.61,3.64,3.58,3.63,0.008333,1696455.0,6133934.0,1873466600.0,1873466600.0,0.00328702505292,15.8618738441,2013-03-31,2013-04-26,57.5870796647,0.280164700241,62.4914193408,2.12204598271
sh600981,2013-05-07,3.63,3.64,3.59,3.62,-0.002755,1755686.0,6331683.0,1868305530.0,1868305530.0,0.0034017901344,15.8181743817,2013-03-31,2013-04-26,57.4284272603,0.279392846492,62.3192554805,2.11619974603
sh600981,2013-05-08,3.62,3.69,3.61,3.65,0.008287,2279237.0,8300750.0,1883788730.0,1883788730.0,0.00441621447114,15.9492595928,2013-03-31,2013-04-26,57.904336637,0.28170817501,62.8356951507,2.13373669332
sh600981,2013-05-09,3.63,3.64,3.58,3.61,-0.010959,1449667.0,5226235.0,1863144470.0,1863144470.0,0.00280885242893,15.7744716569,2013-03-31,2013-04-26,57.2697630118,0.27862093512,62.1470787675,2.1103530729
sh600981,2013-05-10,3.6,3.64,3.6,3.64,0.00831,2044436.0,7399606.0,1878627660.0,1878627660.0,0.00396126768409,15.9055575164,2013-03-31,2013-04-26,57.7456747424,0.280936275091,62.6635209921,2.12789010694
sh600981,2013-05-13,3.64,3.66,3.6,3.65,0.002747,1823640.0,6609016.0,1883788730.0,1883788730.0,0.00353345674809,15.9492500828,2013-03-31,2013-04-26,57.9043021109,0.281708007039,62.8356576842,2.13373542106
sh600981,2013-05-14,3.64,3.65,3.6,3.63,-0.005479,1547226.0,5594457.0,1873466600.0,1873466600.0,0.00299788124325,15.8618641416,2013-03-31,2013-04-26,57.5870444397,0.280164528868,62.4913811158,2.12204468469
sh600981,2013-05-15,3.62,3.69,3.62,3.68,0.013774,2090790.0,7644037.0,1899271920.0,1899271920.0,0.00405108248007,16.0803454583,2013-03-31,2013-04-26,58.3802483898,0.284023515089,63.3521373993,2.15127372818
sh600981,2013-05-16,3.67,3.72,3.63,3.69,0.002717,2307923.0,8507051.0,1904432990.0,1904432990.0,0.00447179602261,16.1240357569,2013-03-31,2013-04-26,58.5388675246,0.28479520698,63.5242651566,2.15711873889
sh600981,2013-05-17,3.69,3.72,3.66,3.71,0.00542,2589752.0,9561419.0,1914755120.0,1914755120.0,0.005017863548,16.2114280307,2013-03-31,2013-04-26,58.8561481866,0.286338797001,63.8685666737,2.16881032246
sh600981,2013-05-20,3.71,3.75,3.7,3.74,0.008086,2757543.0,10267951.0,1930238310.0,1930238310.0,0.00534297281666,16.3425136378,2013-03-31,2013-04-26,59.3320590009,0.288654132514,64.3850079039,2.18634732273
sh600981,2013-05-21,3.74,3.79,3.71,3.78,0.010695,2898394.0,10874312.0,1950882570.0,1950882570.0,0.00561588354342,16.5172968212,2013-03-31,2013-04-26,59.9666153719,0.291741288461,65.0736055634,2.20973030734
sh600981,2013-05-22,3.78,3.79,3.71,3.74,-0.010582,2774713.0,10416612.0,1930238310.0,1930238310.0,0.00537624114403,16.3425107862,2013-03-31,2013-04-26,59.332048648,0.288654082147,64.3849966693,2.18634694123
sh600981,2013-05-23,3.71,3.74,3.66,3.68,-0.016043,3316468.0,12276811.0,1899271920.0,1899271920.0,0.00642593728232,16.0803278857,2013-03-31,2013-04-26,58.3801845915,0.284023204707,63.3520681678,2.15127137725
sh600981,2013-05-24,3.69,3.73,3.67,3.71,0.008152,2190659.0,8098126.0,1914755120.0,1914755120.0,0.00424458710417,16.2114147186,2013-03-31,2013-04-26,58.8560998563,0.286338561872,63.8685142275,2.16880854152
sh600981,2013-05-27,3.71,3.78,3.71,3.76,0.013477,3155155.0,11859237.0,1940560440.0,1940560440.0,0.00611337969973,16.4298959547,2013-03-31,2013-04-26,59.6493035141,0.29019754667,64.7292701937,2.19803757423
sh600981,2013-05-28,3.77,3.81,3.71,3.79,0.007979,3687310.0,13896554.0,1956043640.0,1956043640.0,0.00714447500773,16.5609900946,2013-03-31,2013-04-26,60.1252453068,0.292513032895,65.2457450406,2.21557571604
sh600981,2013-05-29,3.79,3.83,3.77,3.81,0.005277,3982399.0,15153741.0,1966365770.0,1966365770.0,0.00771623490476,16.6483824393,2013-03-31,2013-04-26,60.4425262263,0.294056624169,65.5900468372,2.22726730909
sh600981,2013-05-30,3.8,3.87,3.79,3.85,0.010499,4825068.0,18531226.0,1987010030.0,1987010030.0,0.00934897736777,16.8231738065,2013-03-31,2013-04-26,61.0771123092,0.297143924667,66.2786767389,2.25065138857
sh600981,2013-05-31,3.85,3.86,3.78,3.79,-0.015584,2959386.0,11295893.0,1956043640.0,1956043640.0,0.00573406068793,16.5610014659,2013-03-31,2013-04-26,60.125286591,0.292513233745,65.2457898406,2.21557723733
sh600981,2013-06-03,3.78,3.86,3.77,3.84,0.013193,2689308.0,10303754.0,1981848960.0,1981848960.0,0.00521076173232,16.7794907583,2013-03-31,2013-04-26,60.9185194969,0.296372360837,66.106577546,2.24480734782
sh600981,2013-06-04,3.84,3.85,3.74,3.77,-0.018229,2701103.0,10231803.0,1945721510.0,1945721510.0,0.00523361552908,16.4736174212,2013-03-31,2013-04-26,59.808035805,0.290969789072,64.9015207439,2.20388675468
sh600981,2013-06-05,3.77,3.8,3.73,3.76,-0.002653,1544220.0,5797690.0,1940560440.0,1940560440.0,0.00299205687198,16.4299129142,2013-03-31,2013-04-26,59.649365086,0.290197846221,64.7293370093,2.19803984312
sh600981,2013-06-06,3.76,3.77,3.67,3.69,-0.018617,1788451.0,6646142.0,1904432990.0,1904432990.0,0.00346527508432,16.1240372255,2013-03-31,2013-04-26,58.5388728562,0.284795232918,63.5242709422,2.15711893536
sh600981,2013-06-07,3.7,3.7,3.6,3.63,-0.01626,2138218.0,7794821.0,1873466600.0,1873466600.0,0.00414297823084,15.8618603802,2013-03-31,2013-04-26,57.5870307836,0.280164462431,62.4913662967,2.12204418147
sh600981,2013-06-13,3.59,3.59,3.43,3.46,-0.038568,2654688.0,9187353.0,1785728490.0,1785728490.0,0.00514368255389,15.2501001491,2013-03-31,2013-04-26,55.3660141803,0.269359079444,60.0811992814,2.04020118148
sh600981,2013-06-14,3.46,3.49,3.43,3.47,0.00289,1562240.0,5405249.0,1790889560.0,1790889560.0,0.0030269721378,15.2941729385,2013-03-31,2013-04-26,55.5260219613,0.270137527183,60.2548339473,2.0460973629
sh600981,2013-06-17,3.47,3.49,3.43,3.44,-0.008646,1723757.0,5953572.0,1775406360.0,1775406360.0,0.0033399249961,15.1619395193,2013-03-31,2013-04-26,55.0459439754,0.267801918123,59.733870653,2.0284068051
sh600981,2013-06-18,3.46,3.47,3.43,3.46,0.005814,1440934.0,4974078.0,1785728490.0,1785728490.0,0.00279193151026,15.2500910356,2013-03-31,2013-04-26,55.3659810937,0.269358918475,60.081163377,2.04019996226
sh600981,2013-06-19,3.47,3.49,3.41,3.47,0.00289,1600005.0,5516108.0,1790889560.0,1790889560.0,0.00310014501955,15.2941637987,2013-03-31,2013-04-26,55.5259887791,0.27013736575,60.2547979391,2.04609614015
sh600981,2013-06-20,3.45,3.45,3.34,3.35,-0.034582,1433400.0,4874761.0,1728956780.0,1728956780.0,0.00277733373994,14.7652610262,2013-03-31,2013-04-26,53.6057890351,0.260795475367,58.1710665168,1.97533804343
sh600981,2013-06-21,3.33,3.34,3.28,3.31,-0.01194,1597029.0,5286345.0,1708312520.0,1708312520.0,0.00309437876742,14.5889638096,2013-03-31,2013-04-26,52.965735914,0.257681577391,57.4765039826,1.95175250719
sh600981,2013-06-24,3.33,3.33,3.02,3.06,-0.075529,2380047.0,7496097.0,1579285890.0,1579285890.0,0.00461154238515,13.487073962,2013-03-31,2013-04-26,48.9652868462,0.238219145533,53.1353611133,1.80433859208
sh600981,2013-06-25,3.06,3.09,2.82,3.0,-0.019608,2555556.0,7538229.0,1548319500.0,1548319500.0,0.00495160591855,13.2226194158,2013-03-31,2013-04-26,48.0051755017,0.233548144527,52.0934829526,1.76895912096
sh600981,2013-06-26,3.0,3.05,2.95,3.02,0.006667,1606754.0,4822438.0,1558641630.0,1558641630.0,0.00311322178659,13.3107746194,2013-03-31,2013-04-26,48.3252260068,0.235105210007,52.4407902034,1.78075277142
sh600981,2013-06-27,3.05,3.05,2.93,2.95,-0.023179,1636154.0,4908468.0,1522514180.0,1522514180.0,0.00317018676306,13.0022441745,2013-03-31,2013-04-26,47.2050955932,0.229655706344,51.2252651273,1.73947670294
sh600981,2013-06-28,2.95,3.01,2.91,2.94,-0.00339,1954927.0,5782950.0,1517353110.0,1517353110.0,0.00378783642523,12.9581665667,2013-03-31,2013-04-26,47.0450703191,0.228877173499,51.0516114785,1.73357987691
sh600981,2013-07-01,2.98,3.06,2.9,3.05,0.037415,3035512.0,9021455.0,1574124830.0,1574124830.0,0.00588156124823,13.4429963688,2013-03-31,2013-04-26,48.8052616251,0.237440612946,52.961707522,1.79844176801
sh600981,2013-07-02,3.21,3.3,3.17,3.25,0.065574,10270444.0,33207658.0,1677346130.0,1677346130.0,0.0198998539437,14.3245074127,2013-03-31,2013-04-26,52.0056178509,0.253010543699,56.434618531,1.9163727885
sh600981,2013-07-03,3.16,3.18,3.06,3.13,-0.036923,4856170.0,15174926.0,1615413350.0,1615413350.0,0.00940924011802,13.7956036255,2013-03-31,2013-04-26,50.085414423,0.243668635394,54.350883111,1.84561455603
sh600981,2013-07-04,3.1,3.18,3.08,3.13,0.0,3155853.0,9885153.0,1615413350.0,1615413350.0,0.00611473211485,13.7956036255,2013-03-31,2013-04-26,50.085414423,0.243668635394,54.350883111,1.84561455603
sh600981,2013-07-05,3.12,3.14,3.07,3.09,-0.01278,2754332.0,8535008.0,1594769090.0,1594769090.0,0.00533675121581,13.6192958112,2013-03-31,2013-04-26,49.4453228267,0.240554550234,53.6562788249,1.82202760201
sh600981,2013-07-08,3.06,3.06,2.95,2.97,-0.038835,1957437.0,5848376.0,1532836310.0,1532836310.0,0.00379269975018,13.0903904584,2013-03-31,2013-04-26,47.5251137147,0.231212614276,51.5725372367,1.75126916008
sh600981,2013-07-09,2.97,3.0,2.96,2.98,0.003367,1149842.0,3428737.0,1537997370.0,1537997370.0,0.00222791613746,13.134465803,2013-03-31,2013-04-26,47.6851307726,0.231991107148,51.7461819696,1.75716568334
sh600981,2013-07-10,2.98,3.09,2.97,3.08,0.033557,2222542.0,6760760.0,1589608020.0,1589608020.0,0.00430636312467,13.575219072,2013-03-31,2013-04-26,49.2853007059,0.23977603273,53.4826285979,1.81613089218
sh600981,2013-07-11,3.08,3.19,3.06,3.17,0.029221,3354253.0,10531843.0,1636057610.0,1636057610.0,0.00649914889611,13.9719005485,2013-03-31,2013-04-26,50.7254664778,0.246782528183,55.0454444882,1.86920005298
sh600981,2013-07-12,3.17,3.18,3.08,3.09,-0.025237,1834710.0,5752473.0,1594769090.0,1594769090.0,0.00355490580771,13.6192916944,2013-03-31,2013-04-26,49.4453078803,0.240554477519,53.6562626056,1.82202705124
sh600981,2013-07-15,3.1,3.15,3.08,3.13,0.012945,1435554.0,4477968.0,1615413350.0,1615413350.0,0.00278150729657,13.7955934253,2013-03-31,2013-04-26,50.0853773908,0.24366845523,54.3508429251,1.84561319142
sh600981,2013-07-16,3.11,3.16,3.09,3.15,0.00639,1791387.0,5609197.0,1625735480.0,1625735480.0,0.00347096383109,13.8837472673,2013-03-31,2013-04-26,50.4054229524,0.245225496659,54.6981448114,1.85740665972
sh600981,2013-07-17,3.14,3.18,3.09,3.1,-0.015873,1939126.0,6088936.0,1599930150.0,1599930150.0,0.00375722065116,13.663370547,2013-03-31,2013-04-26,49.6053376738,0.241333032351,53.8299211588,1.82792404381
sh600981,2013-07-18,3.11,3.15,3.08,3.11,0.003226,1627285.0,5066751.0,1605091220.0,1605091220.0,0.00315300232594,13.7074485803,2013-03-31,2013-04-26,49.7653644932,0.242111572713,54.0035764844,1.83382092677
sh600981,2013-07-19,3.11,3.13,3.05,3.05,-0.019293,1476140.0,4560987.0,1574124830.0,1574124830.0,0.00286014610417,13.4429907749,2013-03-31,2013-04-26,48.805241316,0.237440514141,52.9616854833,1.79844101963
sh600981,2013-07-22,3.03,3.06,3.01,3.06,0.003279,1923590.0,5840775.0,1579285890.0,1579285890.0,0.00372711833701,13.4870703416,2013-03-31,2013-04-26,48.9652737023,0.238219081587,53.13534685,1.80433810773
sh600981,2013-07-23,3.04,3.15,3.04,3.13,0.022876,2469357.0,7677403.0,1615413350.0,1615413350.0,0.00478458804986,13.7956005628,2013-03-31,2013-04-26,50.0854033035,0.243668581297,54.3508710446,1.84561414629
sh600981,2013-07-24,3.12,3.4,3.03,3.39,0.083067,9048840.0,29255161.0,1749601040.0,1749601040.0,0.0175328928703,14.9415597147,2013-03-31,2013-04-26,54.2458474997,0.26390939934,58.8656348496,1.99892377658
sh600981,2013-07-25,3.37,3.38,3.26,3.29,-0.029499,8169987.0,27251549.0,1697990390.0,1697990390.0,0.0158300408461,14.5007986447,2013-03-31,2013-04-26,52.6456492443,0.256124335969,57.1291574872,1.93995752409
sh600981,2013-07-26,3.26,3.47,3.18,3.27,-0.006079,4878480.0,16121716.0,1687668260.0,1687668260.0,0.00945246763129,14.4126482897,2013-03-31,2013-04-26,52.3256163426,0.25456735613,56.7818693388,1.9281645223
sh600981,2013-07-29,3.26,3.26,3.1,3.11,-0.04893,4230091.0,13362202.0,1605091220.0,1605091220.0,0.00819615910054,13.7074374089,2013-03-31,2013-04-26,49.7653239349,0.242111375395,54.0035324721,1.83381943223
sh600981,2013-07-30,3.11,3.14,3.0,3.1,-0.003215,3000303.0,9239632.0,1599930150.0,1599930150.0,0.00581334085116,13.6633679976,2013-03-31,2013-04-26,49.6053284185,0.241332987323,53.8299111152,1.82792370275
sh600981,2013-07-31,3.1,3.13,3.08,3.12,0.006452,1314740.0,4088745.0,1610252280.0,1610252280.0,0.0025474199608,13.751524048,2013-03-31,2013-04-26,49.9253819974,0.242890067757,54.1772217017,1.83971746648
sh600981,2013-08-01,3.13,3.19,3.1,3.18,0.019231,2451267.0,7752930.0,1641218670.0,1641218670.0,0.00474953715948,14.0159796069,2013-03-31,2013-04-26,50.8854970186,0.24756108665,55.2191038522,1.87509707308
sh600981,2013-08-02,3.18,3.24,3.18,3.21,0.009434,2351090.0,7534279.0,1656701870.0,1656701870.0,0.00455543573449,14.1482063585,2013-03-31,2013-04-26,51.3655507975,0.249896577942,55.740040878,1.89278673887
sh600981,2013-08-05,3.23,3.24,3.18,3.23,0.006231,1620213.0,5228103.0,1667024000.0,1667024000.0,0.00313929972814,14.2363638324,2013-03-31,2013-04-26,51.6856095445,0.251453683519,56.0873570727,1.90458069304
sh600981,2013-08-06,3.23,3.29,3.21,3.26,0.009288,2323954.0,7576214.0,1682507190.0,1682507190.0,0.00450285745287,14.3685911796,2013-03-31,2013-04-26,52.165665486,0.253789185331,56.6082964452,1.92227043851
sh600981,2013-08-07,3.27,3.3,3.24,3.25,-0.003067,1742446.0,5682653.0,1677346130.0,1677346130.0,0.0033761365044,14.3245227105,2013-03-31,2013-04-26,52.0056733899,0.2530108139,56.4346788,1.91637483508
sh600981,2013-08-08,3.25,3.44,3.22,3.4,0.046154,7126165.0,23906143.0,1754762100.0,1754762100.0,0.0138075474732,14.9856567317,2013-03-31,2013-04-26,54.4059432395,0.264688275005,59.0393649653,2.00482319922
sh600981,2013-08-09,3.38,3.67,3.37,3.59,0.055882,14702580.0,52742600.0,1852822340.0,1852822340.0,0.0284874923302,15.8230852011,2013-03-31,2013-04-26,57.4462561597,0.279479585189,62.3386027583,2.11685672924
sh600981,2013-08-12,3.52,3.6,3.5,3.58,-0.002786,7053297.0,25026258.0,1847661270.0,1847661270.0,0.0136663595595,15.7790020858,2013-03-31,2013-04-26,57.28621089,0.278700955064,62.164927411,2.11095916639
sh600981,2013-08-13,3.63,3.63,3.52,3.56,-0.005587,3387398.0,12022671.0,1837339140.0,1837339140.0,0.00656337015713,15.6908448011,2013-03-31,2013-04-26,56.9661528298,0.277143852828,61.8176119616,2.09916523753
sh600981,2013-08-14,3.59,3.83,3.55,3.71,0.042135,9128038.0,33773323.0,1914755120.0,1914755120.0,0.0176863456983,16.3519785468,2013-03-31,2013-04-26,59.3664216792,0.288821309067,64.4222970416,2.18761356481
sh600981,2013-08-15,3.67,3.75,3.57,3.6,-0.02965,4494998.0,16499803.0,1857983400.0,1857983400.0,0.00870943884644,15.8671423829,2013-03-31,2013-04-26,57.6062072765,0.280257757253,62.5121759343,2.12275082261
sh600981,2013-08-16,3.56,3.96,3.55,3.73,0.036111,11150755.0,42472727.0,1925077250.0,1925077250.0,0.0216055309728,16.4401207615,2013-03-31,2013-04-26,59.6864250274,0.290378145125,64.7695531195,2.19940547757
sh600981,2013-08-19,3.66,3.78,3.63,3.76,0.008043,6365763.0,23614145.0,1940560440.0,1940560440.0,0.0123342042776,16.5723486528,2013-03-31,2013-04-26,60.1664829439,0.292713656547,65.2904946352,2.21709529582
sh600981,2013-08-20,3.71,3.79,3.68,3.77,0.00266,4333509.0,16161537.0,1945721510.0,1945721510.0,0.00839654022738,16.6164311002,2013-03-31,2013-04-26,60.3265257885,0.293492274873,65.4641673509,2.22299276931
sh600981,2013-08-21,3.79,3.97,3.75,3.78,0.002653,5389808.0,20597210.0,1950882570.0,1950882570.0,0.0104432089113,16.6605144919,2013-03-31,2013-04-26,60.4865720615,0.294270909878,65.6378437869,2.22889036913
sh600981,2013-08-22,3.77,4.01,3.71,3.96,0.047619,10271619.0,40330230.0,2043781740.0,2043781740.0,0.0199021306649,17.4538715315,2013-03-31,2013-04-26,63.3668821364,0.308283796336,68.7634522702,2.33502789961
sh600981,2013-08-23,3.93,4.17,3.81,4.15,0.04798,10916158.0,43667585.0,2141841980.0,2141841980.0,0.0211509794481,18.2913082876,2013-03-31,2013-04-26,66.4072251414,0.323075252884,72.0627227101,2.44706253824
sh600981,2013-08-26,4.15,4.36,4.14,4.24,0.021687,12320575.0,52533869.0,2188291560.0,2188291560.0,0.0238721562313,18.6879918904,2013-03-31,2013-04-26,67.847398633,0.330081785893,73.6255469775,2.5001319835
sh600981,2013-08-27,4.2,4.49,4.12,4.38,0.033019,10093755.0,44200669.0,2260546470.0,2260546470.0,0.0195575041198,19.3050506946,2013-03-31,2013-04-26,70.0876518885,0.340980756382,76.0565889132,2.58268384147
sh600981,2013-08-28,4.29,4.44,4.29,4.3,-0.018265,9301722.0,40598413.0,2219257950.0,2219257950.0,0.0180228731861,18.9524439437,2013-06-30,2013-08-28,79.8129037048,0.323770702878,13.1434562399,2.5357616101
sh600981,2013-08-29,4.23,4.32,4.13,4.14,-0.037209,8679469.0,36483291.0,2136680910.0,2136680910.0,0.0168172053636,18.247242457,2013-06-30,2013-08-28,76.8431453709,0.311723518794,12.6544013767,2.44140845635
sh600981,2013-08-30,4.14,4.27,4.07,4.09,-0.012077,7194054.0,29988072.0,2110875590.0,2110875590.0,0.0139390881203,18.0268705098,2013-06-30,2013-08-28,75.9151107042,0.307958833858,12.5015741713,2.41192356642
sh600981,2013-09-02,4.08,4.32,3.95,4.26,0.041565,10422077.0,43197405.0,2198613690.0,2198613690.0,0.0201936557668,18.7761573826,2013-06-30,2013-08-28,79.0705222806,0.320759142787,13.0212021017,2.51217516946
sh600981,2013-09-03,4.23,4.38,4.18,4.28,0.004695,6049500.0,25951104.0,2208935820.0,2208935820.0,0.0117214179632,18.8643114415,2013-06-30,2013-08-28,79.4417583827,0.322265106962,13.0823366456,2.52396983188
sh600981,2013-09-04,4.27,4.3,4.21,4.24,-0.009346,3123996.0,13234943.0,2188291560.0,2188291560.0,0.00605300650157,18.6880055868,2013-06-30,2013-08-28,78.6992957089,0.319253217273,12.9600691273,2.50038080984
sh600981,2013-09-05,4.23,4.26,4.09,4.25,0.002358,3878476.0,16138414.0,2193452630.0,2193452630.0,0.00751487530415,18.7320719039,2013-06-30,2013-08-28,78.8848686482,0.320006016359,12.9906289703,2.50627670778
sh600981,2013-09-06,4.2,4.33,4.16,4.21,-0.009412,4815390.0,20352230.0,2172808370.0,2172808370.0,0.00933022542618,18.5557656432,2013-06-30,2013-08-28,78.1424042645,0.316994119733,12.8683611704,2.48268763141
sh600981,2013-09-09,4.21,4.3,4.18,4.22,0.002375,3436337.0,14539419.0,2177969430.0,2177969430.0,0.00665819360926,18.5998355866,2013-06-30,2013-08-28,78.3279924746,0.317746980767,12.8989235282,2.48858401454
sh600981,2013-09-10,4.22,4.26,4.09,4.15,-0.016588,4555997.0,18960127.0,2141841980.0,2141841980.0,0.0088276295481,18.2913015139,2013-06-30,2013-08-28,77.0286877354,0.31247619385,12.6849561847,2.4473033829
sh600981,2013-09-11,4.15,4.38,4.11,4.35,0.048193,7180826.0,30892375.0,2245063280.0,2245063280.0,0.0139134577534,19.1728142077,2013-06-30,2013-08-28,80.7409312834,0.327535359061,13.2962822781,2.56524627483
sh600981,2013-09-12,4.37,4.39,4.26,4.31,-0.009195,3785778.0,16287924.0,2224419020.0,2224419020.0,0.00733526508868,18.9965201811,2013-06-30,2013-08-28,79.9985184203,0.324523671434,13.1740229626,2.54165883534
sh600981,2013-09-13,4.33,4.38,4.26,4.32,0.00232,2813850.0,12126739.0,2229580080.0,2229580080.0,0.00545207239204,19.0405921079,2013-06-30,2013-08-28,80.184114983,0.325276566352,13.2045866958,2.54755548384
sh600981,2013-09-16,4.32,4.64,4.28,4.58,0.060185,10197537.0,45804647.0,2363767770.0,2363767770.0,0.0197585905235,20.1865501439,2013-06-30,2013-08-28,85.0099959433,0.344853336498,13.9993047461,2.70088011063
sh600981,2013-09-17,4.51,4.56,4.45,4.45,-0.028384,4813987.0,21633694.0,2296673930.0,2296673930.0,0.00932750699617,19.6135751046,2013-06-30,2013-08-28,82.5970722184,0.335065019395,13.6019484802,2.62421832957
sh600981,2013-09-18,4.45,4.5,4.33,4.4,-0.011236,2711029.0,11884422.0,2270868600.0,2270868600.0,0.00525284800715,19.3931969748,2013-06-30,2013-08-28,81.669011515,0.331300228837,13.4491169871,2.59473261242
sh600981,2013-09-23,4.41,4.57,4.37,4.46,0.013636,4415837.0,19825305.0,2301834990.0,2301834990.0,0.00855605771289,19.6576426087,2013-06-30,2013-08-28,82.782650156,0.335817838757,13.6325091463,2.63011438632
sh600981,2013-09-24,4.45,4.53,4.38,4.42,-0.008969,3278902.0,14505842.0,2281190730.0,2281190730.0,0.0063531499797,19.4813332122,2013-06-30,2013-08-28,82.0401725668,0.332805888561,13.5102391718,2.60652489039
sh600981,2013-09-25,4.44,4.48,4.3,4.32,-0.022624,3232214.0,14158541.0,2229580080.0,2229580080.0,0.00626268803047,19.0405875296,2013-06-30,2013-08-28,80.1840957026,0.325276488139,13.2045835208,2.54755487127
sh600981,2013-09-26,4.35,4.35,4.12,4.13,-0.043981,4287430.0,17994306.0,2131519850.0,2131519850.0,0.00830725826926,18.2031634494,2013-06-30,2013-08-28,76.6575189895,0.310970502914,12.6238327329,2.43551086048
sh600981,2013-09-27,4.21,4.21,4.11,4.15,0.004843,1765299.0,7317973.0,2141841980.0,2141841980.0,0.00342041612706,18.29132137,2013-06-30,2013-08-28,77.028771354,0.312476533059,12.6849699549,2.44730603957
sh600981,2013-09-30,4.15,4.2,4.01,4.19,0.009639,2150928.0,8937423.0,2162486240.0,2162486240.0,0.00416760493237,18.4676314167,2013-06-30,2013-08-28,77.7712516811,0.315488494361,12.8072403803,2.47089562249
sh600981,2013-10-08,4.18,4.22,4.1,4.2,0.002387,2061160.0,8571218.0,2167647300.0,2167647300.0,0.00399367184874,18.5117136529,2013-06-30,2013-08-28,77.9568916588,0.316241565398,12.8378112631,2.47679365034
sh600981,2013-10-09,4.21,4.25,4.17,4.25,0.011905,1995878.0,8403396.0,2193452630.0,2193452630.0,0.00386718244287,18.7320956039,2013-06-30,2013-08-28,78.884968454,0.320006421234,12.9906454061,2.50627987875
sh600981,2013-10-10,4.2,4.37,4.2,4.35,0.023529,4525826.0,19435713.0,2245063280.0,2245063280.0,0.00876917068458,19.1728430814,2013-06-30,2013-08-28,80.7410528768,0.327535852319,13.2963023019,2.56525013802
sh600981,2013-10-11,4.38,4.43,4.34,4.38,0.006897,2986951.0,13114117.0,2260546470.0,2260546470.0,0.00578747022175,19.3050781801,2013-06-30,2013-08-28,81.2979239185,0.329794867092,13.3880068989,2.58294266822
sh600981,2013-10-14,4.38,4.45,4.33,4.4,0.004566,2726855.0,11989687.0,2270868600.0,2270868600.0,0.00528351222083,19.3932251671,2013-06-30,2013-08-28,81.6691302391,0.331300710455,13.4491365384,2.59473638444
sh600981,2013-10-15,4.4,4.45,4.35,4.4,0.0,1803195.0,7929435.0,2270868600.0,2270868600.0,0.00349384284058,19.3932251671,2013-06-30,2013-08-28,81.6691302391,0.331300710455,13.4491365384,2.59473638444
sh600981,2013-10-16,4.42,4.42,4.02,4.26,-0.031818,2912342.0,12363596.0,2198613690.0,2198613690.0,0.00564290897324,18.7761715287,2013-06-30,2013-08-28,79.0705818531,0.32075938445,13.021211912,2.51217706216
sh600981,2013-10-17,4.23,4.39,4.1,4.24,-0.004695,3376048.0,14373891.0,2188291560.0,2188291560.0,0.00654137857206,18.6880174034,2013-06-30,2013-08-28,78.6993454713,0.31925341914,12.9600773221,2.50038239085
sh600981,2013-10-18,4.29,4.29,4.12,4.15,-0.021226,2389867.0,10042203.0,2141841980.0,2141841980.0,0.00463056945499,18.291345546,2013-06-30,2013-08-28,77.0288731644,0.312476946065,12.6849867208,2.44730927423
sh600981,2013-10-21,4.16,4.23,4.07,4.16,0.00241,3056110.0,12677353.0,2147003040.0,2147003040.0,0.00592147163425,18.3354276888,2013-06-30,2013-08-28,77.2145127487,0.313230015505,12.7155575388,2.45320728958
sh600981,2013-10-22,4.19,4.21,4.11,4.15,-0.002404,1615000.0,6705195.0,2141841980.0,2141841980.0,0.00312919910179,18.2913493206,2013-06-30,2013-08-28,77.02888906,0.312477010548,12.6849893385,2.44730977925
sh600981,2013-10-23,4.17,4.19,4.05,4.06,-0.021687,2487484.0,10195987.0,2095392390.0,2095392390.0,0.00481971066049,17.8946648279,2013-06-30,2013-08-28,75.358363543,0.30570032162,12.4098899747,2.39423497207
sh600981,2013-10-24,4.05,4.15,4.03,4.08,0.004926,1962110.0,8034561.0,2105714520.0,2105714520.0,0.00380175409533,17.9828139468,2013-06-30,2013-08-28,75.7295788418,0.307206201405,12.4710210927,2.40602897354
sh600981,2013-10-25,4.1,4.1,3.91,4.04,-0.009804,3164267.0,12716308.0,2085070260.0,2085070260.0,0.0061310349705,17.8065104389,2013-06-30,2013-08-28,74.9871260508,0.304194351806,12.3487552019,2.38244026549
sh600981,2013-10-28,4.04,4.04,3.9,3.94,-0.024752,3063246.0,12073505.0,2033459610.0,2033459610.0,0.00593529823786,17.3657636925,2013-06-30,2013-08-28,73.1310447068,0.29666493321,12.0430988132,2.32347010403
sh600981,2013-10-29,3.95,3.97,3.73,3.95,0.002538,3037997.0,11713397.0,2038620680.0,2038620680.0,0.00588637615017,17.4098380008,2013-06-30,2013-08-28,73.3166512983,0.297417868811,12.073664198,2.32936707116
sh600981,2013-10-30,3.93,4.0,3.9,3.99,0.010127,2994535.0,11899500.0,2059264940.0,2059264940.0,0.00580216484917,17.5861474302,2013-09-30,2013-10-30,73.252675834,0.277231767842,6.34813557327,2.34106432177
sh600981,2013-10-31,3.97,4.02,3.92,3.99,0.0,1454900.0,5787744.0,2059264940.0,2059264940.0,0.00281899180977,17.5861474302,2013-09-30,2013-10-30,73.252675834,0.277231767842,6.34813557327,2.34106432177
sh600981,2013-11-01,3.99,3.99,3.86,3.93,-0.015038,1128095.0,4443664.0,2028298550.0,2028298550.0,0.00218577948005,17.3216869451,2013-09-30,2013-10-30,72.1511020948,0.273062756518,6.25267231051,2.3058593965
sh600981,2013-11-04,3.97,3.97,3.91,3.95,0.005089,759377.0,2988747.0,2038620680.0,2038620680.0,0.00147135716783,17.40983701,2013-09-30,2013-10-30,72.5182790533,0.274452372885,6.2844921599,2.31759391497
sh600981,2013-11-05,3.95,3.98,3.89,3.98,0.007595,864718.0,3407242.0,2054103870.0,2054103870.0,0.00167546426949,17.5420647221,2013-09-30,2013-10-30,73.0690553827,0.276536838658,6.33222287786,2.33519604075
sh600981,2013-11-06,4.1,4.38,4.09,4.38,0.100503,15611979.0,67286377.0,2260546470.0,2260546470.0,0.0302495298935,19.3050948529,2013-09-30,2013-10-30,80.4127146559,0.304329620553,6.96863027375,2.56989024843
sh600981,2013-11-07,4.35,4.35,4.18,4.23,-0.034247,8323444.0,35352522.0,2183130500.0,2183130500.0,0.0161273767739,18.6439532694,2013-09-30,2013-10-30,77.6588204171,0.293907244038,6.72997559277,2.4818792171
sh600981,2013-11-08,4.2,4.24,4.09,4.17,-0.014184,4796918.0,19928196.0,2152164110.0,2152164110.0,0.00929443436356,18.3795074363,2013-09-30,2013-10-30,76.5573077083,0.289738463689,6.63451761896,2.44667624228
sh600981,2013-11-11,4.2,4.23,4.09,4.19,0.004796,4238203.0,17687620.0,2162486240.0,2162486240.0,0.00821187679326,18.4676555539,2013-09-30,2013-10-30,76.924476556,0.29112804936,6.66633676546,2.45841050154
sh600981,2013-11-12,4.15,4.2,4.11,4.19,0.0,2928840.0,12159061.0,2162486240.0,2162486240.0,0.00567487523065,18.4676555539,2013-09-30,2013-10-30,76.924476556,0.29112804936,6.66633676546,2.45841050154
sh600981,2013-11-13,4.18,4.18,3.88,3.9,-0.069212,5145510.0,20659168.0,2012815350.0,2012815350.0,0.00996986087174,17.1894721777,2013-09-30,2013-10-30,71.6003796846,0.270978494808,6.20494626525,2.28825899391
sh600981,2013-11-14,3.89,3.9,3.76,3.87,-0.007692,3311541.0,12660016.0,1997332160.0,1997332160.0,0.006416390787,17.0572507577,2013-09-30,2013-10-30,71.0496295641,0.268894128226,6.15721781857,2.27065770573
sh600981,2013-11-15,3.87,3.97,3.83,3.91,0.010336,2574248.0,10130981.0,2017976420.0,2017976420.0,0.0049878232373,17.2335545016,2013-09-30,2013-10-30,71.7839985353,0.271673417935,6.22085882195,2.29412722377
sh600981,2013-11-18,3.9,4.03,3.87,4.03,0.030691,2338383.0,9333343.0,2079909200.0,2079909200.0,0.00453081484999,17.7624695228,2013-09-30,2013-10-30,73.9871212343,0.280011346805,6.41178320005,2.3645362824
sh600981,2013-11-19,4.05,4.05,3.95,3.99,-0.009926,2717216.0,10838667.0,2059264940.0,2059264940.0,0.00526483583021,17.5861592503,2013-09-30,2013-10-30,73.2527250689,0.277231954177,6.34813984001,2.34106589526
sh600981,2013-11-20,3.97,4.17,3.95,4.15,0.0401,3842250.0,15736130.0,2141841980.0,2141841980.0,0.00744468436462,18.2913642362,2013-09-30,2013-10-30,76.1901593442,0.288348955539,6.60270024759,2.43494263766
sh600981,2013-11-21,4.17,4.19,4.11,4.14,-0.00241,3154686.0,13089817.0,2136680910.0,2136680910.0,0.00611247097256,18.2472820484,2013-09-30,2013-10-30,76.0065410602,0.287654034557,6.58678774,2.4290744259
sh600981,2013-11-22,4.17,4.22,4.1,4.11,-0.007246,2052165.0,8531300.0,2121197720.0,2121197720.0,0.003976243266,18.1150622427,2013-09-30,2013-10-30,75.4557976637,0.285569693422,6.53905987603,2.41147335261
sh600981,2013-11-25,4.12,4.18,4.05,4.05,-0.014599,1760081.0,7251813.0,2090231330.0,2090231330.0,0.00341030581051,17.850600449,2013-09-30,2013-10-30,74.3542184736,0.281400661468,6.4435961409,2.37626825314
sh600981,2013-11-26,4.08,4.12,4.06,4.09,0.009877,1410200.0,5763758.0,2110875590.0,2110875590.0,0.00273238177907,18.0269108296,2013-09-30,2013-10-30,75.0886150894,0.284180055801,6.50723953999,2.39973865467
sh600981,2013-11-27,4.04,4.14,4.03,4.12,0.007335,1356390.0,5542905.0,2126358780.0,2126358780.0,0.00262812035888,18.1591382206,2013-09-30,2013-10-30,75.6393900811,0.28626451651,6.55497014201,2.4173407377
sh600981,2013-11-28,4.15,4.2,4.08,4.13,0.002427,2484652.0,10308596.0,2131519850.0,2131519850.0,0.00481422340965,18.203210449,2013-09-30,2013-10-30,75.8229668808,0.286959280492,6.57087905455,2.42320762367
sh600981,2013-11-29,4.13,4.15,4.08,4.11,-0.004843,2748436.0,11285770.0,2121197720.0,2121197720.0,0.00532532722126,18.1150523008,2013-09-30,2013-10-30,75.4557562522,0.285569536697,6.53905628728,2.41147202915
sh600981,2013-12-02,4.03,4.07,3.86,3.87,-0.058394,3439445.0,13577941.0,1997332160.0,1997332160.0,0.00666421560548,17.0572419368,2013-09-30,2013-10-30,71.0495928216,0.268893989171,6.15721463445,2.27065653148
sh600981,2013-12-03,3.9,3.97,3.87,3.96,0.023256,1184201.0,4651912.0,2043781740.0,2043781740.0,0.00229448960631,17.4539251553,2013-09-30,2013-10-30,72.7019221523,0.275147387783,6.30040681798,2.32346291978
sh600981,2013-12-04,3.96,4.04,3.92,4.02,0.015152,1588762.0,6361714.0,2074748130.0,2074748130.0,0.00307836076469,17.7183870292,2013-09-30,2013-10-30,73.8035016768,0.279316421003,6.39587058209,2.35866802994
sh600981,2013-12-05,3.99,4.04,3.98,4.0,-0.004975,1203506.0,4814773.0,2064426000.0,2064426000.0,0.00233189467678,17.6302380537,2013-09-30,2013-10-30,73.4363292559,0.277926821808,6.36405112594,2.34693365649
sh600981,2013-12-06,3.99,4.05,3.99,4.02,0.005,1551002.0,6227248.0,2074748130.0,2074748130.0,0.00300519757066,17.718389244,2013-09-30,2013-10-30,73.8035109022,0.279316455917,6.39587138157,2.35866832477
sh600981,2013-12-09,4.04,4.07,4.01,4.05,0.007463,1855144.0,7517182.0,2090231330.0,2090231330.0,0.00359449841372,17.8506215829,2013-09-30,2013-10-30,74.3543065041,0.281400994628,6.44360376969,2.37627106648
sh600981,2013-12-10,4.1,4.1,4.04,4.06,0.002469,942515.0,3826327.0,2095392390.0,2095392390.0,0.00182620253765,17.8946947676,2013-09-30,2013-10-30,74.5378872868,0.282095773683,6.4595130274,2.38213807974
sh600981,2013-12-11,4.07,4.07,3.97,4.03,-0.007389,1084290.0,4353335.0,2079909200.0,2079909200.0,0.00210090358752,17.762470868,2013-09-30,2013-10-30,73.9871268377,0.280011368012,6.41178368564,2.36453646147
sh600981,2013-12-12,4.05,4.08,3.99,4.0,-0.007444,1651988.0,6652616.0,2064426000.0,2064426000.0,0.00320086648783,17.6302470348,2013-09-30,2013-10-30,73.4363666655,0.277926963388,6.36405436789,2.34693485205
sh600981,2013-12-13,3.98,4.03,3.95,3.99,-0.0025,1385200.0,5546190.0,2059264940.0,2059264940.0,0.00268394216433,17.5861714173,2013-09-30,2013-10-30,73.2527757488,0.27723214598,6.34814423197,2.34106751492
sh600981,2013-12-16,3.99,4.04,3.97,4.01,0.005013,1300043.0,5203073.0,2069587070.0,2069587070.0,0.00251894327403,17.6743308946,2013-09-30,2013-10-30,73.6199919136,0.278621910727,6.379967479,2.35280328638
sh600981,2013-12-17,4.01,4.05,3.93,3.98,-0.007481,1671400.0,6658302.0,2054103870.0,2054103870.0,0.00323847887984,17.5421092252,2013-09-30,2013-10-30,73.0692407541,0.276537540213,6.33223894229,2.33520196499
sh600981,2013-12-18,4.01,4.01,3.91,3.92,-0.015075,1287050.0,5075096.0,2023137480.0,2023137480.0,0.00249376824357,17.2776619286,2013-09-30,2013-10-30,71.9677219498,0.272368736795,6.23678044024,2.29999879537
sh600981,2013-12-19,3.93,3.96,3.86,3.88,-0.010204,818795.0,3199611.0,2002493220.0,2002493220.0,0.00158648457247,17.1013606663,2013-09-30,2013-10-30,71.233363315,0.269589486204,6.17314033262,2.27652960766
sh600981,2013-12-20,3.9,3.95,3.85,3.89,0.002577,779839.0,3034874.0,2007654290.0,2007654290.0,0.00151100402351,17.1454308727,2013-09-30,2013-10-30,71.4169316923,0.27028421831,6.18904851526,2.28239622446
sh600981,2013-12-23,3.94,3.94,3.8,3.81,-0.020566,1260346.0,4835151.0,1966365770.0,1966365770.0,0.00244202697853,16.7928179414,2013-09-30,2013-10-30,69.9481710751,0.264725553077,6.0617645435,2.23545646371
sh600981,2013-12-24,3.82,3.87,3.79,3.83,0.005249,1008100.0,3860360.0,1976687900.0,1976687900.0,0.0019532790179,16.8809634427,2013-09-30,2013-10-30,70.315329025,0.266115097505,6.09358274558,2.24719037468
sh600981,2013-12-25,3.86,3.87,3.82,3.85,0.005222,637693.0,2452553.0,1987010030.0,1987010030.0,0.00123558412536,16.9691158338,2013-09-30,2013-10-30,70.6825156732,0.267504750544,6.12540343468,2.25892520282
sh600981,2013-12-26,3.84,3.86,3.72,3.75,-0.025974,1167274.0,4416037.0,1935399380.0,1935399380.0,0.00226169210615,16.5283600192,2013-09-30,2013-10-30,68.8466080111,0.260556582153,5.96630220587,2.2002518796
sh600981,2013-12-27,3.71,3.81,3.7,3.77,0.005333,1154459.0,4357763.0,1945721510.0,1945721510.0,0.00223686195976,16.6165057632,2013-09-30,2013-10-30,69.2137669716,0.261946130406,5.99812049553,2.21198582288
sh600981,2013-12-30,3.79,3.81,3.74,3.75,-0.005305,1442960.0,5413898.0,1935399380.0,1935399380.0,0.00279585704941,16.5283552001,2013-09-30,2013-10-30,68.8465879379,0.260556506184,5.96630046631,2.20025123809
sh600981,2013-12-31,3.77,3.84,3.74,3.81,0.016,1665306.0,6324382.0,1966365770.0,1966365770.0,0.00322667123116,16.7928088833,2013-09-30,2013-10-30,69.9481333449,0.264725410283,6.06176127377,2.2354552579
sh600981,2014-01-02,3.81,3.87,3.79,3.85,0.010499,1647905.0,6297152.0,1987010030.0,1987010030.0,0.00319295532192,16.9691165838,2013-09-30,2013-10-30,70.6825187969,0.267504762366,6.12540370538,2.25892530265
sh600981,2014-01-03,3.85,3.85,3.79,3.83,-0.005195,1306267.0,4985833.0,1976687900.0,1976687900.0,0.00253100280019,16.8809620231,2013-09-30,2013-10-30,70.3153231117,0.266115075125,6.09358223313,2.2471901857
sh600981,2014-01-06,3.76,3.81,3.74,3.77,-0.015666,1270001.0,4777362.0,1945721510.0,1945721510.0,0.00246073435761,16.616504872,2013-09-30,2013-10-30,69.2137632598,0.261946116358,5.99812017387,2.21198570425
sh600981,2014-01-07,3.77,3.77,3.73,3.76,-0.002653,735901.0,2758461.0,1940560440.0,1940560440.0,0.00142587043566,16.5724212846,2013-09-30,2013-10-30,69.0301391459,0.261251173311,5.98220716104,2.20611730618
sh600981,2014-01-08,3.76,3.79,3.74,3.76,0.0,1022181.0,3840712.0,1940560440.0,1940560440.0,0.00198056215142,16.5724212846,2013-09-30,2013-10-30,69.0301391459,0.261251173311,5.98220716104,2.20611730618
sh600981,2014-01-09,3.76,3.76,3.56,3.62,-0.037234,2475251.0,9029857.0,1868305530.0,1868305530.0,0.00479600818823,15.9553637505,2013-09-30,2013-10-30,66.4598709449,0.251523747124,5.75946565961,2.1239747344
sh600981,2014-01-10,3.62,3.62,3.48,3.49,-0.035912,1252451.0,4416489.0,1801211690.0,1801211690.0,0.00242672974768,15.3823747275,2013-09-30,2013-10-30,64.0731640596,0.242491026318,5.55263172884,2.04769855374
sh600981,2014-01-13,3.59,3.59,3.5,3.53,0.011461,750019.0,2642763.0,1821855950.0,1821855950.0,0.00145322525088,15.5586721243,2013-09-30,2013-10-30,64.8075065929,0.24527021597,5.61627044109,2.07116722686
sh600981,2014-01-14,3.52,3.55,3.45,3.55,0.005666,1754588.0,6125522.0,1832178080.0,1832178080.0,0.00339966265725,15.6468275605,2013-09-30,2013-10-30,65.1747059252,0.246659917014,5.64809222941,2.08290246037
sh600981,2014-01-15,3.55,3.55,3.45,3.55,0.0,1820396.0,6363380.0,1832178080.0,1832178080.0,0.00352717122344,15.6468275605,2013-09-30,2013-10-30,65.1747059252,0.246659917014,5.64809222941,2.08290246037
sh600981,2014-01-16,3.54,3.66,3.54,3.63,0.022535,1950238.0,7067590.0,1873466600.0,1873466600.0,0.00377875108102,15.9994288196,2013-09-30,2013-10-30,66.6434179232,0.252218398244,5.7753719878,2.12984066732
sh600981,2014-01-17,3.59,3.67,3.58,3.64,0.002755,1218049.0,4422153.0,1878627660.0,1878627660.0,0.00236007296944,16.043507246,2013-09-30,2013-10-30,66.8270205396,0.252913259931,5.79128313762,2.13570837835
sh600981,2014-01-20,3.62,3.64,3.53,3.56,-0.021978,1245229.0,4474251.0,1837339140.0,1837339140.0,0.00241273651853,15.6909030437,2013-09-30,2013-10-30,65.3582962822,0.247354732304,5.66400231682,2.08876977961
sh600981,2014-01-21,3.53,3.61,3.53,3.61,0.014045,932593.0,3335347.0,1863144470.0,1863144470.0,0.00180697781853,15.911281777,2013-09-30,2013-10-30,66.2762535535,0.250828829519,5.74355322936,2.11810655117
sh600981,2014-01-22,3.61,3.68,3.57,3.66,0.01385,2091878.0,7618852.0,1888949790.0,1888949790.0,0.0040531905721,16.1316530296,2013-09-30,2013-10-30,67.1941796652,0.254302808808,5.82310144159,2.1474423269
sh600981,2014-01-23,3.66,3.72,3.66,3.7,0.010929,1444282.0,5327180.0,1909594050.0,1909594050.0,0.00279841854346,16.3079558656,2013-09-30,2013-10-30,67.9285448548,0.257082084206,5.88674211724,2.17091172409
sh600981,2014-01-24,3.7,3.76,3.65,3.75,0.013514,2186798.0,8107082.0,1935399380.0,1935399380.0,0.00423710609022,16.5283415811,2013-09-30,2013-10-30,68.8465312099,0.260556291492,5.96629555022,2.20024942513
sh600981,2014-01-27,3.71,3.82,3.7,3.81,0.016,2414617.0,9104774.0,1966365770.0,1966365770.0,0.00467852467245,16.7927950464,2013-09-30,2013-10-30,69.9480757093,0.264725192156,6.06175627902,2.23545341593
sh600981,2014-01-28,3.91,4.05,3.8,3.84,0.007874,5162014.0,20260853.0,1981848960.0,1981848960.0,0.0100018387678,16.9250215146,2013-09-30,2013-10-30,70.4988468574,0.266809638319,6.10948654796,2.25305537613
sh600981,2014-01-29,3.78,3.88,3.76,3.83,-0.002604,2510346.0,9546337.0,1976687900.0,1976687900.0,0.00486400770703,16.8809487586,2013-09-30,2013-10-30,70.3152678602,0.26611486602,6.09357744499,2.24718841993
sh600981,2014-01-30,3.8,3.84,3.75,3.84,0.002611,1368976.0,5203215.0,1981848960.0,1981848960.0,0.0026525067985,16.9250249158,2013-09-30,2013-10-30,70.4988610246,0.266809691936,6.1094877757,2.2530558289
sh600981,2014-02-07,3.81,3.85,3.77,3.85,0.002604,1006641.0,3826582.0,1987010030.0,1987010030.0,0.00195045208202,16.9690976807,2013-09-30,2013-10-30,70.6824400587,0.267504464373,6.12539688187,2.25892278628
sh600981,2014-02-10,3.85,4.14,3.85,4.04,0.049351,4498840.0,17966774.0,2085070260.0,2085070260.0,0.00871688304643,17.8065396203,2013-09-30,2013-10-30,74.170689158,0.280706077195,6.42769134338,2.3704028847
sh600981,2014-02-11,4.17,4.17,3.99,4.0,-0.009901,3125534.0,12626387.0,2064426000.0,2064426000.0,0.00605598650666,17.6302370715,2013-09-30,2013-10-30,73.4363251647,0.277926806324,6.36405077139,2.34693352574
sh600981,2014-02-12,4.05,4.05,3.94,4.03,0.0075,2190208.0,8741867.0,2079909200.0,2079909200.0,0.00424371325441,17.7624638496,2013-09-30,2013-10-30,73.9870976034,0.280011257372,6.41178115218,2.36453552718
sh600981,2014-02-13,4.05,4.05,3.98,4.04,0.002481,1929020.0,7753135.0,2085070260.0,2085070260.0,0.00373763942132,17.8065325224,2013-09-30,2013-10-30,74.1706595926,0.280705965301,6.42768878122,2.37040193983
sh600981,2014-02-14,4.05,4.12,4.03,4.07,0.007426,2493243.0,10133282.0,2100553460.0,2100553460.0,0.00483086919863,17.9387638329,2013-09-30,2013-10-30,74.7214509107,0.2827904878,6.47542079811,2.38800454463
sh600981,2014-02-17,4.06,4.08,4.03,4.07,0.0,2180318.0,8847577.0,2100553460.0,2100553460.0,0.00422455054298,17.9387638329,2013-09-30,2013-10-30,74.7214509107,0.2827904878,6.47542079811,2.38800454463
sh600981,2014-02-18,4.05,4.07,4.0,4.03,-0.009828,2377726.0,9566406.0,2079909200.0,2079909200.0,0.00460704524024,17.7624616619,2013-09-30,2013-10-30,73.9870884911,0.280011222886,6.4117803625,2.36453523597
sh600981,2014-02-19,4.04,4.07,4.01,4.04,0.002481,2061601.0,8326825.0,2085070260.0,2085070260.0,0.00399452632354,17.8065303293,2013-09-30,2013-10-30,74.1706504577,0.28070593073,6.42768798958,2.37040164789
sh600981,2014-02-20,4.01,4.05,3.98,4.0,-0.009901,2105122.0,8429465.0,2064426000.0,2064426000.0,0.00407885194238,17.6302278725,2013-09-30,2013-10-30,73.4362868475,0.277926661309,6.3640474508,2.34693230117
sh600981,2014-02-21,3.96,4.01,3.95,4.0,0.0,1944601.0,7746175.0,2064426000.0,2064426000.0,0.00376782892678,17.6302278725,2013-09-30,2013-10-30,73.4362868475,0.277926661309,6.3640474508,2.34693230117
sh600981,2014-02-24,4.0,4.0,3.89,3.9,-0.025,2254552.0,8871558.0,2012815350.0,2012815350.0,0.00436838520732,17.1894721757,2013-09-30,2013-10-30,71.6003796763,0.270978494777,6.20494626453,2.28825899364
sh600981,2014-02-25,3.92,3.94,3.77,3.79,-0.028205,2020599.0,7790625.0,1956043640.0,1956043640.0,0.00391508147027,16.704643113,2013-09-30,2013-10-30,69.5808909676,0.263335546332,6.02993575514,2.22371864873
sh600981,2014-02-26,3.8,3.8,3.73,3.8,0.002639,1241484.0,4678383.0,1961204700.0,1961204700.0,0.00240548026425,16.7487266662,2013-09-30,2013-10-30,69.7645149388,0.264030488838,6.04584875559,2.22958704224
sh600981,2014-02-27,3.8,3.82,3.73,3.75,-0.013158,1458301.0,5505933.0,1935399380.0,1935399380.0,0.00282558153449,16.5283469207,2013-09-30,2013-10-30,68.8465534513,0.260556375666,5.96629747767,2.20025013594
sh600981,2014-02-28,3.73,3.78,3.67,3.76,0.002667,1682921.0,6263730.0,1940560440.0,1940560440.0,0.00326080179188,16.5724280219,2013-09-30,2013-10-30,69.0301672093,0.26125127952,5.98220959304,2.20611820305
sh600981,2014-03-03,3.76,3.86,3.73,3.85,0.023936,1482660.0,5669943.0,1987010030.0,1987010030.0,0.00287277915754,16.9691056591,2013-09-30,2013-10-30,70.6824732916,0.267504590147,6.12539976186,2.25892384836
sh600981,2014-03-04,3.84,3.93,3.83,3.91,0.015584,1606911.0,6247870.0,2017976420.0,2017976420.0,0.00311352597965,17.2335522017,2013-09-30,2013-10-30,71.7839889554,0.271673381679,6.22085799175,2.29412691761
sh600981,2014-03-05,3.92,4.0,3.89,3.94,0.007673,1589950.0,6294695.0,2033459610.0,2033459610.0,0.00308066261518,17.3657852477,2013-09-30,2013-10-30,72.3347875027,0.273757931537,6.26859063512,2.31172975345
sh600981,2014-03-06,3.93,3.94,3.87,3.9,-0.010152,1046847.0,4074209.0,2012815350.0,2012815350.0,0.00202835461286,17.1894877959,2013-09-30,2013-10-30,71.6004447399,0.270978741016,6.20495190299,2.28826107299
sh600981,2014-03-07,3.9,3.93,3.85,3.88,-0.005128,968050.0,3767864.0,2002493220.0,2002493220.0,0.0018756787601,17.1013401025,2013-09-30,2013-10-30,71.2332776593,0.269589162032,6.17313290963,2.27652687021
sh600981,2014-03-10,3.85,3.87,3.75,3.79,-0.023196,1103212.0,4203591.0,1956043640.0,1956043640.0,0.00213756656268,16.7046574174,2013-09-30,2013-10-30,69.5809505507,0.26333577183,6.02994091866,2.22372055293
sh600981,2014-03-11,3.78,3.82,3.73,3.82,0.007916,1203960.0,4534204.0,1971526830.0,1971526830.0,0.00233277434018,16.8368914856,2013-09-30,2013-10-30,70.1317533553,0.2654203378,6.07767393097,2.24132352483
sh600981,2014-03-12,3.77,3.82,3.74,3.82,0.0,1047183.0,3962271.0,1971526830.0,1971526830.0,0.00202900564128,16.8368914856,2013-09-30,2013-10-30,70.1317533553,0.2654203378,6.07767393097,2.24132352483
sh600981,2014-03-13,3.82,3.93,3.77,3.93,0.028796,2241277.0,8712019.0,2028298550.0,2028298550.0,0.00434266376121,17.3217266128,2013-09-30,2013-10-30,72.1512673249,0.273063381847,6.25268662949,2.30586467705
sh600981,2014-03-14,3.93,3.94,3.85,3.91,-0.005089,1032619.0,4016244.0,2017976420.0,2017976420.0,0.00200078665439,17.233576346,2013-09-30,2013-10-30,71.7840895255,0.271673762297,6.22086670723,2.29413013171
sh600981,2014-03-17,3.93,3.97,3.9,3.97,0.015345,1929780.0,7628728.0,2048942810.0,2048942810.0,0.00373911197648,17.4980255751,2013-09-30,2013-10-30,72.8856163793,0.275842596179,6.31632590686,2.32933355858
sh600981,2014-03-18,3.98,4.01,3.9,4.01,0.010076,2737105.0,10875737.0,2069587070.0,2069587070.0,0.00530337245004,17.6743356808,2013-09-30,2013-10-30,73.6200118499,0.278621986178,6.37996920669,2.35280392351
sh600981,2014-03-19,4.01,4.11,3.93,4.06,0.012469,4334255.0,17537057.0,2095392390.0,2095392390.0,0.00839798568706,17.8947169724,2013-09-30,2013-10-30,74.5379797776,0.282096123724,6.45952104273,2.38214103564
sh600981,2014-03-20,4.12,4.26,4.06,4.08,0.004926,6378012.0,26479198.0,2105714520.0,2105714520.0,0.0123579377512,17.9828663482,2013-09-30,2013-10-30,74.905153866,0.283485729229,6.49134064339,2.39387546238
sh600981,2014-03-21,4.04,4.11,3.95,4.1,0.004902,3377522.0,13611714.0,2116036650.0,2116036650.0,0.00654423457174,18.071018359,2013-09-30,2013-10-30,75.2723389303,0.284875376274,6.52316119522,2.40561023989
sh600981,2014-03-24,4.08,4.18,4.0,4.15,0.012195,3720174.0,15417542.0,2141841980.0,2141841980.0,0.00720815178905,18.2913944279,2013-09-30,2013-10-30,76.1902851035,0.288349431488,6.602711146,2.43494665677
sh600981,2014-03-25,4.18,4.21,4.12,4.16,0.00241,2759916.0,11480685.0,2147003040.0,2147003040.0,0.00534757070488,18.3354766885,2013-09-30,2013-10-30,76.3739036906,0.289044353617,6.61862367986,2.44081487821
sh600981,2014-03-26,4.15,4.18,4.07,4.14,-0.004808,2888628.0,11928977.0,2136680910.0,2136680910.0,0.00559696109233,18.2473197166,2013-09-30,2013-10-30,76.0066979617,0.287654628365,6.58680133721,2.42907944028
sh600981,2014-03-27,4.14,4.18,4.09,4.15,0.002415,2377883.0,9834063.0,2141841980.0,2141841980.0,0.00460734944134,18.2913869937,2013-09-30,2013-10-30,76.1902541373,0.288349314293,6.60270846244,2.43494566713
sh600981,2014-03-28,4.14,4.15,4.02,4.07,-0.019277,3217250.0,13116574.0,2100553460.0,2100553460.0,0.00623369399987,17.9387839266,2013-12-31,2014-03-28,63.0733944954,0.245230773606,7.97909359849,2.26305230709
sh600981,2014-03-31,4.06,4.09,3.99,4.06,-0.002457,1975381.0,7974428.0,2095392390.0,2095392390.0,0.00382746778039,17.8947083345,2013-12-31,2014-03-28,62.9184231651,0.244628241595,7.95948896552,2.25749198757
sh600981,2014-04-01,4.06,4.09,4.03,4.09,0.007389,1677385.0,6805198.0,2110875590.0,2110875590.0,0.0032500753159,18.0269323344,2013-12-31,2014-03-28,63.3833273939,0.246435799672,8.01830162949,2.27417259587
sh600981,2014-04-02,4.09,4.15,4.05,4.15,0.01467,2081136.0,8529200.0,2141841980.0,2141841980.0,0.00403237702905,18.2913874317,2013-12-31,2014-03-28,64.3131608068,0.250051012854,8.13593011439,2.30753470785
sh600981,2014-04-03,4.14,4.18,4.08,4.14,-0.00241,1958205.0,8070552.0,2136680910.0,2136680910.0,0.00379418782751,18.247305188,2013-12-31,2014-03-28,64.1581660892,0.249448389913,8.11632252282,2.3019735492
sh600981,2014-04-04,4.14,4.21,4.12,4.18,0.009662,3364119.0,14051067.0,2157325170.0,2157325170.0,0.00651826512551,18.4236106507,2013-12-31,2014-03-28,64.77806229,0.251858560256,8.19474243103,2.32421521764
sh600981,2014-04-08,4.16,4.2,4.16,4.18,0.0,2585591.0,10798144.0,2157325170.0,2157325170.0,0.00500980127164,18.4236106507,2013-12-31,2014-03-28,64.77806229,0.251858560256,8.19474243103,2.32421521764
sh600981,2014-04-09,4.17,4.18,4.13,4.15,-0.007177,2630055.0,10896493.0,2141841980.0,2141841980.0,0.00509595402085,18.2913843971,2013-12-31,2014-03-28,64.3131501369,0.250050971369,8.1359287646,2.30753432502
sh600981,2014-04-10,4.15,4.15,4.09,4.12,-0.007229,2125397.0,8760308.0,2126358780.0,2126358780.0,0.0041181364699,18.1591559793,2013-12-31,2014-03-28,63.8482303746,0.248243352897,8.07711413557,2.29085315938
sh600981,2014-04-11,4.1,4.25,4.1,4.24,0.029126,4335873.0,18165660.0,2188291560.0,2188291560.0,0.00840112069893,18.6880595563,2013-12-31,2014-03-28,65.7078739325,0.255473688794,8.31236816188,2.3575765485
sh600981,2014-04-14,4.22,4.3,4.18,4.3,0.014151,3500554.0,14848264.0,2219257950.0,2219257950.0,0.00678261947873,18.9525142871,2013-12-31,2014-03-28,66.6377060565,0.259088896964,8.42999648374,2.39093861424
sh600981,2014-04-15,4.3,4.3,4.22,4.23,-0.016279,2344883.0,9970538.0,2183130500.0,2183130500.0,0.0045434091503,18.643986307,2013-12-31,2014-03-28,65.5529108396,0.25487118881,8.29276457098,2.35201652454
sh600981,2014-04-16,4.2,4.25,4.18,4.22,-0.002364,1625755.0,6835867.0,2177969430.0,2177969430.0,0.00315003783134,18.5999119234,2013-12-31,2014-03-28,65.3979437584,0.25426867332,8.27316047553,2.34645635748
sh600981,2014-04-17,4.24,4.25,4.15,4.19,-0.007109,1597089.0,6725678.0,2162486240.0,2162486240.0,0.00309449502439,18.4676851496,2013-12-31,2014-03-28,64.9330297762,0.252461077321,8.21434657771,2.32977539923
sh600981,2014-04-18,4.18,4.22,4.12,4.2,0.002387,1965111.0,8199209.0,2167647300.0,2167647300.0,0.00380756878667,18.511767514,2013-12-31,2014-03-28,65.0880249183,0.253063701913,8.23395422299,2.33533657311
sh600981,2014-04-21,4.15,4.19,4.06,4.09,-0.02619,2182048.0,9030675.0,2110875590.0,2110875590.0,0.00422790256436,18.0269443228,2013-12-31,2014-03-28,63.3833695457,0.246435963559,8.01830696189,2.27417410826
sh600981,2014-04-22,4.06,4.1,4.02,4.07,-0.00489,1301651.0,5289443.0,2100553460.0,2100553460.0,0.00252205891013,17.9387925651,2013-12-31,2014-03-28,63.0734248686,0.245230891698,7.97909744085,2.26305339687
sh600981,2014-04-23,4.06,4.13,4.04,4.13,0.014742,1398062.0,5726702.0,2131519850.0,2131519850.0,0.00270886337746,18.2032462451,2013-12-31,2014-03-28,64.003253298,0.248846085503,8.09672529532,2.29641533005
sh600981,2014-04-24,4.12,4.13,4.05,4.07,-0.014528,1389900.0,5677685.0,2100553460.0,2100553460.0,0.002693048812,17.9387894836,2013-12-31,2014-03-28,63.0734140341,0.245230849573,7.97909607023,2.26305300813
sh600981,2014-04-25,4.08,4.17,4.02,4.05,-0.004914,1933965.0,7878140.0,2090231330.0,2090231330.0,0.00374722076814,17.8506382721,2013-12-31,2014-03-28,62.7634712775,0.244025785178,7.93988679214,2.25193236565
sh600981,2014-04-28,4.01,4.05,3.82,3.88,-0.041975,2079740.0,8113643.0,2002493220.0,2002493220.0,0.00402967217038,17.1013577306,2013-12-31,2014-03-28,60.1289745706,0.233782802845,7.60661004404,2.1574075046
sh600981,2014-04-29,3.84,3.95,3.84,3.95,0.018041,1043576.0,4079556.0,2038620680.0,2038620680.0,0.00202201676871,17.4098833254,2013-12-31,2014-03-28,61.2137614009,0.238000478391,7.74384089585,2.19632929339
sh600981,2014-04-30,3.92,4.0,3.92,4.0,0.012658,1164998.0,4615612.0,2064426000.0,2064426000.0,0.00225728216947,17.6302576286,2014-03-31,2014-04-30,63.8895987733,0.226274253559,36.3438124659,2.18923051831
sh600981,2014-05-05,4.0,4.1,3.96,4.08,0.02,1530481.0,6193766.0,2105714520.0,2105714520.0,0.00296543639733,17.9828627811,2014-03-31,2014-04-30,65.1673907488,0.230799738631,37.0706887152,2.23301512868
sh600981,2014-05-06,4.1,4.14,4.06,4.08,0.0,1334734.0,5469862.0,2105714520.0,2105714520.0,0.00258616002705,17.9828627811,2014-03-31,2014-04-30,65.1673907488,0.230799738631,37.0706887152,2.23301512868
sh600981,2014-05-07,4.08,4.27,4.06,4.22,0.034314,4852452.0,20303394.0,2177969430.0,2177969430.0,0.00940203620764,18.5999267346,2014-03-31,2014-04-30,67.4035445949,0.238719400862,38.3427323278,2.3096388098
sh600981,2014-05-08,4.21,4.25,4.18,4.22,0.0,1912413.0,8051580.0,2177969430.0,2177969430.0,0.00370546195407,18.5999267346,2014-03-31,2014-04-30,67.4035445949,0.238719400862,38.3427323278,2.3096388098
sh600981,2014-05-09,4.23,4.24,4.15,4.2,-0.004739,1687097.0,7053490.0,2167647300.0,2167647300.0,0.00326889314512,18.5117816818,2014-03-31,2014-04-30,67.0841191971,0.237588109621,38.1610261193,2.29869343148
sh600981,2014-05-12,4.21,4.23,4.17,4.21,0.002381,2144322.0,9010568.0,2172808370.0,2172808370.0,0.00415480524866,18.555858234,2014-03-31,2014-04-30,67.2438464849,0.23815380691,38.2518875225,2.30416662054
sh600981,2014-05-13,4.2,4.3,4.18,4.28,0.016627,4304024.0,18306390.0,2208935820.0,2208935820.0,0.00833941056739,18.8643864889,2014-03-31,2014-04-30,68.3619099204,0.242113590258,38.8879016563,2.34247799894
sh600981,2014-05-14,4.28,4.33,4.2,4.24,-0.009346,3392916.0,14444721.0,2188291560.0,2188291560.0,0.00657406174888,18.6880799327,2014-03-31,2014-04-30,67.7229995103,0.239850796643,38.5244553275,2.32058519957
sh600981,2014-05-15,4.21,4.29,4.08,4.12,-0.028302,3937124.0,16405170.0,2126358780.0,2126358780.0,0.00762851078217,18.1591698945,2014-03-31,2014-04-30,65.8063031782,0.233062539397,37.4341361928,2.25490799725
sh600981,2014-05-16,4.11,4.15,4.06,4.14,0.004854,2709199.0,11112939.0,2136680910.0,2136680910.0,0.00524930222735,18.2473145052,2014-03-31,2014-04-30,66.1257269738,0.234193824963,37.6158414899,2.26585332067
sh600981,2014-05-19,4.09,4.25,4.09,4.24,0.024155,2387849.0,9929943.0,2188291560.0,2188291560.0,0.0046266594201,18.688078387,2014-03-31,2014-04-30,67.7229939088,0.239850776805,38.5244521411,2.32058500763
sh600981,2015-01-23,4.63,4.63,4.63,4.63,0.099056,171559.0,794318.0,2389573100.0,2389573100.0,0.000332410073582,20.5392446797,2014-09-30,2014-10-29,71.728684409,0.245590239838,33.0554881362,2.49932016309
sh600981,2015-01-26,5.09,5.09,5.09,5.09,0.099352,359156.0,1828104.0,2626982090.0,2626982090.0,0.000695895128847,22.5798597172,2014-09-30,2014-10-29,78.8550726624,0.269990121346,36.3396169935,2.74763261993
sh600981,2015-01-27,5.6,5.6,5.6,5.6,0.100196,77182.0,432219.0,2890196400.0,2890196400.0,0.000149546653646,24.8422713414,2014-09-30,2014-10-29,86.7560355229,0.297042051545,39.9807012578,3.02293441792
sh600981,2015-01-28,6.16,6.16,6.16,6.16,0.1,201283.0,1239903.0,3179216040.0,3179216040.0,0.000390002838561,27.3264984755,2014-09-30,2014-10-29,95.4316390752,0.326746256699,43.9787713836,3.32522785971
sh600981,2015-01-29,6.78,6.78,6.78,6.78,0.100649,451252.0,3059489.0,3499202070.0,3499202070.0,0.000874338920358,30.0768832206,2014-09-30,2014-10-29,105.036738116,0.35963294069,48.4051907445,3.65990871856
sh600981,2015-01-30,7.46,7.46,7.46,7.46,0.100295,2588841.0,19312754.0,3850154490.0,3850154490.0,0.00501609842155,33.0934442232,2014-09-30,2014-10-29,115.571397766,0.395702326476,53.2599893503,4.02697926349
sh600981,2015-02-02,7.71,8.21,7.46,7.57,0.014745,66781858.0,522941419.0,3906926210.0,3906926210.0,0.129395498632,33.5814070582,2014-09-30,2014-10-29,117.275498026,0.40153695728,54.0453078932,4.08635707273
sh600981,2015-02-03,7.38,7.38,7.0,7.18,-0.051519,33978611.0,243076522.0,3705644670.0,3705644670.0,0.0658364329843,31.851326548,2014-09-30,2014-10-29,111.233581643,0.380850174778,51.2609476759,3.8758320427
sh600981,2015-02-04,7.14,7.38,7.0,7.3,0.016713,28896013.0,207547198.0,3767577450.0,3767577450.0,0.0559884694341,32.3836577686,2014-09-30,2014-10-29,113.092628493,0.387215323749,52.1176718944,3.94060882363
sh600981,2015-02-05,7.31,7.49,7.03,7.36,0.008219,28557397.0,207262207.0,3798543840.0,3798543840.0,0.0553323722914,32.6498190518,2014-09-30,2014-10-29,114.022136807,0.390397846495,52.5460270397,3.97299668755
sh600981,2015-02-06,7.31,7.65,7.21,7.33,-0.004076,25500077.0,189593922.0,3783060650.0,3783060650.0,0.0494085561145,32.5167383894,2014-09-30,2014-10-29,113.557382577,0.388806584873,52.3318494335,3.95680275305
sh600981,2015-02-09,7.2,7.63,7.17,7.62,0.039563,18907455.0,140270584.0,3932731530.0,3932731530.0,0.0366347934002,33.8031981103,2014-09-30,2014-10-29,118.050053304,0.40418893979,54.4022543926,4.11334574037
sh600981,2015-02-10,7.6,7.78,7.45,7.6,-0.002625,23247546.0,177026975.0,3922409400.0,3922409400.0,0.0450440868309,33.7144647152,2014-09-30,2014-10-29,117.740171914,0.403127943823,54.2594484748,4.1025482078
sh600981,2015-02-11,7.54,7.69,7.41,7.6,0.0,15840745.0,119012140.0,3922409400.0,3922409400.0,0.0306927833693,33.7144647152,2014-09-30,2014-10-29,117.740171914,0.403127943823,54.2594484748,4.1025482078
sh600981,2015-02-12,7.53,8.36,7.53,8.05,0.059211,36104922.0,286293834.0,4154657330.0,4154657330.0,0.0699563403223,35.7107318855,2014-09-30,2014-10-29,124.711685233,0.426997552505,57.4722046785,4.34546418974
sh600981,2015-02-13,8.1,8.1,7.8,7.94,-0.013665,21940023.0,172924890.0,4097885610.0,4097885610.0,0.0425106504181,35.2227447343,2014-09-30,2014-10-29,123.007500055,0.42116263095,56.6868470015,4.28608342158
sh600981,2015-02-16,7.84,7.92,7.69,7.79,-0.018892,14245994.0,111167080.0,4020469640.0,4020469640.0,0.0276028183762,34.5573166407,2014-12-31,2015-02-14,239.279148962,0.443876784053,-12.5215855418,4.28538736879
sh600981,2015-02-17,7.85,7.87,7.64,7.78,-0.001284,10726562.0,83118858.0,4015308570.0,4015308570.0,0.02078362121,34.5129450462,2014-12-31,2015-02-14,238.971914535,0.443306846263,-12.505507826,4.27988493141
sh600981,2015-02-25,7.7,7.8,7.6,7.69,-0.011568,9367126.0,71945890.0,3968858990.0,3968858990.0,0.0181495989456,34.1136992979,2014-12-31,2015-02-14,236.207487427,0.438178672665,-12.3608441115,4.23037522253
sh600981,2015-02-26,7.67,7.84,7.62,7.77,0.010403,8359031.0,64827405.0,4010147510.0,4010147510.0,0.0161963296133,34.4685841117,2014-12-31,2015-02-14,238.664753919,0.442737045397,-12.4894339728,4.27438381597
sh600981,2015-02-27,7.8,7.85,7.68,7.73,-0.005148,9052774.0,70045487.0,3989503250.0,3989503250.0,0.0175405153561,34.2911398407,2014-12-31,2015-02-14,237.436107766,0.440457835087,-12.4251383667,4.25237928808
sh600981,2015-03-02,7.76,8.22,7.63,8.18,0.058215,20009570.0,159291728.0,4221751170.0,4221751170.0,0.038770234438,36.2873985465,2014-12-31,2015-02-14,251.258450779,0.466099087957,-13.1484677967,4.49993154834
sh600981,2015-03-03,8.15,8.63,8.1,8.26,0.00978,27908889.0,233293873.0,4263039690.0,4263039690.0,0.0540758331856,36.6422893043,2014-12-31,2015-02-14,253.715758428,0.470657537037,-13.2770598117,4.54394087888
sh600981,2015-03-04,8.2,8.68,8.16,8.58,0.038741,14497400.0,121730856.0,4428193770.0,4428193770.0,0.0280899388014,38.0618482342,2014-12-31,2015-02-14,263.544960625,0.488891280679,-13.7914263859,4.71997769247
sh600981,2015-03-05,8.57,9.44,8.42,9.27,0.08042,29938994.0,265789030.0,4784307260.0,4784307260.0,0.0580093332843,41.1227820692,2014-12-31,2015-02-14,284.739246359,0.528207917472,-14.9005328958,5.0995582985
sh600981,2015-03-06,8.99,9.64,8.73,8.97,-0.032362,24272421.0,221640944.0,4629475310.0,4629475310.0,0.0470298687844,39.7919665959,2014-12-31,2015-02-14,275.524514868,0.511114052846,-14.4183218503,4.93452639284
sh600981,2015-03-09,8.9,8.91,8.42,8.75,-0.024526,13258080.0,115321871.0,4515931880.0,4515931880.0,0.0256886514417,38.8160288231,2014-12-31,2015-02-14,268.767000616,0.498578469586,-14.0646980886,4.81350219853
sh600981,2015-03-10,8.74,8.97,8.61,8.71,-0.004571,9515570.0,83243074.0,4495287620.0,4495287620.0,0.0184372217545,38.6386007554,2014-12-31,2015-02-14,267.538466657,0.496299467402,-14.0004083536,4.79149967998
sh600981,2015-03-11,8.8,9.24,8.65,9.13,0.04822,14088982.0,126321352.0,4712052350.0,4712052350.0,0.0272985943503,40.5017540838,2014-12-31,2015-02-14,280.439171519,0.52023102772,-14.6755080444,5.02254579455
sh600981,2015-03-12,9.4,9.4,8.8,8.82,-0.033954,10600362.0,95216677.0,4552059330.0,4552059330.0,0.020539098035,39.1265575257,2014-12-31,2015-02-14,270.917139889,0.502567103405,-14.1772158443,4.85201027464
sh600981,2015-03-13,8.85,8.95,8.7,8.85,0.003401,6789208.0,59756952.0,4567542530.0,4567542530.0,0.0131546647689,39.2596269478,2014-12-31,2015-02-14,271.838529082,0.504276334123,-14.2254325554,4.86851196158
sh600981,2015-03-16,8.82,9.06,8.81,9.01,0.018079,8986081.0,80541148.0,4650119570.0,4650119570.0,0.0174112920305,39.9694017434,2014-12-31,2015-02-14,276.753097849,0.513393145968,-14.4826141505,4.95652978934
sh600981,2015-03-17,9.01,9.27,8.92,9.16,0.016648,12578988.0,114314113.0,4727535540.0,4727535540.0,0.0243728532774,40.6348123436,2014-12-31,2015-02-14,281.360483422,0.521940115062,-14.7237207109,5.03904609727
sh600981,2015-03-18,9.26,9.69,9.25,9.38,0.024017,15395447.0,145878276.0,4841078970.0,4841078970.0,0.0298299808276,41.6107386317,2014-12-31,2015-02-14,288.117918152,0.534475550806,-15.0773403112,5.16006886739
sh600981,2015-03-19,9.4,9.4,9.12,9.24,-0.014925,12302256.0,113369718.0,4768824060.0,4768824060.0,0.0238366616193,40.9896983576,2014-12-31,2015-02-14,283.817758224,0.52649850321,-14.8523110071,5.08305483954
sh600981,2015-03-20,9.22,9.26,9.13,9.18,-0.006494,7816816.0,71821087.0,4737857670.0,4737857670.0,0.0151457422063,40.7235112565,2014-12-31,2015-02-14,281.974645702,0.52307942193,-14.7558600994,5.05004548142
sh600981,2015-03-23,9.23,9.69,9.13,9.44,0.028322,15480785.0,145966190.0,4872045360.0,4872045360.0,0.0299953304211,41.8768825423,2014-12-31,2015-02-14,289.960731618,0.537894077318,-15.1737755691,5.19307286954
sh600981,2015-03-24,9.5,9.56,8.92,9.22,-0.023305,15143541.0,139336084.0,4758501930.0,4758501930.0,0.0293418916445,40.9009417946,2014-12-31,2015-02-14,283.203196767,0.525358455846,-14.8201507295,5.07204830632
sh600981,2015-03-25,9.68,9.72,9.25,9.37,0.016269,15348767.0,145380234.0,4835917910.0,4835917910.0,0.0297395343483,41.5663592167,2014-12-31,2015-02-14,287.810629575,0.533905512564,-15.0612597617,5.15456546021
sh600981,2015-03-26,9.2,9.29,8.96,9.17,-0.021345,10090007.0,92169529.0,4732696610.0,4732696610.0,0.0195502420321,40.6791252792,2014-12-31,2015-02-14,281.667311687,0.522509299398,-14.7397771721,5.04454126046
sh600981,2015-03-27,9.12,9.42,9.1,9.26,0.009815,6214172.0,57521183.0,4779146190.0,4779146190.0,0.0120404838924,41.0783908938,2014-12-31,2015-02-14,284.431876351,0.527637728172,-14.884448085,5.09405343293
sh600981,2015-03-30,9.26,9.38,9.19,9.24,-0.00216,10267526.0,95020606.0,4768824060.0,4768824060.0,0.0198942001312,40.9896615695,2014-12-31,2015-02-14,283.817503498,0.526498030679,-14.8522976772,5.08305027752
sh600981,2015-03-31,9.26,9.49,9.13,9.39,0.016234,12981639.0,121051655.0,4846240040.0,4846240040.0,0.0251530236232,41.6550877354,2014-12-31,2015-02-14,288.42499685,0.535045199709,-15.0934098777,5.16556851572
sh600981,2015-04-01,9.33,9.55,9.31,9.5,0.011715,10951203.0,103552069.0,4903011750.0,4903011750.0,0.0212188821493,42.1430770882,2014-12-31,2015-02-14,291.803895688,0.541313254224,-15.2702291744,5.22608315089
sh600981,2015-04-02,9.5,10.45,9.5,10.45,0.1,32765928.0,338357194.0,5393312930.0,5393312930.0,0.0634867570349,46.357384797,2014-12-31,2015-02-14,320.984285257,0.595444579646,-16.7972520918,5.74869146597
sh600981,2015-04-03,10.6,11.17,10.31,10.72,0.025837,28459373.0,304540274.0,5532661680.0,5532661680.0,0.0551424424998,47.555120548,2014-12-31,2015-02-14,329.277556235,0.61082908125,-17.2312426941,5.89722040738
sh600981,2015-04-07,10.72,10.94,10.47,10.91,0.017724,16712978.0,179745435.0,5630721920.0,5630721920.0,0.0323828085582,48.3979875046,2014-12-31,2015-02-14,335.113671642,0.621655415887,-17.5366492396,6.00174274188
sh600981,2015-04-08,11.12,11.7,10.8,11.66,0.068744,21874376.0,244153713.0,6017801790.0,6017801790.0,0.0423834538027,51.7250587577,2014-12-31,2015-02-14,358.150725885,0.664390495796,-18.742188655,6.41432654493
sh600981,2015-04-09,11.79,12.83,11.51,12.31,0.055746,28638212.0,349686830.0,6353271020.0,6353271020.0,0.0554889581462,54.6085238832,2014-12-31,2015-02-14,378.116196251,0.701427608375,-19.7869907037,6.7718995925
sh600981,2015-04-10,12.34,12.35,11.8,12.01,-0.02437,19188805.0,230182097.0,6198439070.0,6198439070.0,0.037179932794,53.2777141561,2014-12-31,2015-02-14,368.901504548,0.684333817559,-19.3047817403,6.60686839943
sh600981,2015-04-13,12.0,12.07,11.68,12.01,0.0,17680896.0,209743561.0,6198439070.0,6198439070.0,0.0342582315583,53.2777141561,2014-12-31,2015-02-14,368.901504548,0.684333817559,-19.3047817403,6.60686839943
sh600981,2015-04-14,11.81,11.94,11.68,11.72,-0.024147,10952874.0,128679327.0,6048768180.0,6048768180.0,0.0212221198532,51.9912171924,2014-12-31,2015-02-14,359.993639918,0.667809208866,-18.8386291756,6.44733234819
sh600981,2015-04-15,11.64,11.64,10.6,10.74,-0.083618,16740036.0,186005464.0,5542983810.0,5542983810.0,0.0324352357508,47.6438155932,2014-12-31,2015-02-14,329.891691735,0.611968338439,-17.2633806812,5.9082193119
sh600981,2015-04-16,10.69,10.99,10.23,10.82,0.007449,12702081.0,134733514.0,5584272330.0,5584272330.0,0.024611356377,47.9987143756,2014-12-31,2015-02-14,332.349054947,0.616526890592,-17.3919756039,5.95222963756
sh600981,2015-04-17,11.0,11.49,10.88,10.96,0.012939,11908329.0,132615947.0,5656527240.0,5656527240.0,0.0230733947354,48.6197697409,2014-12-31,2015-02-14,336.649319369,0.62450413203,-17.6170103762,6.02924553684
sh600981,2015-04-20,10.88,10.9,10.5,10.52,-0.040146,11773263.0,125689584.0,5429440380.0,5429440380.0,0.0228116929355,46.6678804648,2014-12-31,2015-02-14,323.134195793,0.599432789145,-16.9097578777,5.78719544551
sh600981,2015-04-21,10.31,10.9,10.31,10.89,0.035171,9090116.0,97150362.0,5620399790.0,5620399790.0,0.0176128686461,48.3092364887,2014-12-31,2015-02-14,334.499148594,0.620515439772,-17.504490972,5.99073689653
sh600981,2015-04-22,10.92,11.49,10.92,11.33,0.040404,12468833.0,141049714.0,5847486650.0,5847486650.0,0.0241594186265,50.2611228798,2014-12-31,2015-02-14,348.014252193,0.645586745601,-18.2117424252,6.2327866301
sh600981,2015-04-23,11.47,12.33,11.39,12.0,0.059135,19539220.0,232560775.0,6193278000.0,6193278000.0,0.0378588915272,53.2333143813,2014-12-31,2015-02-14,368.594074997,0.683763517802,-19.2886938135,6.60136246747
sh600981,2015-04-24,11.94,11.94,11.42,11.67,-0.0275,12392865.0,144641979.0,6022962860.0,6022962860.0,0.0240122242012,51.7693982358,2014-12-31,2015-02-14,358.457737934,0.664960021062,-18.7582547336,6.41982499961
sh600981,2015-04-27,11.7,12.13,11.5,11.77,0.008569,13439796.0,158099608.0,6074573510.0,6074573510.0,0.0260407415697,52.2130102093,2014-12-31,2015-02-14,361.529362291,0.670658063483,-18.9189942185,6.47483648003
sh600981,2015-04-28,11.52,11.75,11.01,11.1,-0.056924,13747519.0,155921694.0,5728782150.0,5728782150.0,0.0266369809332,49.2408368161,2015-03-31,2015-04-28,355.769230769,0.617442448801,131.66010343,5.93173376028
sh600981,2015-04-29,11.09,11.35,10.79,11.24,0.012613,8215700.0,91125826.0,5801037060.0,5801037060.0,0.015918613697,49.8619114909,2015-03-31,2015-04-28,360.256548077,0.625230250408,133.320732315,6.00655071819
sh600981,2015-04-30,11.26,11.3,11.09,11.16,-0.007117,7803609.0,87338769.0,5759748540.0,5759748540.0,0.0151201525267,49.5070442668,2015-03-31,2015-04-28,357.692602224,0.620780486716,132.371888663,5.96380209673
sh600981,2015-05-04,11.16,11.67,11.15,11.42,0.023297,8658273.0,98841321.0,5893936230.0,5893936230.0,0.0167761363207,50.6604098771,2015-03-31,2015-04-28,366.025766778,0.635242809715,135.455756553,6.10274079418
sh600981,2015-05-05,11.43,11.58,10.85,10.96,-0.04028,8650981.0,96680970.0,5656527240.0,5656527240.0,0.0167620074539,48.6198085672,2015-03-31,2015-04-28,351.282248892,0.60965522934,129.999598679,5.85692239499
sh600981,2015-05-06,10.98,11.15,10.55,10.65,-0.028285,6077201.0,66349470.0,5496534230.0,5496534230.0,0.0117750909831,47.2445972819,2015-03-31,2015-04-28,341.346230483,0.592411131178,126.322560031,5.69125934505
sh600981,2015-05-07,10.62,10.62,10.13,10.15,-0.046948,7855139.0,80919420.0,5238480980.0,5238480980.0,0.0152199962459,45.0265579287,2015-03-31,2015-04-28,325.320707654,0.564598613391,120.391968482,5.42406610132
sh600981,2015-05-08,10.19,10.66,10.19,10.63,0.047291,7202087.0,74855400.0,5486212100.0,5486212100.0,0.0139546527576,47.1559088797,2015-03-31,2015-04-28,340.705449239,0.591299046417,126.085425064,5.68057561131
sh600981,2015-05-11,10.65,11.26,10.63,11.19,0.052681,9217556.0,101455162.0,5775231740.0,5775231740.0,0.0178597944262,49.6401293154,2015-03-31,2015-04-28,358.654153011,0.622449271481,132.727731342,5.97983401509
sh600981,2015-05-12,11.23,11.62,11.23,11.38,0.016979,10083426.0,114891655.0,5873291970.0,5873291970.0,0.0195374908086,50.4829690711,2015-03-31,2015-04-28,364.743741875,0.633017837662,134.981315492,6.08136561684
sh600981,2015-05-13,11.28,11.55,11.1,11.16,-0.019332,11628881.0,131080254.0,5759748540.0,5759748540.0,0.0225319405975,49.507032313,2015-03-31,2015-04-28,357.692515857,0.620780336824,132.371856701,5.96380065673
sh600981,2015-05-14,11.18,12.28,11.08,12.16,0.089606,25703801.0,303224479.0,6275855040.0,6275855040.0,0.0498032886623,53.9431594504,2015-03-31,2015-04-28,389.743911433,0.676405979686,144.233169292,6.49819297838
sh600981,2015-05-15,12.25,13.38,11.79,13.36,0.098684,32773458.0,411813550.0,6895182840.0,6895182840.0,0.0635013471057,59.2664861976,2015-03-31,2015-04-28,428.205399589,0.743156427385,158.466675371,7.13946065426
sh600981,2015-05-18,13.02,14.18,12.55,13.23,-0.009731,28233807.0,381987058.0,6828089000.0,6828089000.0,0.0547053892546,58.6897640204,2015-03-31,2015-04-28,424.038532845,0.73592477219,156.924636153,7.06998656263
sh600981,2015-05-19,13.2,13.69,12.99,13.25,0.001512,15003169.0,198814043.0,6838411130.0,6838411130.0,0.0290699089995,58.7785029436,2015-03-31,2015-04-28,424.679679107,0.737037490446,157.161906203,7.08067638231
sh600981,2015-05-20,13.5,13.88,13.27,13.56,0.023396,15313795.0,207213368.0,6998404140.0,6998404140.0,0.0296717731708,60.1536847985,2015-03-31,2015-04-28,434.615484879,0.754281219572,160.83886616,7.24633588695
sh600981,2015-05-21,13.56,14.92,13.4,14.92,0.100294985251,23163600.0,336110000.0,7700000000.0,7700000000.0,0.0448832353247,66.1867977281,2015-03-31,2015-04-28,478.205238525,0.829931843364,176.970197869,7.97310703786
sh600981,2015-05-22,15.1,15.63,14.5,15.14,0.014745308311,24073900.0,363680000.0,7814000000.0,7814000000.0,0.0466443365754,67.1627424668,2015-03-31,2015-04-28,485.256522203,0.842169444271,179.579677999,8.09067295933
sh600981,2015-05-25,14.9,15.61,14.71,15.32,0.0118890356671,17409300.0,266080000.0,7907000000.0,7907000000.0,0.0337309315796,67.9612427074,2015-03-31,2015-04-28,491.025754303,0.852182026832,181.714707196,8.18686325871
sh600981,2015-05-26,15.35,15.64,14.8,15.41,0.00587467362924,22235300.0,338350000.0,7953000000.0,7953000000.0,0.0430838643279,68.3604928278,2015-03-31,2015-04-28,493.910370353,0.857188318112,182.782221794,8.2349584084
sh600981,2015-05-27,15.38,15.38,14.81,15.01,-0.0259571706684,19844900.0,297860000.0,7747000000.0,7747000000.0,0.0384499740545,66.5860478485,2015-03-31,2015-04-28,481.089854575,0.834938134644,178.037712468,8.02120218755
sh600981,2015-05-28,15.03,16.4,14.9,15.08,0.00466355762825,28262900.0,442760000.0,7783000000.0,7783000000.0,0.0547609574714,66.8965757199,2015-03-31,2015-04-28,483.333444836,0.838831916751,178.8680016,8.0586095262
sh600981,2015-05-29,15.5,16.08,14.2,15.91,0.0550397877984,28899300.0,448260000.0,8211000000.0,8211000000.0,0.0559965732554,70.5785490519,2015-03-31,2015-04-28,509.936015076,0.885001047448,188.712858452,8.50215368447
sh600981,2015-06-01,16.33,17.5,16.32,17.5,0.0999371464488,22765800.0,389400000.0,9032000000.0,9032000000.0,0.0441099977857,77.6319678447,2015-03-31,2015-04-28,560.897565294,0.973445526734,207.572283024,9.35183466237
sh600981,2015-06-02,18.0,19.25,18.0,19.25,0.1,21453500.0,404520000.0,9935000000.0,9935000000.0,0.0415681806744,85.3951646291,2015-03-31,2015-04-28,616.987321823,1.07079007941,228.329511326,10.2870181286
sh600981,2015-06-03,20.32,20.32,18.5,19.11,-0.00727272727273,25328500.0,489680000.0,9863000000.0,9863000000.0,0.049075092264,84.7741088864,2015-03-31,2015-04-28,612.500141301,1.06300251519,226.668933062,10.2122034513
sh600981,2015-06-04,19.34,20.0,17.56,19.78,0.0350601779173,21166200.0,404280000.0,10209000000.0,10209000000.0,0.0410096420805,87.7463042267,2015-03-31,2015-04-28,633.97450523,1.1002715725,234.615986184,10.5702451212
sh600981,2015-06-05,20.07,20.66,19.15,19.79,0.000505561172902,21560100.0,433680000.0,10214000000.0,10214000000.0,0.0417734853143,87.7906653512,2015-03-31,2015-04-28,634.295018124,1.10082782709,234.734598917,10.5755890268
sh600981,2015-06-08,19.89,19.9,18.18,18.24,-0.078322385043,26614400.0,497360000.0,9414000000.0,9414000000.0,0.0515664601657,80.9146910564,2015-03-31,2015-04-28,584.615519484,1.01460836615,216.349625277,9.74728367095
sh600981,2015-06-09,17.78,18.9,17.35,18.6,0.0197368421053,17816100.0,326200000.0,9600000000.0,9600000000.0,0.03451869375,82.5116915378,2015-03-31,2015-04-28,596.153983684,1.03463353127,220.619683671,9.93966426972
sh600981,2015-06-10,18.51,19.49,18.01,19.1,0.0268817204301,16513300.0,312960000.0,9858000000.0,9858000000.0,0.0319947281396,84.7297477619,2015-03-31,2015-04-28,612.179628407,1.06244626061,226.550320329,10.2068595458
sh600981,2015-06-11,19.71,20.13,19.29,19.62,0.0272251308901,15177600.0,298440000.0,10126000000.0,10126000000.0,0.0294079115149,87.036526235,2015-03-31,2015-04-28,628.846298918,1.09137149912,232.718182453,10.4847426329
sh600981,2015-06-12,19.62,21.58,19.41,21.58,0.0998980632008,17882200.0,369540000.0,11138000000.0,11138000000.0,0.0346469631891,95.7313066336,2015-03-31,2015-04-28,691.666826231,1.20039739811,255.966278152,11.5321481151
sh600981,2015-06-15,22.51,23.74,22.0,23.74,0.100092678406,15887700.0,370840000.0,12252000000.0,12252000000.0,0.0307846880509,105.313309522,2015-03-31,2015-04-28,760.897611433,1.32054838884,281.586628513,12.6864317077
sh600981,2015-06-16,24.0,25.95,22.0,24.18,0.0185341196293,31713000.0,749390000.0,12479000000.0,12479000000.0,0.061448861287,107.265198999,2015-03-31,2015-04-28,775.000178789,1.34502359065,286.805588772,12.9215635506
sh600981,2015-06-17,23.28,25.38,23.01,23.94,-0.00992555831266,19708300.0,474630000.0,12356000000.0,12356000000.0,0.0381852300097,106.200532011,2015-03-31,2015-04-28,767.307869322,1.33167348057,283.958883177,12.7933098181
sh600981,2015-06-26,21.55,21.55,21.55,21.55,-0.0998329156224,1298100.0,27970000.0,11122000000.0,11122000000.0,0.00251520005395,95.5982232601,2015-03-31,2015-04-28,690.705287548,1.19872863435,255.610439952,11.5161163985
sh600981,2015-06-29,19.4,19.4,19.4,19.4,-0.0997679814385,1080300.0,20960000.0,10012000000.0,10012000000.0,0.00209327007591,86.0605814964,2015-03-31,2015-04-28,621.79501524,1.07913389821,230.108702324,10.3671767114
sh600981,2015-06-30,17.46,19.4,17.46,17.46,-0.1,32261000.0,578280000.0,9011000000.0,9011000000.0,0.0625099389635,77.4545233467,2015-03-31,2015-04-28,559.615513716,0.971220508387,207.097832091,9.33045904028
sh600981,2015-07-01,16.75,17.59,15.71,15.71,-0.100229095074,25683300.0,422170000.0,8108000000.0,8108000000.0,0.0497637694869,69.6913265623,2015-03-31,2015-04-28,503.525757187,0.873875955714,186.340603789,8.39527557404
sh600981,2015-07-02,14.35,15.55,14.14,14.14,-0.0999363462763,18094400.0,258840000.0,7298000000.0,7298000000.0,0.0350582099205,62.7266300185,2015-03-31,2015-04-28,453.205232758,0.786543985601,167.718404683,7.55628240719
sh600981,2015-07-03,12.73,13.3,12.73,12.73,-0.0997171145686,10359500.0,132290000.0,6570000000.0,6570000000.0,0.0200725167428,56.4717114664,2015-03-31,2015-04-28,408.01291464,0.708112088875,150.994009308,6.80279172868
sh600981,2015-07-06,13.21,13.74,11.46,11.46,-0.0997643362137,22885100.0,277140000.0,5915000000.0,5915000000.0,0.0443386721893,50.8378486571,2015-03-31,2015-04-28,367.307777044,0.637467756364,135.930192197,6.12411572747
sh600981,2015-07-07,10.31,10.31,10.31,10.31,-0.10034904014,692900.0,7140000.0,5321000000.0,5321000000.0,0.00134256699868,45.7363193416,2015-03-31,2015-04-28,330.448794182,0.573498478893,122.289727884,5.50956659251
sh600981,2015-07-08,9.28,9.28,9.28,9.28,-0.0999030067895,554500.0,5150000.0,4789000000.0,4789000000.0,0.00107449571936,41.1671235199,2015-03-31,2015-04-28,297.435966053,0.516204256462,110.072616369,4.95914432381
sh600981,2015-07-13,10.21,10.21,10.21,10.21,0.100215517241,732500.0,7480000.0,5269000000.0,5269000000.0,0.00141940121465,45.2927080968,2015-03-31,2015-04-28,327.243665237,0.567935933026,121.103600553,5.4561275373
sh600981,2015-07-14,11.23,11.23,11.23,11.23,0.0999020568071,360800.0,4050000.0,5796000000.0,5796000000.0,0.000699065562457,49.817542794,2015-03-31,2015-04-28,359.935980472,0.62467390087,133.202099335,6.00120590048
sh600981,2015-07-15,12.35,12.35,10.11,10.11,-0.099732858415,41996900.0,469750000.0,5218000000.0,5218000000.0,0.0813699998084,44.849096852,2015-03-31,2015-04-28,324.038536293,0.562373387159,119.917473221,5.40268848209
sh600981,2015-07-16,9.3,10.72,9.15,10.19,0.00791295746785,25246000.0,253020000.0,5259000000.0,5259000000.0,0.048917425366,45.2039858478,2015-03-31,2015-04-28,326.602639448,0.566823423852,120.866375086,5.44543972626
sh600981,2015-07-17,10.21,11.21,10.08,11.21,0.100098135427,25633500.0,276770000.0,5786000000.0,5786000000.0,0.0496632449015,49.7288205451,2015-03-31,2015-04-28,359.294954683,0.623561391696,132.964873868,5.99051808944
sh600981,2015-07-20,11.29,12.16,11.11,12.0,0.0704727921499,30334500.0,356430000.0,6193000000.0,6193000000.0,0.0587782980785,53.2333493792,2015-03-31,2015-04-28,384.615473344,0.667505504046,142.335279788,6.41268662562
sh600981,2015-07-21,11.9,12.45,11.5,12.12,0.01,22987700.0,278950000.0,6255000000.0,6255000000.0,0.0445421141487,53.765682873,2015-03-31,2015-04-28,388.461628078,0.674180559086,143.758632586,6.47681349188
sh600981,2015-07-22,12.09,12.88,11.9,12.66,0.0445544554455,27570100.0,342670000.0,6534000000.0,6534000000.0,0.053418651056,56.1611835951,2015-03-31,2015-04-28,405.769324378,0.704218306769,150.163720176,6.76538439003
sh600981,2015-07-23,12.7,13.17,12.36,13.1,0.0347551342812,24834600.0,318200000.0,6761000000.0,6761000000.0,0.0481191036829,58.1130730723,2015-03-31,2015-04-28,419.871891734,0.728693508584,155.382680435,7.00051623297
sh600981,2015-07-24,13.02,13.55,12.72,12.95,-0.00993883792049,29143100.0,382800000.0,6684000000.0,6684000000.0,0.0564636662178,57.535496658,2015-03-31,2015-04-28,415.698853055,0.721451141908,153.838357159,6.93093923677
sh600981,2015-07-27,12.4,12.95,11.66,11.66,-0.0996138996139,22924400.0,282570000.0,6018000000.0,6018000000.0,0.0444165011632,51.8041614696,2015-03-31,2015-04-28,374.289469237,0.649584580282,138.513918492,6.24052135141
sh600981,2015-07-28,10.5,11.7,10.49,10.49,-0.100343053173,27529000.0,295870000.0,5414000000.0,5414000000.0,0.0533393442926,46.6059737407,2015-03-31,2015-04-28,336.732121123,0.584403280202,124.615009003,5.61432838562
sh600981,2015-07-29,11.0,11.54,10.73,11.54,0.100095328885,25419500.0,283090000.0,5956000000.0,5956000000.0,0.0492513482203,51.2710140103,2015-03-31,2015-04-28,370.437433533,0.642899318735,137.088389313,6.17629643184
sh600981,2015-07-30,11.94,12.69,11.6,12.69,0.0996533795494,31951600.0,399630000.0,6549000000.0,6549000000.0,0.0619126284929,56.3803438293,2015-03-31,2015-04-28,407.352775696,0.706966408557,150.749710606,6.79178524437
sh600981,2015-08-03,11.9,11.9,11.42,11.42,-0.100078802206,13733300.0,158340000.0,5894000000.0,5894000000.0,0.0266091425178,50.7378665509,2015-03-31,2015-04-28,366.585397829,0.636214057188,135.662860135,6.11207151227
sh600981,2015-08-04,10.91,12.16,10.32,12.05,0.0551663747811,28058900.0,317760000.0,6219000000.0,6219000000.0,0.0543672206142,53.5368907126,2015-03-31,2015-04-28,386.808585275,0.671311680308,143.146888321,6.44925234001
sh600981,2015-08-05,11.8,12.0,11.1,11.28,-0.0639004149378,22945800.0,265260000.0,5822000000.0,5822000000.0,0.0444569948471,50.1158611816,2015-03-31,2015-04-28,362.091356175,0.628414585384,133.99974276,6.03714243944
sh600981,2015-08-06,10.8,11.19,10.6,10.83,-0.0398936170213,13103100.0,142640000.0,5589000000.0,5589000000.0,0.0253903333333,48.1165582089,2015-03-31,2015-04-28,347.646222285,0.603344854584,128.654008342,5.79629899106
sh600981,2015-08-07,10.75,11.36,10.75,11.22,0.0360110803324,14195100.0,158070000.0,5791000000.0,5791000000.0,0.0275028530478,49.8492874519,2015-03-31,2015-04-28,360.165338323,0.625071954611,133.286978171,6.00502997966
sh600981,2015-08-10,11.37,12.34,11.2,12.33,0.0989304812834,25250200.0,299190000.0,6364000000.0,6364000000.0,0.0489212705845,54.7809014512,2015-03-31,2015-04-28,395.796668585,0.686910623917,146.473123071,6.59911048567
sh600981,2015-08-11,12.25,13.15,12.02,12.71,0.0308191403082,34776600.0,439570000.0,6560000000.0,6560000000.0,0.0673796625,56.4692017392,2015-03-31,2015-04-28,407.994781647,0.708080618815,150.987298802,6.80248939764
sh600981,2015-08-12,12.49,12.88,12.11,12.14,-0.044846577498,21999600.0,275410000.0,6266000000.0,6266000000.0,0.0426229083945,53.9367513072,2015-03-31,2015-04-28,389.697612053,0.676325626468,144.216035205,6.49742102968
sh600981,2015-08-13,12.23,13.35,12.23,13.35,0.0996705107084,29703100.0,378730000.0,6890000000.0,6890000000.0,0.0575524506531,59.3126548559,2015-03-31,2015-04-28,428.538972068,0.743735347063,158.590121086,7.145022302
sh600981,2015-08-14,13.65,14.15,13.36,13.45,0.00749063670412,33330300.0,459110000.0,6942000000.0,6942000000.0,0.0645768560933,59.7569444054,2015-03-31,2015-04-28,431.749001822,0.749306398352,159.778062068,7.19854306831
sh600981,2015-08-17,13.48,14.08,12.8,13.96,0.0379182156134,26220100.0,348750000.0,7205000000.0,7205000000.0,0.0508025809854,62.0228211077,2015-03-31,2015-04-28,448.120153564,0.777718759926,165.836561076,7.47149897647
sh600981,2015-08-18,13.96,14.09,12.56,12.56,-0.100286532951,23692700.0,312510000.0,6482000000.0,6482000000.0,0.0459087182968,55.802767415,2015-03-31,2015-04-28,403.179737017,0.699724041881,149.205387329,6.72220824817
sh600981,2015-08-19,11.6,12.87,11.3,12.52,-0.0031847133758,22009400.0,262990000.0,6462000000.0,6462000000.0,0.0426427867533,55.6250515952,2015-03-31,2015-04-28,401.895725116,0.697495621366,148.730210936,6.70079994165
sh600981,2015-08-20,12.75,13.05,11.99,12.02,-0.0399361022364,17408900.0,219450000.0,6204000000.0,6204000000.0,0.0337290422308,53.4036038478,2015-03-31,2015-04-28,385.845576349,0.669640364922,142.790506027,6.43319611012
sh600981,2015-08-21,11.52,11.96,10.87,11.07,-0.0790349417637,15221000.0,174060000.0,5713000000.0,5713000000.0,0.0294935182916,49.1828531277,2015-03-31,2015-04-28,355.350293693,0.616715377677,131.505066698,5.9247488302
